                   y                  ym                   U                   V                   W                 U^2                 V^2                 W^2                  UV                  VW                  UW                VISC               SFSxx               SFSyy               SFSzz               SFSxy               SFSyz                dUdX                dVdX                dWdX                dUdY                dVdY                dWdY                dUdZ                dVdZ                dWdZ              SFSxym
 -5.844822281166E-01 -2.922411140583E-01  0.000000000000E+00  0.000000000000E+00  0.000000000000E+00  0.000000000000E+00  0.000000000000E+00  0.000000000000E+00  0.000000000000E+00  0.000000000000E+00  0.000000000000E+00  0.000000000000E+00  0.000000000000E+00  0.000000000000E+00  0.000000000000E+00  0.000000000000E+00  0.000000000000E+00  0.000000000000E+00  0.000000000000E+00  0.000000000000E+00  0.000000000000E+00  0.000000000000E+00  0.000000000000E+00  0.000000000000E+00  0.000000000000E+00  0.000000000000E+00  0.000000000000E+00
 -4.247486258811E-17  2.922411140583E-01  3.785709165727E+00 -1.647428345136E-14 -2.658288390137E-01  1.494445982715E+01  2.512400149137E-02  3.504556901873E-01 -6.617077138323E-02 -2.331661211169E-03 -1.007725418411E+00  1.424556932319E-01  1.220851980666E-03  8.998194452367E-03 -1.021904643369E-02 -1.935657577555E+00  7.305466652563E-02 -3.533330359401E-03 -5.587403281230E-04  2.330296753535E-04  1.235311474454E+02  3.533330358827E-03 -7.491310880875E+00  1.789711953866E-19  2.385813024356E-21 -6.904267591556E-20 -1.086344428704E-02
  5.844822281166E-01  8.767233554515E-01  5.239541712418E+00  8.681837834637E-16 -2.815527158840E-01  2.853715526335E+01  9.736322003296E-02  3.747211864592E-01 -1.709165099596E-01 -2.089436577572E-03 -1.483609082549E+00  4.965628650065E-01  2.088185508903E-01 -8.387007317976E-02 -1.249484777113E-01 -8.438295666291E-01  2.930987004223E-02  1.380336707836E-03 -8.579767781147E-04  8.627318067283E-05  2.524026186577E+01 -1.380336705531E-03 -1.926543465089E-01 -1.070753491530E-19  1.523236928297E-21  1.750287563106E-19 -5.379966736677E-02
  1.168964482786E+00  1.461205623082E+00  5.629695828967E+00  6.632382326449E-15 -2.798539102416E-01  3.253333078259E+01  1.232646736842E-01  3.562238164676E-01 -1.536510676013E-01 -2.398795531650E-03 -1.581498208706E+00  4.601382122889E-01  8.901088099380E-02 -1.014608416312E-01  1.244996063781E-02 -3.648874149171E-01 -1.329243179647E-02  1.115730097944E-03 -4.393864296587E-04 -1.054283293592E-05  1.098139947668E+01 -1.115730098674E-03  3.596753934590E-02  1.562889713557E-19 -4.713278725232E-20 -1.314427710298E-19 -2.239632808269E-02
  1.753446763377E+00  2.045687167303E+00  6.041864910872E+00 -1.456477260914E-14 -2.789163805769E-01  3.732727066256E+01  1.389189880960E-01  3.471174129923E-01 -1.652317225810E-01 -2.018821826073E-03 -1.687655284730E+00  4.432975564135E-01  8.201953829113E-02 -9.211473792775E-02  1.009519963756E-02 -3.655239085040E-01  7.465653221403E-04  5.066468418011E-04 -2.053626033302E-04 -1.287663667398E-05  9.527747876452E+00 -5.066468408448E-04  8.346153509157E-02 -7.732138902204E-21 -1.015057215491E-19 -2.069493712244E-19 -1.946646923782E-02
  2.337927571228E+00  2.630168736496E+00  6.325806216694E+00  2.385811020993E-15 -2.737524930124E-01  4.076680043722E+01  1.503668605684E-01  3.379768602282E-01 -1.610268230971E-01 -1.843306165705E-03 -1.735677881469E+00  4.099901352086E-01  6.465508559774E-02 -8.508466465130E-02  2.042957905283E-02 -2.536471357752E-01 -2.357110730990E-03  2.373509051312E-04 -8.937928309991E-05  7.284103729953E-06  7.240437335798E+00 -2.373509037669E-04  1.333408891666E-01  1.005243446165E-19  1.096441670737E-19 -2.939172660462E-19 -1.437523760911E-02
  2.922409901764E+00  3.214651079044E+00  6.570859833168E+00  1.007454507662E-14 -2.691707643391E-01  4.388589305324E+01  1.586586629563E-01  3.312101877511E-01 -1.609074203268E-01 -1.877431113788E-03 -1.771605209058E+00  3.894698207017E-01  5.605312778724E-02 -7.969307061105E-02  2.363994282333E-02 -2.100671086545E-01 -2.514115771835E-03  1.329811190904E-04 -3.608759824709E-05 -8.536462327139E-06  6.055409107266E+00 -1.329811186582E-04  9.660856784521E-02  8.485613982939E-20 -1.392973832563E-19  2.154739827212E-20 -1.175944436346E-02
  3.506892256323E+00  3.799133445299E+00  6.768220244811E+00  1.428029627616E-15 -2.666962001274E-01  4.647343474695E+01  1.639396705755E-01  3.240962068546E-01 -1.574890163753E-01 -1.828249926276E-03 -1.806798928020E+00  3.694712959901E-01  4.747388881902E-02 -7.282379744869E-02  2.534990862849E-02 -1.679474634800E-01 -4.417819677060E-04  8.510074582548E-05 -2.215501627274E-05  8.737303715376E-07  5.138561832668E+00 -8.510074550374E-05  8.316242426410E-02  4.816029141297E-20 -1.706565852256E-19 -5.879778086945E-20 -9.828178068867E-03
  4.091374634275E+00  4.383615834630E+00  6.946285133181E+00 -7.060660607547E-15 -2.630960682616E-01  4.888236305099E+01  1.673134696734E-01  3.158914218359E-01 -1.545586899499E-01 -1.872565357475E-03 -1.827837849161E+00  3.526949505808E-01  4.206070915831E-02 -6.675221274227E-02  2.469150358417E-02 -1.477831627008E-01 -1.061878145032E-03  2.928666519469E-05 -1.254121682478E-05 -9.444624938538E-06  4.549433560864E+00 -2.928666408974E-05  1.076835346705E-01 -8.420322675862E-20  6.537423535390E-20  4.228123527803E-21 -8.595619418569E-03
  4.675857034986E+00  4.968097497391E+00  7.100602863788E+00 -1.388496641204E-16 -2.588290458301E-01  5.101932627225E+01  1.694283285665E-01  3.054284007889E-01 -1.506176352720E-01 -1.812257709521E-03 -1.836712177703E+00  3.362115878674E-01  3.711487480172E-02 -6.119496592656E-02  2.408009112536E-02 -1.270348113227E-01 -1.456467536139E-03  2.370826749796E-05  5.870236512648E-07 -2.229217016981E-06  4.016805529258E+00 -2.370826586951E-05  1.113487910043E-01 -8.270968256838E-20 -3.788843756240E-21 -5.965125772423E-20 -7.427552160125E-03
  5.260337959797E+00  5.552579181964E+00  7.239754340888E+00 -8.985002573162E-16 -2.549612919063E-01  5.298949386553E+01  1.702661204293E-01  2.945025490897E-01 -1.470678323187E-01 -1.779119521196E-03 -1.844366455796E+00  3.213753149084E-01  3.290654768293E-02 -5.634700522341E-02  2.344045754039E-02 -1.114684973869E-01 -1.172244596630E-03  2.482633219894E-05  4.678263120354E-06  4.048068322289E-06  3.586493145079E+00 -2.482633209605E-05  1.049307062689E-01  1.460499836399E-20  2.155121628954E-19 -2.131217550699E-19 -6.499682790889E-03
  5.844820404131E+00  6.137061636729E+00  7.362634034633E+00 -5.965361244662E-15 -2.511626457768E-01  5.475987212156E+01  1.699320575342E-01  2.852809871187E-01 -1.430732098479E-01 -1.666903148658E-03 -1.847775826729E+00  3.081415903411E-01  2.831007301052E-02 -5.142091255872E-02  2.311083954730E-02 -9.662476390880E-02 -1.416846511382E-03  8.276531034446E-06  1.744648618547E-07  1.126282695726E-05  3.233319665591E+00 -8.276530514806E-06  1.063978143057E-01 -4.304953274896E-20  9.746608585924E-20  1.268906132161E-19 -5.732149142409E-03
  6.429302869328E+00  6.721544112042E+00  7.475981745088E+00 -1.462741196613E-15 -2.471874301287E-01  5.641801150738E+01  1.685431598494E-01  2.771470138475E-01 -1.389466722392E-01 -1.769120083576E-03 -1.846906125891E+00  2.963275082045E-01  2.636685075146E-02 -4.798762376320E-02  2.162077301116E-02 -8.740242713224E-02 -1.379768781799E-03 -4.652855410859E-06 -5.038463251496E-06  1.575390089471E-06  2.995509574161E+00  4.652855627265E-06  9.539279260489E-02 -3.815893134278E-20  1.751557497624E-19  1.218593423024E-19 -5.203888250349E-03
  7.013785354756E+00  7.306026607269E+00  7.581486196799E+00 -1.415805406940E-15 -2.441930968930E-01  5.798784810897E+01  1.665059031874E-01  2.686431093211E-01 -1.347963181150E-01 -1.559306103450E-03 -1.849778933971E+00  2.873484466754E-01  2.451573418207E-02 -4.582292960403E-02  2.130719542140E-02 -7.940965578697E-02 -1.102982744879E-03 -1.874276195515E-05 -3.479273956971E-06 -2.907011295503E-06  2.754766875982E+00  1.874276223149E-05  7.401628464041E-02  1.633478744418E-19  1.783479483142E-19  1.845421755751E-20 -4.718014088819E-03
  7.598267859782E+00  7.890508372765E+00  7.677245711493E+00  3.074004538330E-15 -2.417793721652E-01  5.943145040277E+01  1.641238329247E-01  2.606428941046E-01 -1.304867120063E-01 -1.636953055497E-03 -1.852580906375E+00  2.772357327852E-01  2.233561982843E-02 -4.301994219592E-02  2.068432236691E-02 -7.153840967900E-02 -5.867201345992E-04  1.282200060811E-05 -3.273846244700E-07  8.248042897991E-06  2.537196832310E+00 -1.282200001371E-05  3.366496365945E-02 -1.229566721006E-19 -5.170541883122E-20 -1.285669207145E-19 -4.281601262649E-03
  8.182748885748E+00  8.474990156911E+00  7.766854524699E+00 -6.248439232118E-16 -2.417327742889E-01  6.079769960313E+01  1.614165327724E-01  2.548225252303E-01 -1.262729166305E-01 -1.495109272395E-03 -1.873332252028E+00  2.684435400686E-01  2.040644281534E-02 -4.017842455939E-02  1.977198174433E-02 -6.585558247065E-02  3.627529380963E-04 -2.119127397122E-06 -1.075462454626E-06  1.313322425122E-05  2.401673609936E+00  2.119127433753E-06  3.369182292930E-03  2.318443637162E-19 -4.544970543205E-20 -8.042816330786E-20 -3.973538631462E-03
  8.767231428075E+00  9.059472708089E+00  7.852712840463E+00 -6.101484521483E-15 -2.415328542591E-01  6.212179323180E+01  1.583254474119E-01  2.485612933759E-01 -1.220008274176E-01 -1.437461936736E-03 -1.892220244142E+00  2.604753860186E-01  1.975750082650E-02 -3.803407532942E-02  1.827657450317E-02 -6.134647148467E-02  3.155586802567E-04  7.975502137205E-06 -2.714232547457E-06 -3.165265860253E-06  2.279703092021E+00 -7.975501534522E-06 -7.340972091589E-03  1.325584260440E-19 -3.996807815438E-20  4.011938751934E-20 -3.700278888844E-03
  9.351713988104E+00  9.643955276654E+00  7.933410355509E+00 -4.757862415275E-16 -2.422695847836E-01  6.337976265250E+01  1.550039023043E-01  2.420680300942E-01 -1.176606013529E-01 -1.395640360418E-03 -1.917724998190E+00  2.530097517536E-01  1.877680319423E-02 -3.609089527839E-02  1.731409208452E-02 -5.719642978257E-02  4.489253964224E-04  9.481899210712E-06 -4.288909674194E-06 -1.194725588755E-06  2.150458678973E+00 -9.481898439139E-06 -6.631835300431E-03  2.972772688568E-19  7.754260284822E-20 -1.716212291093E-20 -3.470208200251E-03
  9.936196565203E+00  1.022843786197E+01  8.009825807660E+00  1.942969278916E-15 -2.420173424983E-01  6.458120129889E+01  1.515641203871E-01  2.353713676241E-01 -1.131845375413E-01 -1.369053235278E-03 -1.934864238732E+00  2.446502310250E-01  1.771840932854E-02 -3.409446451191E-02  1.637605518370E-02 -5.365286547316E-02  1.086595914689E-04 -3.493836176509E-06 -3.567621163939E-06 -1.084961565841E-06  2.016648965590E+00  3.493836746422E-06  8.727558143040E-03 -9.001842086482E-20  1.015487362523E-20 -2.301326110992E-19 -3.212754822591E-03
  1.052067915874E+01  1.081291971440E+01  8.080747323432E+00 -2.975876618424E-16 -2.416315903812E-01  6.570564851047E+01  1.478948131170E-01  2.278547575415E-01 -1.088395879392E-01 -1.203911035278E-03 -1.950199978487E+00  2.381473777106E-01  1.650003938031E-02 -3.245588694011E-02  1.595584756041E-02 -4.928437557992E-02 -2.459764337385E-04 -5.881267774164E-06 -2.271107786980E-06 -4.824417708879E-06  1.897896986742E+00  5.881268373520E-06 -1.277913580639E-02  2.194338140523E-19 -1.105313333341E-19 -1.062824797400E-20 -2.976244485088E-03
  1.110516027005E+01  1.139740158231E+01  8.148486393480E+00 -4.733681742213E-16 -2.429513417464E-01  6.678579895959E+01  1.443768344261E-01  2.211636189578E-01 -1.044077495669E-01 -1.186781677143E-03 -1.978151898497E+00  2.307557965965E-01  1.532954189331E-02 -3.063978006165E-02  1.531023816781E-02 -4.598375594102E-02  5.290616261985E-04 -7.055101415789E-06 -6.672433591787E-07 -4.741316594651E-06  1.821251479667E+00  7.055102227250E-06 -4.615375571469E-02 -1.317950744145E-19  5.726248475432E-20 -7.573261521825E-20 -2.797496933463E-03
  1.168964289457E+01  1.198188421410E+01  8.213808593216E+00 -6.961192046244E-16 -2.450036701483E-01  6.783562028529E+01  1.412066537086E-01  2.147621490773E-01 -9.987829253188E-02 -1.077178548509E-03 -2.010564684214E+00  2.235042758053E-01  1.394271476982E-02 -2.848413966537E-02  1.454142489503E-02 -4.348542809832E-02  1.120045311518E-03 -1.296277867405E-06  5.563482102249E-07 -3.767766583868E-07  1.749211944835E+00  1.296278470507E-06 -5.351264474623E-02 -1.066421766508E-20  1.620266571695E-19  2.750181330392E-20 -2.629130488546E-03
  1.227412553362E+01  1.256636686011E+01  8.276284464600E+00 -2.256546169946E-15 -2.468606411119E-01  6.884889044608E+01  1.379744634467E-01  2.087469260142E-01 -9.537420171686E-02 -1.167478749181E-03 -2.039741725061E+00  2.165173602918E-01  1.296768468255E-02 -2.677482309046E-02  1.380713840835E-02 -4.072027636685E-02  1.102421316143E-03 -4.370322751298E-06  1.106604214467E-06 -1.258018731995E-06  1.651963948163E+00  4.370323428745E-06 -4.734694420846E-02  2.624604080345E-20  9.588753299339E-20 -1.655974088885E-19 -2.443743425286E-03
  1.285860818659E+01  1.315084951971E+01  8.334501580751E+00 -1.843528457942E-15 -2.484628168443E-01  6.980072589287E+01  1.344759633674E-01  2.039438707958E-01 -9.090620823182E-02 -1.054656232215E-03 -2.066493118725E+00  2.100501055260E-01  1.225671874340E-02 -2.522796812889E-02  1.297124938546E-02 -3.751993040698E-02  1.037993763086E-03  4.420543493981E-07  2.106515330627E-06 -1.418713061235E-06  1.559716269071E+00 -4.420534724060E-07 -2.564032467478E-02  1.733570289556E-19  3.064532027097E-21 -1.137170159606E-19 -2.275130266955E-03
  1.344309085283E+01  1.373533181777E+01  8.390238066412E+00 -1.347612213725E-15 -2.487340872053E-01  7.071908922030E+01  1.306236145435E-01  1.984664009954E-01 -8.636503213272E-02 -1.095130404177E-03 -2.082862308584E+00  2.050620335721E-01  1.113052006813E-02 -2.381298417111E-02  1.268246410307E-02 -3.533379090342E-02  6.889345363218E-04  1.557507063470E-06  1.055550579642E-06 -5.306686117339E-06  1.501516774355E+00 -1.557506240469E-06  2.234369573580E-03 -3.670633422782E-20 -2.476446959768E-20  4.512102938576E-20 -2.143343208484E-03
  1.402757278270E+01  1.431981412815E+01  8.444202719645E+00 -6.045618251689E-17 -2.482997234264E-01  7.161565962154E+01  1.263597078107E-01  1.932255931820E-01 -8.183551295307E-02 -1.004148614122E-03 -2.093708036369E+00  1.997751593126E-01  1.066730602412E-02 -2.256385151902E-02  1.189654549500E-02 -3.335987169755E-02  4.603066578213E-04  2.407383475926E-06  3.816093176386E-07 -3.993844331885E-06  1.456417977688E+00 -2.407382851141E-06  1.384735656373E-02 -4.887901353378E-20 -1.449087479876E-19 -1.395137225724E-19 -2.027345085139E-03
  1.461205547360E+01  1.490429645023E+01  8.496644367837E+00  5.427268318325E-16 -2.477223054449E-01  7.249296215435E+01  1.217735038781E-01  1.874006951801E-01 -7.725408611209E-02 -1.005500123420E-03 -2.102312712297E+00  1.939309930484E-01  9.810584207576E-03 -2.123057798395E-02  1.141999377626E-02 -3.130303720671E-02  1.200893858942E-04 -2.728216328488E-06  5.412134923735E-07 -7.689684073351E-07  1.407815055516E+00  2.728216521773E-06  2.614682092930E-02 -7.662540920999E-20 -6.721739116703E-20  8.601376092507E-20 -1.892910189273E-03
  1.519653742686E+01  1.548877878338E+01  8.547057975908E+00 -9.656726170115E-17 -2.463892106660E-01  7.334251020917E+01  1.169259600370E-01  1.805202854165E-01 -7.282234496502E-02 -8.937736562918E-04 -2.102615652785E+00  1.878902352048E-01  9.018444154747E-03 -2.004504125122E-02  1.102659709660E-02 -2.926210866568E-02  1.494584563547E-04  3.325376212113E-06  1.238558621656E-06  9.928461042635E-07  1.317302627910E+00 -3.325376151553E-06  5.311788018750E-02  7.116948522349E-20  1.051069799765E-19 -1.249759581037E-19 -1.738662724038E-03
  1.578102013989E+01  1.607326150146E+01  8.592886879549E+00  3.396585177831E-16 -2.438415176997E-01  7.411930115273E+01  1.118900406833E-01  1.734751388206E-01 -6.832233761044E-02 -8.162891894988E-04 -2.091772896088E+00  1.823932398723E-01  8.512607869459E-03 -1.895613956494E-02  1.044353169579E-02 -2.638829030712E-02 -4.171330057875E-04  3.988077614784E-06  2.566749081085E-06 -1.417912459011E-06  1.235003294867E+00 -3.988077611730E-06  7.210291474504E-02  1.160539464672E-19 -1.216205932314E-19 -2.659438598241E-20 -1.596714661030E-03
  1.636550286303E+01  1.665774385483E+01  8.637287950510E+00 -1.938307844849E-17 -2.411215341327E-01  7.487384143285E+01  1.068598847271E-01  1.665946211670E-01 -6.382561281403E-02 -8.133001873610E-04 -2.079707592619E+00  1.765130061810E-01  7.865128150320E-03 -1.770474378260E-02  9.839615632312E-03 -2.476928153577E-02 -5.817717306671E-04 -2.277123246731E-06  1.823485665299E-06 -1.925826879099E-08  1.159060987554E+00  2.277123183803E-06  6.084130578104E-02 -2.308485754606E-19 -1.422333747397E-19 -6.237114802597E-20 -1.482347462132E-03
  1.694998484664E+01  1.724222621738E+01  8.677568176583E+00 -8.510616477097E-16 -2.393965638712E-01  7.556112480397E+01  1.018541086180E-01  1.596652907473E-01 -5.927212235179E-02 -7.027404707588E-04 -2.075176175545E+00  1.696576154354E-01  7.294330567655E-03 -1.637024411130E-02  9.075913543731E-03 -2.251382256148E-02 -4.455814258260E-04  6.611501851221E-07  9.454303545031E-07  1.011734313747E-06  1.052489575464E+00 -6.611502211961E-07  2.135891757236E-02 -1.169103828550E-19 -1.834322155975E-20 -5.213153080522E-20 -1.340527396288E-03
  1.753446758811E+01  1.782670858845E+01  8.714183084847E+00 -3.568225816680E-16 -2.395610659565E-01  7.618797076404E+01  9.677573087022E-02  1.541872505834E-01 -5.482719543390E-02 -7.199658623108E-04 -2.086366755514E+00  1.632320657208E-01  6.759367578893E-03 -1.532255028845E-02  8.563182709630E-03 -2.039536246257E-02  1.495752573711E-04 -1.094780794936E-06  1.180449200876E-06  1.070217556809E-06  9.619873301026E-01  1.094780807640E-06 -1.719044446679E-02 -8.056380739890E-20 -2.143972413755E-20 -8.508502176094E-20 -1.202982094170E-03
  1.811894958879E+01  1.841119096743E+01  8.747851199178E+00 -3.838244038397E-16 -2.406524606741E-01  7.676818888039E+01  9.151905175217E-02  1.495739575107E-01 -5.043909158020E-02 -6.713424433186E-04 -2.105509429599E+00  1.572114877236E-01  6.103060509994E-03 -1.430086758146E-02  8.197807071871E-03 -1.810223872714E-02  4.116281581778E-04  2.772165876538E-06  1.535014479786E-06 -6.654291972448E-07  8.882739223165E-01 -2.772165935532E-06 -3.040385554401E-02  1.192032335315E-19  7.848971719263E-20  3.648258776570E-20 -1.064471803196E-03
  1.870343234607E+01  1.899567372819E+01  8.779080753821E+00 -1.598223693010E-15 -2.417823610097E-01  7.730885326647E+01  8.607111102397E-02  1.457553379653E-01 -4.604143990580E-02 -6.486302867690E-04 -2.124827242046E+00  1.506219650985E-01  5.566454967625E-03 -1.343550368745E-02  7.869048719670E-03 -1.589243786591E-02  4.043407270071E-04  7.012948864261E-07  1.209836037307E-06 -6.651598267048E-07  7.892921655879E-01 -7.012949333501E-07 -5.053061217131E-02 -3.770193988456E-20  3.754380803785E-20 -1.927810081303E-20 -9.166817023458E-04
  1.928791511031E+01  1.958015630833E+01  8.805517244548E+00 -1.512333916884E-15 -2.443442023617E-01  7.776835196953E+01  8.055673581609E-02  1.441057101149E-01 -4.166723570062E-02 -5.666132602463E-04 -2.156507233172E+00  1.449435690239E-01  4.843510916398E-03 -1.247225735688E-02  7.628746440406E-03 -1.351641115733E-02  7.544056047426E-04 -1.696366567703E-06  4.023948673003E-08 -3.074090944125E-07  6.917640854894E-01  1.696366584260E-06 -7.390777640562E-02 -4.066764723863E-20  1.846079272867E-20  4.805564927144E-20 -7.991976679906E-04
  1.987239750636E+01  2.016463870723E+01  8.829621155143E+00 -1.174078509178E-15 -2.471820774190E-01  7.818803160239E+01  7.488272263121E-02  1.430941790696E-01 -3.727821671250E-02 -5.705731795116E-04 -2.189982777970E+00  1.401330640235E-01  4.155356147043E-03 -1.150012792057E-02  7.344771773552E-03 -1.217381923631E-02  8.857004282085E-04 -1.526635575295E-06 -2.565842065602E-07  5.283333266003E-07  6.475999645080E-01  1.526635546135E-06 -7.272071737224E-02 -2.651080631854E-19 -6.240276057710E-21 -7.036857663348E-20 -7.272810124391E-04
  2.045687990810E+01  2.074912111150E+01  8.852831034322E+00 -1.152027806341E-15 -2.496571218359E-01  7.859531833332E+01  6.893302731802E-02  1.424844035869E-01 -3.290145209827E-02 -4.883574379590E-04 -2.220000648555E+00  1.347793046902E-01  3.673721635443E-03 -1.086854424658E-02  7.194822611328E-03 -1.100071783184E-02  6.109927383260E-04 -2.270614739605E-07  9.874759734623E-09  7.992350388053E-07  5.940641576959E-01  2.270614770556E-07 -5.078910741643E-02 -4.184396854509E-21 -1.551419406997E-20 -1.358690935763E-19 -6.378821589824E-04
  2.104136231489E+01  2.133360352051E+01  8.873023710437E+00 -2.909558173819E-16 -2.508926682463E-01  7.895157578041E+01  6.251318770022E-02  1.419205900845E-01 -2.841949148205E-02 -4.491903944210E-04 -2.238196626727E+00  1.292657127494E-01  3.248215385621E-03 -1.026894560000E-02  7.020730214370E-03 -9.374929037706E-03  2.799537092363E-04  1.949422802518E-07 -2.011242985315E-07 -1.980526613981E-07  5.068038503542E-01 -1.949422598133E-07 -2.818830448838E-02 -7.267480840889E-21  8.312502469415E-20 -9.608187869378E-20 -5.255661270420E-04
  2.162584472612E+01  2.191808612088E+01  8.889858239000E+00  1.907266204915E-16 -2.517167099466E-01  7.924952997302E+01  5.550344115146E-02  1.418239285391E-01 -2.417317172611E-02 -3.273047517932E-04 -2.253005848645E+00  1.240620770520E-01  3.000039940958E-03 -9.827994985958E-03  6.827955044988E-03 -7.479145325614E-03  7.268429054057E-05  7.091654109532E-07 -4.942472093620E-08 -5.365160332128E-07  4.276076683017E-01 -7.091654254334E-07 -1.033187549132E-02 -1.590544430395E-19 -9.292323712297E-20  3.951621014558E-20 -4.244690659860E-04
  2.221032751564E+01  2.250256872473E+01  8.904264864055E+00 -5.139264410765E-16 -2.516476178551E-01  7.950422641596E+01  4.782055545686E-02  1.415686326835E-01 -1.964614112307E-02 -2.748914228107E-04 -2.259274549079E+00  1.182975656830E-01  2.672593376125E-03 -9.154177968698E-03  6.481584592505E-03 -6.112648069763E-03 -1.487405633500E-04 -5.301407035323E-07  2.160959374127E-07 -8.037694928176E-07  3.518472497216E-01  5.301406617477E-07  3.878054117424E-02 -4.813604669028E-20  3.311366238930E-21 -1.320532092877E-19 -3.347964568363E-04
  2.279480993382E+01  2.308705114417E+01  8.915564365298E+00 -1.644082268533E-15 -2.488834277615E-01  7.970524416617E+01  3.902774129767E-02  1.409917033316E-01 -1.534216669079E-02 -1.466953926175E-04 -2.240545261158E+00  1.135592202301E-01  2.506093098644E-03 -8.879019502983E-03  6.372926404350E-03 -4.617933587054E-03 -7.276682143256E-04  6.710670963764E-07 -9.938293999041E-08 -1.168925266116E-07  2.956380078066E-01 -6.710671319407E-07  7.888018208293E-02 -5.864734135388E-20  2.907776924292E-22 -4.795123281184E-21 -2.603877139127E-04
  2.337929235452E+01  2.367153365945E+01  8.925864255055E+00 -1.517475406874E-15 -2.458845875814E-01  7.989085315302E+01  2.841624728847E-02  1.434447607948E-01 -1.076758180774E-02 -1.359721230284E-04 -2.219231647983E+00  1.106015042412E-01  3.036364519146E-03 -9.518967220778E-03  6.482602701749E-03 -3.759694949346E-03 -9.248762047499E-04 -1.103461901854E-06 -3.051575988715E-07 -5.157649021043E-09  2.637514203634E-01  1.103461930849E-06  1.368194957670E-01  2.728252275423E-20  1.291182407309E-21  2.881960125763E-20 -2.034102977585E-04
  2.396377496438E+01  2.425601622313E+01  8.934834098210E+00 -3.917351621715E-16 -2.388873398266E-01  8.005854653373E+01  1.553092062650E-02  1.492375379154E-01 -6.602068588127E-03  1.776443705184E-05 -2.160909451126E+00  1.141788190914E-01  4.792294457600E-03 -1.357102312998E-02  8.778728672405E-03 -2.936268776702E-03 -1.899173302395E-03 -7.157075187820E-07 -2.013781216310E-07 -2.103669532243E-07  3.168626576338E-01  7.157075399897E-07  1.804320895628E-01  1.088513370792E-19 -2.065392642546E-20  3.993310905216E-21 -1.873296329877E-04
  2.454825748187E+01  2.484049874094E+01  8.949014339761E+00  4.514007982508E-17 -2.327021581877E-01  8.032472789922E+01  2.519950162188E-03  1.719941656008E-01 -1.877272551413E-03 -3.769278562661E-05 -2.111445810147E+00  1.540172592204E-01  4.648391491167E-03 -2.203868992916E-02  1.739029843773E-02 -2.697361903760E-03 -4.482942326906E-03  8.886425433564E-07 -9.009738026535E-08  1.494346289899E-07  1.940896189574E-01 -8.886425484059E-07  8.465783001932E-02  1.522032223769E-19 -1.435055743235E-20 -2.529737940109E-19 -7.364334024862E-05
