                   y                  ym                   U                   V                   W                 U^2                 V^2                 W^2                  UV                  VW                  UW                VISC               SFSxx               SFSyy               SFSzz               SFSxy               SFSyz                dUdX                dVdX                dWdX                dUdY                dVdY                dWdY                dUdZ                dVdZ                dWdZ              SFSxym
 -5.844822281166E-01 -2.922411140583E-01  0.000000000000E+00  0.000000000000E+00  0.000000000000E+00  0.000000000000E+00  0.000000000000E+00  0.000000000000E+00  0.000000000000E+00  0.000000000000E+00  0.000000000000E+00  0.000000000000E+00  0.000000000000E+00  0.000000000000E+00  0.000000000000E+00  0.000000000000E+00  0.000000000000E+00  0.000000000000E+00  0.000000000000E+00  0.000000000000E+00  0.000000000000E+00  0.000000000000E+00  0.000000000000E+00  0.000000000000E+00  0.000000000000E+00  0.000000000000E+00  0.000000000000E+00
 -4.247486258811E-17  2.922411140583E-01  3.297461701889E+00 -1.425441938740E-14 -2.409815312606E-01  1.137744873503E+01  2.624549348893E-02  3.243002714403E-01 -5.841224700360E-02 -1.446869597355E-03 -7.991894366244E-01  1.760675513359E-01  1.926525790548E-03  8.919928777817E-03 -1.084645456864E-02 -2.085342354096E+00  7.933847188038E-02 -2.208981284102E-03 -7.389959876727E-04  3.711494009154E-04  1.130200899471E+02  2.208981285672E-03 -6.866856691869E+00 -2.535978768522E-19 -3.324225365628E-22  1.191383396340E-19 -1.531496437342E-02
  5.844822281166E-01  8.767233554515E-01  4.959747063394E+00 -1.864959549733E-14 -2.607648419952E-01  2.573421204314E+01  9.952293992263E-02  4.089396319623E-01 -1.676192350706E-01 -8.399305741780E-04 -1.302553567828E+00  4.072734140880E-01  2.389153529419E-01 -2.847010325741E-02 -2.104452496850E-01 -9.156995185361E-01  5.101914697765E-02  1.020467120179E-03 -1.072431662444E-03 -1.322210667157E-04  2.842832039700E+01 -1.020467119641E-03 -1.525069761908E-01  2.109305347997E-19 -4.209822386624E-20  4.392728851167E-20 -5.382427065123E-02
  1.168964482786E+00  1.461205623082E+00  5.374233844867E+00 -6.360839583530E-15 -2.521801623286E-01  2.977868314267E+01  1.308625136793E-01  3.900350799761E-01 -1.518060979973E-01 -8.272561224189E-04 -1.359834298322E+00  3.474978600157E-01  8.314123437310E-02 -2.884481269305E-02 -5.429642167933E-02 -3.669831153277E-01 -1.864452101294E-02  7.996857893014E-04 -4.216851411093E-04  2.496463710788E-05  1.206543943493E+01 -7.996857897937E-04  1.893885892633E-01  2.772796972445E-19 -6.056434607463E-20  3.680153567953E-19 -2.230992778703E-02
  1.753446763377E+00  2.045687167303E+00  5.841328510645E+00 -1.687323147426E-15 -2.467678799785E-01  3.499693787750E+01  1.495020055539E-01  3.799963703862E-01 -1.627725652926E-01 -9.216198701388E-04 -1.445217873487E+00  3.317734523405E-01  7.264973779249E-02 -2.847800042944E-02 -4.417173736309E-02 -3.624564034447E-01 -1.533828128598E-03  3.341489322183E-04 -9.925333286290E-05  1.749387520257E-04  1.078057065561E+01 -3.341489326835E-04  1.194738002638E-01 -5.475249010825E-20  1.221555319131E-19 -2.813729392285E-21 -1.936231783537E-02
  2.337927571228E+00  2.630168736496E+00  6.162150278494E+00  7.708547813503E-16 -2.434076789745E-01  3.877201849411E+01  1.635912058289E-01  3.716153611883E-01 -1.593179121784E-01 -7.000676763380E-04 -1.505149000589E+00  3.021866164398E-01  5.121145538340E-02 -2.784516327832E-02 -2.336629210531E-02 -2.513595215807E-01 -1.145168881613E-03  2.522881433807E-04  4.180347928794E-06 -3.800535911442E-05  8.197345910526E+00 -2.522881430803E-04  7.583460280817E-02 -2.482771358121E-19 -3.609214376803E-20 -1.295091454557E-19 -1.414983130530E-02
  2.922409901764E+00  3.214651079044E+00  6.440397885834E+00 -3.299931353045E-16 -2.412868585094E-01  4.223515590054E+01  1.736572732757E-01  3.656327883773E-01 -1.595763126569E-01 -8.092963657071E-04 -1.557222652649E+00  2.828306522512E-01  4.041885369121E-02 -2.684252424489E-02 -1.357632944672E-02 -2.048680241418E-01 -6.335221749203E-04  7.108017741285E-05  8.123464023783E-06 -1.185096020127E-05  6.865560945870E+00 -7.108017717885E-05  5.817012955257E-02  2.553034076438E-19 -1.227577248797E-19 -9.942989085810E-20 -1.144275544582E-02
  3.506892256323E+00  3.799133445299E+00  6.663646887474E+00 -1.794693408642E-16 -2.392004002696E-01  4.511822151025E+01  1.807513641984E-01  3.555669902811E-01 -1.567357908238E-01 -5.924642391590E-04 -1.595159926243E+00  2.647136312400E-01  3.097243717908E-02 -2.409102928984E-02 -6.881407889135E-03 -1.623124208490E-01  1.531743208138E-04 -2.271290355492E-04 -2.383271588706E-05 -2.471209694639E-05  5.714052440386E+00  2.271290358956E-04  7.998312891291E-02  1.033575943935E-19 -9.627297455094E-20 -1.938349266479E-19 -9.283255162779E-03
  4.091374634275E+00  4.383615834630E+00  6.857703460407E+00 -2.820347043403E-15 -2.355145471952E-01  4.771065363247E+01  1.848068218899E-01  3.449611979752E-01 -1.543621611585E-01 -5.632860477048E-04 -1.615366955013E+00  2.511632452684E-01  2.459020228894E-02 -2.189702032709E-02 -2.693181961544E-03 -1.361363499003E-01 -9.772814236145E-04 -1.639259694313E-04 -3.325001920464E-05  1.071433062337E-04  4.934379891220E+00  1.639259693762E-04  1.081933908085E-01 -2.264936936971E-19 -1.026652968600E-19 -7.577330285832E-20 -7.808617666719E-03
  4.675857034986E+00  4.968097497391E+00  7.024080492146E+00 -7.065094447544E-16 -2.313540358980E-01  4.998991657766E+01  1.861326854831E-01  3.328234169022E-01 -1.509897168154E-01 -5.260986412421E-04 -1.625370131335E+00  2.384873924289E-01  1.995149482143E-02 -2.017781808762E-02  2.263232660268E-04 -1.144968498591E-01 -1.448960417264E-03 -2.681768747321E-05 -3.141896029925E-05  8.617807115493E-05  4.307606770015E+00  2.681768805017E-05  1.145637833331E-01 -2.081360561451E-19  1.439652088824E-20  1.111653390389E-19 -6.665221681330E-03
  5.260337959797E+00  5.552579181964E+00  7.172444974418E+00  4.033575903368E-15 -2.270927840314E-01  5.206987151147E+01  1.857863087529E-01  3.205889061019E-01 -1.477102661126E-01 -7.086028794811E-04 -1.628780675530E+00  2.275290660891E-01  1.699185295629E-02 -1.843621697916E-02  1.444364022268E-03 -9.920287017521E-02 -1.227180304205E-03  1.002478734058E-04 -1.396960822901E-05  6.061288522550E-06  3.828809474094E+00 -1.002478729755E-04  6.689353937253E-02  3.451866427853E-19 -2.624093228480E-19 -2.542392410981E-19 -5.798713216064E-03
  5.844820404131E+00  6.137061636729E+00  7.303884916833E+00 -7.615592208221E-16 -2.264080923259E-01  5.394767172597E+01  1.846085101005E-01  3.114308911885E-01 -1.438242734533E-01 -7.032790926079E-04 -1.651148430176E+00  2.181282267147E-01  1.449884832420E-02 -1.683008050232E-02  2.331232178209E-03 -8.670699666927E-02  2.149528914002E-04  4.433048964455E-05  3.492957640221E-06 -6.989441843758E-05  3.445583091960E+00 -4.433048952426E-05  2.144371370423E-03  1.820572187019E-19 -8.751912071492E-20 -3.277400250436E-19 -5.108180569238E-03
  6.429302869328E+00  6.721544112042E+00  7.424211247873E+00 -2.075321463781E-15 -2.269407766769E-01  5.569720473969E+01  1.829632046728E-01  3.025701766220E-01 -1.400595979028E-01 -7.963060381984E-04 -1.681296870733E+00  2.102467336692E-01  1.234325843591E-02 -1.541405403339E-02  3.070795598197E-03 -7.713815858389E-02  6.970149786595E-04 -8.553400730042E-06  1.153624560458E-05  8.433495888458E-06  3.176459807808E+00  8.553401637666E-06 -2.105178049620E-02  8.734109557457E-21 -3.743945010201E-20 -2.586289806800E-19 -4.589088989532E-03
  7.013785354756E+00  7.306026607269E+00  7.536021891536E+00 -1.445655437242E-15 -2.278964870338E-01  5.734837289982E+01  1.807948624997E-01  2.948156325764E-01 -1.359998297988E-01 -6.604309548638E-04 -1.715663192084E+00  2.026318586747E-01  1.122844271358E-02 -1.412315187686E-02  2.894709163172E-03 -6.996273403822E-02  6.107381707768E-04 -5.532776787568E-05  9.061697941176E-06  7.887634379011E-05  2.997996325426E+00  5.532776813944E-05 -2.732834359987E-03  1.371416817362E-19 -1.011125809672E-19 -1.836752454154E-19 -4.223584005764E-03
  7.598267859782E+00  7.890508372765E+00  7.643241239660E+00 -1.231509893308E-15 -2.270787319372E-01  5.895526555089E+01  1.776756860561E-01  2.855910004052E-01 -1.320892069946E-01 -7.437805646952E-04 -1.733855215689E+00  1.960007196952E-01  1.007486617501E-02 -1.291560926356E-02  2.840743088594E-03 -6.528450872298E-02  1.034584698222E-04 -9.017442243917E-05  1.555134309496E-05  1.175062807172E-05  2.802313973381E+00  9.017442233423E-05 -3.180091543631E-03 -3.109559026619E-19 -1.744654706076E-19 -1.377827354017E-19 -3.882305644571E-03
  8.182748885748E+00  8.474990156911E+00  7.740634083014E+00  1.492613470737E-16 -2.281761632396E-01  6.043199588811E+01  1.738336888274E-01  2.782242626276E-01 -1.279091998769E-01 -6.710180827956E-04 -1.764915846526E+00  1.898717697677E-01  8.814334843546E-03 -1.206194591307E-02  3.247611069332E-03 -5.903280307523E-02  8.716711380998E-04 -5.307511725347E-05  4.407038763167E-05  1.740826688090E-05  2.611637813980E+00  5.307511712634E-05 -4.084930500076E-02  1.041816605380E-19 -9.478293928361E-22 -1.226970252534E-19 -3.549659097850E-03
  8.767231428075E+00  9.059472708089E+00  7.833984923936E+00 -2.684838123261E-16 -2.301245913644E-01  6.186661541486E+01  1.699215732886E-01  2.729663422087E-01 -1.237101293002E-01 -6.259104250142E-04 -1.800771856400E+00  1.844808655925E-01  7.895457728461E-03 -1.149677835181E-02  3.601320623334E-03 -5.476226882731E-02  1.218767235886E-03 -1.042359506204E-05  4.983100758718E-05  6.750168131062E-06  2.491401050432E+00  1.042359463025E-05 -4.920168458828E-02  1.669388768737E-19 -6.789465788003E-21  9.640564822433E-20 -3.308128317485E-03
  9.351713988104E+00  9.643955276654E+00  7.922669521652E+00  1.012528159520E-15 -2.317630792976E-01  6.324447715135E+01  1.661368717828E-01  2.666506389258E-01 -1.194471836365E-01 -5.900239184024E-04 -1.832150419115E+00  1.794999055503E-01  6.943729591442E-03 -1.047287777281E-02  3.529148181432E-03 -5.113817787704E-02  1.038215712406E-03  3.404843527088E-05  3.312874899745E-05 -4.229729991268E-05  2.389588504038E+00 -3.404843561161E-05 -5.673571584923E-02 -3.756949222322E-19 -3.190482563198E-20  3.242375729913E-19 -3.125183573128E-03
  9.936196565203E+00  1.022843786197E+01  8.008628260650E+00  2.258479743613E-15 -2.342317222051E-01  6.459508362259E+01  1.622742892102E-01  2.609629345680E-01 -1.151554586462E-01 -5.259523116145E-04 -1.870218636433E+00  1.750523540493E-01  6.669800891072E-03 -9.744420742363E-03  3.074619851163E-03 -4.903426639812E-02  1.224826583807E-03  4.040082684250E-05  1.455916980647E-05 -1.504740721673E-05  2.323949040235E+00 -4.040082705018E-05 -4.922917177726E-02  6.100861374618E-22 -1.309691793774E-19  1.232219290546E-19 -3.008904094831E-03
  1.052067915874E+01  1.081291971440E+01  8.092552504676E+00  2.504461057697E-15 -2.353640901816E-01  6.592826429710E+01  1.581545139908E-01  2.544491529534E-01 -1.107948995488E-01 -5.034970813959E-04 -1.898522829780E+00  1.704012672659E-01  6.416819712939E-03 -9.428949720339E-03  3.012130007528E-03 -4.711397510475E-02  7.615648636185E-04  4.790695499366E-05  7.188417695722E-06  1.057227653112E-06  2.277338702896E+00 -4.790695502356E-05 -2.759983980170E-02  6.982180607740E-20  4.559162380170E-20 -3.627505609029E-20 -2.891564650437E-03
  1.110516027005E+01  1.139740158231E+01  8.175056086362E+00  3.984175837058E-15 -2.363041053110E-01  6.725092456091E+01  1.536871654285E-01  2.473047072232E-01 -1.064271347855E-01 -2.864185105290E-04 -1.924386678833E+00  1.659883773103E-01  6.239485284949E-03 -8.996183701345E-03  2.756698415938E-03 -4.524922015998E-02  4.537767180513E-04 -2.554382325752E-05  4.081339496184E-06 -3.712768054075E-05  2.186974268742E+00  2.554382330076E-05 -2.223795349615E-02  9.808934464577E-20 -4.196382295895E-21  6.397402067813E-20 -2.740219104134E-03
  1.168964289457E+01  1.198188421410E+01  8.252291695965E+00  2.871298874072E-15 -2.370033698083E-01  6.850027666108E+01  1.490832849341E-01  2.402849142226E-01 -1.021051620618E-01 -1.229855291760E-04 -1.948115765439E+00  1.616063984431E-01  5.764208002883E-03 -8.458764080130E-03  2.694556077257E-03 -4.242870318695E-02  5.155376919823E-04 -1.259992363952E-04 -5.653815828916E-06 -4.030606210753E-05  2.072219765233E+00  1.259992362778E-04 -7.133786707117E-03  3.552665044216E-20 -7.665372450641E-20 -2.295819127812E-19 -2.574422287039E-03
  1.227412553362E+01  1.256636686011E+01  8.326352462065E+00  5.956898409589E-16 -2.367892486167E-01  6.970901296163E+01  1.445044691044E-01  2.329061565633E-01 -9.771077334987E-02  9.980191909521E-05 -1.964979485322E+00  1.572367357274E-01  5.273487537068E-03 -8.248582884835E-03  2.975095348171E-03 -4.002915423633E-02 -5.428511387551E-05 -9.704729190174E-05 -9.569761021344E-06  2.532800960167E-05  1.999102415955E+00  9.704729189491E-05  2.434954819813E-02  1.579400111080E-19 -1.337807501778E-20 -8.475512646813E-20 -2.432927465288E-03
  1.285860818659E+01  1.315084951971E+01  8.398271250799E+00  1.797441330833E-15 -2.351830394837E-01  7.089381359212E+01  1.398431799975E-01  2.239463258347E-01 -9.348242240106E-02  6.646884016552E-05 -1.968991365531E+00  1.530080550025E-01  4.832829305379E-03 -7.574802467458E-03  2.741973162303E-03 -3.790791528909E-02 -3.660653103455E-04  1.324263125347E-05 -8.132179270403E-06  1.778074836480E-05  1.943500943298E+00 -1.324263117778E-05  3.724662073668E-02 -1.385877375183E-19  6.566210793067E-21 -4.380856588541E-20 -2.315894915249E-03
  1.344309085283E+01  1.373533181777E+01  8.468358984228E+00  2.045544204658E-15 -2.340475085550E-01  7.205855479445E+01  1.351478500212E-01  2.151636676236E-01 -8.908257135861E-02  2.521672906083E-04 -1.976658600376E+00  1.486606182362E-01  4.306118999302E-03 -7.000221930044E-03  2.694102930832E-03 -3.603990670081E-02 -2.894004003570E-04  5.573528825359E-05 -7.080924300473E-07 -1.220575432503E-05  1.870809604699E+00 -5.573528831551E-05  3.283991078031E-02  4.726420802479E-20  1.572143405761E-19  1.551170438340E-19 -2.173000190383E-03
  1.402757278270E+01  1.431981412815E+01  8.535017308854E+00  1.010112274244E-15 -2.328100992386E-01  7.317535109148E+01  1.305441150095E-01  2.076922476545E-01 -8.471805895652E-02  1.753649575092E-04 -1.982988160713E+00  1.441489915499E-01  4.094765779042E-03 -6.685093506842E-03  2.590327728172E-03 -3.349286574395E-02 -3.913788043366E-04  5.654635376146E-05  7.526184275342E-06  1.616188771603E-05  1.763986041728E+00 -5.654635375711E-05  4.295515631964E-02  2.732919799004E-19 -1.564876826246E-20  2.356345679265E-19 -2.010367079974E-03
  1.461205547360E+01  1.490429645023E+01  8.597278441045E+00  5.079083548481E-16 -2.309382511994E-01  7.422476542891E+01  1.259783565453E-01  2.007183891280E-01 -8.037498760350E-02  2.410104429582E-04 -1.982964546431E+00  1.396206437318E-01  3.610455869016E-03 -6.243739220048E-03  2.633283350750E-03 -3.072836754829E-02 -6.497436564482E-04  8.695529418555E-05  8.477066140970E-06  5.741647137664E-05  1.653839035144E+00 -8.695529421969E-05  5.629085370337E-02  7.538850666151E-20 -1.511358425458E-19 -1.133468724926E-19 -1.843102601479E-03
  1.519653742686E+01  1.548877878338E+01  8.655866478885E+00 -3.676749058914E-16 -2.286723858174E-01  7.521893631292E+01  1.213823928015E-01  1.937487947938E-01 -7.594933759806E-02  1.771749754870E-04 -1.978206364793E+00  1.353611519830E-01  3.476816013107E-03 -5.795165641315E-03  2.318349628286E-03 -2.838961548585E-02 -6.836218071017E-04  1.472441502349E-05  1.037944033427E-06  3.389574141322E-05  1.580041186087E+00 -1.472441503996E-05  6.301650978376E-02 -2.909759211385E-20 -8.563944946802E-20  4.921381089360E-20 -1.722455546774E-03
  1.578102013989E+01  1.607326150146E+01  8.712701013713E+00 -8.400519226681E-16 -2.262976348712E-01  7.618988396821E+01  1.167969469120E-01  1.863949828583E-01 -7.153180682148E-02  1.689622303250E-04 -1.971187588575E+00  1.312913024820E-01  3.172853965255E-03 -5.369975466090E-03  2.197121500917E-03 -2.680655055449E-02 -6.738298218743E-04 -2.545780338748E-05 -6.537837054429E-06 -7.163970031009E-06  1.524593754081E+00  2.545780337460E-05  7.080280659415E-02 -2.701893935365E-20 -4.978025856972E-20  2.061127775193E-19 -1.625660770859E-03
  1.636550286303E+01  1.665774385483E+01  8.767233472105E+00 -7.012746338303E-16 -2.234923874364E-01  7.712826950445E+01  1.120629466046E-01  1.777066687194E-01 -6.705673097538E-02  7.504120512260E-05 -1.959979838019E+00  1.271048191111E-01  2.674689421211E-03 -4.874260080185E-03  2.199570658852E-03 -2.505338518171E-02 -7.132092766037E-04  1.121336840522E-05 -9.290207074680E-06  2.528194828717E-06  1.455254626478E+00 -1.121336838865E-05  7.703455443421E-02  3.214599926168E-19 -1.589745426076E-21 -1.882507213374E-20 -1.508353604987E-03
  1.694998484664E+01  1.724222621738E+01  8.819032667422E+00  1.097819516076E-16 -2.206806155519E-01  7.802581840443E+01  1.069812122155E-01  1.699474804522E-01 -6.255795315576E-02 -5.320314974616E-06 -1.947777286166E+00  1.226508380194E-01  2.306875363802E-03 -4.432215974861E-03  2.125340611162E-03 -2.327616111243E-02 -6.293992961570E-04  2.558715177924E-05 -1.133257728823E-05 -7.194647021175E-07  1.366162274339E+00 -2.558715175570E-05  6.484378922143E-02 -1.254039598968E-19 -3.943986322713E-20 -1.921340182153E-19 -1.398339375354E-03
  1.753446758811E+01  1.782670858845E+01  8.867056054980E+00  3.692005963670E-16 -2.187937850715E-01  7.886226290468E+01  1.017180081234E-01  1.627224891187E-01 -5.810429595041E-02 -7.009108006152E-05 -1.942036677074E+00  1.188139786560E-01  2.160085325825E-03 -4.143898926691E-03  1.983813600839E-03 -2.152047427709E-02 -3.356101499861E-04  2.423401813803E-05 -7.580621808396E-06 -1.384303172502E-05  1.293326908308E+00 -2.423401815133E-05  4.127498117059E-02 -2.755342024151E-20  6.837425127058E-20 -1.652157933204E-19 -1.305648542223E-03
  1.811894958879E+01  1.841119096743E+01  8.913528456915E+00  2.853844029300E-16 -2.176877909804E-01  7.967645366618E+01  9.638837137409E-02  1.557145801702E-01 -5.355040346065E-02 -1.288386067423E-04 -1.942764229649E+00  1.147131009310E-01  1.808485719872E-03 -3.768294357286E-03  1.959808637274E-03 -2.013692695358E-02 -1.447979673435E-04  1.771816642279E-08 -2.784582358140E-06  3.239141102229E-05  1.207863966538E+00 -1.771816187469E-08  5.328847053169E-02 -3.820674647766E-20 -1.535925561242E-21  9.171578675191E-20 -1.190611887164E-03
  1.870343234607E+01  1.899567372819E+01  8.955303561943E+00  4.616498969125E-16 -2.148637139750E-01  8.041352902967E+01  9.073874152345E-02  1.486755558307E-01 -4.897151949251E-02 -1.459826091378E-04 -1.925990192025E+00  1.100477451691E-01  1.437082029166E-03 -3.442330161173E-03  2.005248132110E-03 -1.774152630728E-02 -5.547673368077E-04 -1.510488273297E-05 -2.428681133615E-06  4.824805100767E-05  1.089962571476E+00  1.510488273379E-05  8.118025715245E-02 -1.382604546694E-19  1.203773705061E-20 -2.010097630975E-21 -1.035309736936E-03
  1.928791511031E+01  1.958015630833E+01  8.993150593564E+00  5.912067533618E-16 -2.117190102701E-01  8.108283558199E+01  8.490181115960E-02  1.425294821563E-01 -4.435426512324E-02 -1.788634143518E-04 -1.905334010964E+00  1.058717971736E-01  1.157868431659E-03 -3.105657342780E-03  1.947788911186E-03 -1.549138455990E-02 -6.069753869793E-04 -1.044851862487E-06 -4.132626425287E-06  1.586271577569E-05  9.556754085021E-01  1.044851865158E-06  8.947968025400E-02 -6.863123388813E-20  5.698095374450E-20  3.434572483527E-20 -9.034035657237E-04
  1.987239750636E+01  2.016463870723E+01  9.025119020266E+00  1.044886070241E-15 -2.083379648580E-01  8.164943189979E+01  7.891879469722E-02  1.367188466626E-01 -3.974490767259E-02 -1.635221462312E-04 -1.881020439216E+00  1.019868153049E-01  9.058137818831E-04 -2.701027422793E-03  1.795213640944E-03 -1.343745040216E-02 -6.862706980830E-04  3.333235171866E-06 -5.853486189172E-06 -2.639990936643E-08  8.300824909971E-01 -3.333235152929E-06  1.184375800182E-01  1.118801704223E-19 -5.135688216317E-21  6.662837705338E-20 -7.833274574898E-04
  2.045687990810E+01  2.074912111150E+01  9.053782517247E+00  1.527027461868E-15 -2.030916600688E-01  8.215953358663E+01  7.275477365996E-02  1.300724528200E-01 -3.514299948679E-02 -1.859343186404E-04 -1.839312613582E+00  9.773157583685E-02  5.369179431454E-04 -2.360677846393E-03  1.823759903344E-03 -1.157699267169E-02 -9.740388116713E-04  7.904188487551E-06 -9.315734539645E-06  1.157410953322E-06  7.198980412822E-01 -7.904188483461E-06  1.303579386380E-01  4.170615613752E-20 -5.961663243185E-20 -7.434272773974E-20 -6.613503527228E-04
  2.104136231489E+01  2.133360352051E+01  9.077690943317E+00  1.458702985451E-15 -1.988250506572E-01  8.258717095517E+01  6.630073428789E-02  1.249159946403E-01 -3.043780557595E-02 -1.836218318666E-04 -1.805120715371E+00  9.344858575802E-02  2.231746986518E-04 -2.129743713719E-03  1.906569015015E-03 -9.642918866433E-03 -8.275294752481E-04  1.992857983838E-05 -1.083924768959E-05  1.379852346495E-05  6.291330789966E-01 -1.992857984853E-05  1.166858779717E-01  8.160878720700E-20  5.753107814995E-21  2.007357927908E-20 -5.595527006975E-04
  2.162584472612E+01  2.191808612088E+01  9.099747459121E+00  1.668788737297E-15 -1.945607822196E-01  8.298236626278E+01  5.943491574772E-02  1.199722844419E-01 -2.584032908244E-02 -1.311135331867E-04 -1.771075346599E+00  8.985129947133E-02 -6.398681531770E-05 -1.888788708403E-03  1.952775523815E-03 -8.338726925608E-03 -8.599768958781E-04  1.585549481041E-05 -8.632062850868E-06  2.860714860215E-05  5.801357384456E-01 -1.585549478992E-05  9.166028365832E-02 -2.252606122239E-19  3.946444402101E-20  5.632656415301E-20 -4.839899968265E-04
  2.221032751564E+01  2.250256872473E+01  9.120087538945E+00  2.226105380198E-15 -1.921164046952E-01  8.334950825079E+01  5.208445292888E-02  1.164211445323E-01 -2.105799311136E-02 -1.070341440640E-04 -1.752851716869E+00  8.552553342131E-02 -2.775945953382E-04 -1.651390295570E-03  1.928984890885E-03 -7.033639124021E-03 -4.819464236505E-04  2.241735185743E-05 -8.094136018281E-06  2.278626414481E-05  4.975837249448E-01 -2.241735184832E-05  8.776521360560E-02  1.331206426623E-19 -6.335016220411E-20  1.121493070378E-19 -3.907323567233E-04
  2.279480993382E+01  2.308705114417E+01  9.136101274155E+00  2.783003634858E-15 -1.881476640788E-01  8.363865522248E+01  4.362379408658E-02  1.132653011147E-01 -1.651125943681E-02 -2.036266713845E-05 -1.720552744095E+00  8.187870823992E-02 -2.917332920824E-04 -1.533464593812E-03  1.825197885883E-03 -5.466024006628E-03 -8.473111234647E-04  9.458544992598E-06 -7.493688071311E-06  1.211244866089E-05  4.007803486240E-01 -9.458544972210E-06  9.694837457638E-02  2.122172819147E-20 -9.084750181969E-20 -1.179153094159E-19 -3.019176865314E-04
  2.337929235452E+01  2.367153365945E+01  9.149358369827E+00  3.728836521386E-15 -1.850394863364E-01  8.388081059748E+01  3.295207188246E-02  1.132478116511E-01 -1.159581475461E-02 -1.765830449248E-05 -1.696350780172E+00  7.913478620714E-02 -4.211417676488E-04 -1.463321858130E-03  1.884463625781E-03 -4.280642318239E-03 -7.087971411075E-04  7.532351475239E-06 -5.125552813645E-06  1.125875101266E-05  2.985852552227E-01 -7.532351444166E-06  9.799903741923E-02 -6.833703640530E-20 -2.006341520722E-20 -9.710190679569E-20 -2.279671377187E-04
  2.396377496438E+01  2.425601622313E+01  9.157902885892E+00  3.749693676542E-15 -1.809947471706E-01  8.404381636076E+01  1.892908636807E-02  1.204782790312E-01 -7.019705084435E-03  4.732598172170E-05 -1.664344996182E+00  7.921831283547E-02 -2.282604431969E-04 -1.927216967385E-03  2.155477410484E-03 -3.129819765103E-03 -1.078389380572E-03  7.952002266187E-06 -2.715914045797E-06  1.389144821052E-05  2.943345641952E-01 -7.952002294715E-06  9.036847625346E-02 -5.742255992586E-20  1.403480453909E-20  9.435972855380E-21 -2.001847451592E-04
  2.454825748187E+01  2.484049874094E+01  9.170852414241E+00  1.602178683186E-15 -1.784401543097E-01  8.429723818380E+01  3.239655324003E-03  1.450302242180E-01 -2.005919305648E-03 -1.228555896796E-05 -1.646148646303E+00  9.300345766709E-02 -3.583063931557E-04 -5.341719665357E-03  5.700026058342E-03 -3.210012391920E-03 -1.360667441252E-03  7.364151183239E-06 -7.238164199472E-07  1.590076829165E-05  1.773091854602E-01 -7.364151270789E-06  3.496316994624E-02  8.765697512256E-20  5.938291555799E-21 -8.259068734507E-20 -9.969126812915E-05
