                   y                  ym                   U                   V                   W                 U^2                 V^2                 W^2                  UV                  VW                  UW                VISC               SFSxx               SFSyy               SFSzz               SFSxy               SFSyz                dUdX                dVdX                dWdX                dUdY                dVdY                dWdY                dUdZ                dVdZ                dWdZ              SFSxym
 -5.844822281166E-01 -2.922411140583E-01  0.000000000000E+00  0.000000000000E+00  0.000000000000E+00  0.000000000000E+00  0.000000000000E+00  0.000000000000E+00  0.000000000000E+00  0.000000000000E+00  0.000000000000E+00  0.000000000000E+00  0.000000000000E+00  0.000000000000E+00  0.000000000000E+00  0.000000000000E+00  0.000000000000E+00  0.000000000000E+00  0.000000000000E+00  0.000000000000E+00  0.000000000000E+00  0.000000000000E+00  0.000000000000E+00  0.000000000000E+00  0.000000000000E+00  0.000000000000E+00  0.000000000000E+00
 -4.247486258811E-17  2.922411140583E-01  3.532917205175E+00 -1.596771920890E-14 -2.085003627670E-01  1.311302760218E+01  2.382552819130E-02  3.033912520930E-01 -6.381543029152E-02 -1.859256255885E-03 -7.436504134765E-01  1.738218663824E-01  8.519208241160E-04  8.380257533534E-03 -9.232178358357E-03 -2.178697780522E+00  6.900490001693E-02 -4.767037641989E-03 -6.821773578148E-04  2.813844064456E-04  1.176239677739E+02  4.767037641503E-03 -6.088604589818E+00  1.233947534832E-19  5.953425963905E-20 -1.917213420874E-19 -1.405607578588E-02
  5.844822281166E-01  8.767233554515E-01  5.060761338611E+00  9.114599672884E-16 -2.364060490711E-01  2.669884458594E+01  9.314172615487E-02  3.540369637210E-01 -1.675012668557E-01 -1.574599865872E-03 -1.204321611667E+00  4.948943341475E-01  2.229001799520E-01 -8.211406093595E-02 -1.407861190129E-01 -9.301736606591E-01  4.205342412992E-02  1.872353558458E-03 -1.057654428203E-03 -6.068146522528E-05  2.697309716116E+01 -1.872353556121E-03 -3.091520576040E-01  4.294358512514E-19 -4.309996443964E-20  1.680750596200E-19 -5.758880263310E-02
  1.168964482786E+00  1.461205623082E+00  5.503486535003E+00  6.860006337398E-15 -2.310497907416E-01  3.113757071478E+01  1.210692772971E-01  3.383276201097E-01 -1.537154187991E-01 -1.409730964888E-03 -1.279029623592E+00  4.693144730923E-01  9.605822244460E-02 -1.025602979496E-01  6.502075506367E-03 -4.155841539339E-01 -1.635175005484E-02  1.467130974025E-03 -5.332000775680E-04 -8.123272711142E-05  1.208693724356E+01 -1.467130974549E-03  1.727417239979E-01  1.445041677471E-19  6.382501575251E-20  1.037429178155E-19 -2.496025642371E-02
  1.753446763377E+00  2.045687167303E+00  5.943859015322E+00 -1.373497985285E-14 -2.237733098628E-01  3.614710132740E+01  1.388943614600E-01  3.295148566159E-01 -1.650971065910E-01 -1.437372194683E-03 -1.338093149281E+00  4.514723736475E-01  8.705697501997E-02 -9.309400818333E-02  6.037033162257E-03 -3.960849244152E-01 -2.334169371824E-03  7.742627229615E-04 -2.279882325219E-04 -1.047938621474E-08  1.024602345456E+01 -7.742627219260E-04  2.398545105020E-01 -1.036176261699E-19 -1.695922133213E-19 -1.177679713005E-19 -2.116430028120E-02
  2.337927571228E+00  2.630168736496E+00  6.252079130881E+00  1.993420890595E-15 -2.135150848663E-01  3.983404614825E+01  1.522034822630E-01  3.199853022778E-01 -1.622647695178E-01 -1.500659232016E-03 -1.343509270001E+00  4.177034737057E-01  6.757917534664E-02 -8.632574594103E-02  1.874657059385E-02 -2.776916440728E-01 -5.239140528075E-03  3.471892956883E-04 -8.857240053227E-05  3.266388127746E-05  7.794247111838E+00 -3.471892942251E-04  2.840599308731E-01  2.317058889373E-19  7.473167934007E-21 -2.486830495099E-19 -1.561360792533E-02
  2.922409901764E+00  3.214651079044E+00  6.513317071271E+00  9.791250460490E-15 -2.030083669448E-01  4.312360825819E+01  1.618223746809E-01  3.141044822443E-01 -1.629159003493E-01 -1.553035604047E-03 -1.330822275760E+00  3.942420654972E-01  5.705553835644E-02 -8.094781689754E-02  2.389227854142E-02 -2.257377468990E-01 -6.076596235653E-03  1.195014111406E-04 -2.766434746999E-05  4.044002305704E-06  6.373240486181E+00 -1.195014105742E-04  2.408050069426E-01 -3.622966318166E-19  1.327307160904E-20  1.558892649033E-19 -1.246887982004E-02
  3.506892256323E+00  3.799133445299E+00  6.717714702808E+00  2.290912784775E-15 -1.959204299860E-01  4.578690630597E+01  1.679029337831E-01  3.065724863378E-01 -1.600958844519E-01 -1.967601769416E-03 -1.324004473723E+00  3.735864876293E-01  4.910769874228E-02 -7.514461016590E-02  2.603691142248E-02 -1.757386144337E-01 -3.811621613105E-03  7.899144135548E-05 -1.280755260010E-05 -1.590631378372E-06  5.202713760636E+00 -7.899144088712E-05  1.366209201273E-01  7.685532322283E-20  3.499728241274E-20  3.733425507261E-20 -1.006764673825E-02
  4.091374634275E+00  4.383615834630E+00  6.893429200579E+00 -6.201732564857E-15 -1.930285235504E-01  4.814558170644E+01  1.716286817505E-01  2.979414553440E-01 -1.578800648141E-01 -2.058385919882E-03 -1.337018088694E+00  3.542533658112E-01  4.273397481906E-02 -6.848376438316E-02  2.574978956454E-02 -1.476175805294E-01 -8.767482181566E-04  4.716945953825E-05 -1.011772562427E-06 -3.426251549980E-06  4.454548960975E+00 -4.716945822822E-05  9.887835265482E-02  1.165630454318E-19  6.392521680281E-20 -7.723622507935E-20 -8.486059548674E-03
  4.675857034986E+00  4.968097497391E+00  7.043166336479E+00 -1.875847635319E-16 -1.886971570897E-01  5.020146652873E+01  1.738791334136E-01  2.869386170929E-01 -1.545882932186E-01 -2.199613126460E-03 -1.334307425328E+00  3.368619017290E-01  3.705232604157E-02 -6.276775338349E-02  2.571542734284E-02 -1.243704737495E-01 -2.000662374641E-03  1.604542605986E-05  1.568181086750E-06 -5.301401462441E-06  3.909055803222E+00 -1.604542424291E-05  1.389129534432E-01  1.480342940402E-19 -1.139911198244E-19 -1.498736701247E-19 -7.293814693787E-03
  5.260337959797E+00  5.552579181964E+00  7.179026492546E+00 -9.454564816594E-16 -1.828797197015E-01  5.210802982911E+01  1.752657482465E-01  2.756763920960E-01 -1.511466828478E-01 -2.221147841562E-03 -1.317770581168E+00  3.226215080583E-01  3.353519715163E-02 -5.790279946184E-02  2.436760231063E-02 -1.103915348608E-01 -2.386254188667E-03 -1.517939253231E-06 -7.719154039903E-06  2.135370131410E-06  3.499124213106E+00  1.517939503304E-06  1.600293675818E-01 -2.970569771265E-20 -7.952651122476E-20 -5.519264970750E-20 -6.463149439274E-03
  5.844820404131E+00  6.137061636729E+00  7.298812270719E+00 -5.417445700753E-15 -1.770044305824E-01  5.381828988362E+01  1.758810836186E-01  2.655739058657E-01 -1.473456673309E-01 -2.373069935125E-03 -1.296923371863E+00  3.092907140798E-01  3.073076026177E-02 -5.347811400237E-02  2.274735374136E-02 -9.668607576001E-02 -1.802049032121E-03  1.334935729162E-05 -5.849380995674E-06  5.317702205683E-06  3.158135743264E+00 -1.334935673617E-05  1.121153490679E-01 -3.108851535640E-19  4.782010165357E-20 -6.565741169849E-20 -5.736687073846E-03
  6.429302869328E+00  6.721544112042E+00  7.409760145733E+00 -1.041176286897E-15 -1.746874790539E-01  5.542772101720E+01  1.752421169047E-01  2.567122059786E-01 -1.434155685637E-01 -2.383223876165E-03 -1.299966440402E+00  2.990527416519E-01  2.792716057314E-02 -5.017583425531E-02  2.224867368236E-02 -8.738577946622E-02 -8.077669003695E-04  3.370688114044E-05  2.981055620402E-06 -3.227638052183E-06  2.935402806239E+00 -3.370688092025E-05  7.432354527587E-02 -2.312156299588E-19  4.255309493006E-20 -1.506658562281E-19 -5.237434575453E-03
  7.013785354756E+00  7.306026607269E+00  7.513274575635E+00 -1.387783015946E-15 -1.715746005964E-01  5.695510881125E+01  1.734772547118E-01  2.467716988366E-01 -1.395901912110E-01 -2.599102635498E-03 -1.295051072724E+00  2.905592801785E-01  2.602736414299E-02 -4.733536481096E-02  2.130800066847E-02 -8.044559518308E-02 -1.283921264231E-03  1.180414009989E-05  3.429081688945E-06 -2.356785204871E-06  2.749831814780E+00 -1.180413981934E-05  7.009426221918E-02  3.982919623688E-20 -4.332381942566E-20 -1.553722764060E-19 -4.864222840892E-03
  7.598267859782E+00  7.890508372765E+00  7.610663765023E+00  2.614656876968E-15 -1.695669211391E-01  5.841188743938E+01  1.710410415021E-01  2.390962897550E-01 -1.354602659232E-01 -2.616995784121E-03 -1.297246036026E+00  2.812451949899E-01  2.385108797194E-02 -4.403540238572E-02  2.018431441415E-02 -7.498087550715E-02 -6.248164050526E-04  1.595088505548E-06  3.432217335076E-06 -9.389296238950E-06  2.623541036026E+00 -1.595087884646E-06  6.195947978572E-02 -1.161449541330E-19 -4.593523051699E-20 -2.115498150260E-19 -4.538522425273E-03
  8.182748885748E+00  8.474990156911E+00  7.704950963652E+00 -9.033623323126E-16 -1.670482599271E-01  5.984198701191E+01  1.679718755953E-01  2.319990384092E-01 -1.313305326280E-01 -2.552961378514E-03 -1.294701216753E+00  2.727823262752E-01  2.248383000897E-02 -4.138939925163E-02  1.890556924271E-02 -7.036439914275E-02 -1.144179026581E-03 -6.821005785220E-07  2.043330343942E-06 -6.457930270169E-06  2.536282705845E+00  6.821006953818E-07  6.624708832079E-02 -2.668883273035E-20  7.583931137229E-20  7.854865553769E-21 -4.272600070504E-03
  8.767231428075E+00  9.059472708089E+00  7.795965351286E+00 -6.040126301817E-15 -1.647272378316E-01  6.123924604426E+01  1.645628721535E-01  2.239271327648E-01 -1.272034287295E-01 -2.543448825821E-03 -1.292034360781E+00  2.653033682487E-01  2.103231572645E-02 -3.868908802673E-02  1.765677230014E-02 -6.641761570320E-02 -8.129139174207E-04 -1.558957711210E-05  9.866030504105E-07 -6.022857471667E-06  2.427950381338E+00  1.558957777590E-05  4.869974576003E-02  1.278298298712E-19  5.870308059049E-20  5.274125227474E-20 -4.038536599252E-03
  9.351713988104E+00  9.643955276654E+00  7.882337405672E+00 -7.525125406702E-16 -1.634901631138E-01  6.257904260706E+01  1.609587833131E-01  2.180848911422E-01 -1.229561213884E-01 -2.317071314263E-03 -1.296303532260E+00  2.585677450494E-01  2.015526175288E-02 -3.686751752160E-02  1.671225576814E-02 -6.281046127039E-02 -4.412707114951E-04 -1.845711594034E-06  3.711929722970E-06 -5.071540105851E-06  2.293036696133E+00  1.845712442195E-06  6.284525647769E-02  5.167335105063E-21 -9.876250746867E-21  1.942925019514E-19 -3.793203197562E-03
  9.936196565203E+00  1.022843786197E+01  7.963495520003E+00  1.629693931616E-15 -1.601358679784E-01  6.385133233844E+01  1.571217848637E-01  2.125748505059E-01 -1.187694065939E-01 -2.276894398413E-03 -1.282779924866E+00  2.519586973641E-01  1.874832192696E-02 -3.531981959351E-02  1.657149766722E-02 -5.849212946024E-02 -1.625517569705E-03  5.424062767165E-06  4.797261845368E-06 -9.887779339371E-06  2.182662164662E+00 -5.424062085758E-06  9.555506440660E-02 -1.241924126950E-19 -4.627662890324E-20  7.415790479283E-20 -3.554534457049E-03
  1.052067915874E+01  1.081291971440E+01  8.041803670570E+00 -3.249972244991E-16 -1.565091441685E-01  6.509195297983E+01  1.533196571618E-01  2.060869895245E-01 -1.144995145976E-01 -2.168589056216E-03 -1.267581063127E+00  2.447790219152E-01  1.743450171495E-02 -3.320153839407E-02  1.576703667950E-02 -5.524930293693E-02 -1.686408723116E-03  7.286309535555E-07  3.364297101679E-06 -2.763196425422E-06  2.110502863568E+00 -7.286302285832E-07  9.004305971651E-02  5.507961106028E-20 -2.473613996813E-20  1.003331898431E-19 -3.358883206373E-03
  1.110516027005E+01  1.139740158231E+01  8.117689178087E+00 -5.496329032097E-16 -1.535570121501E-01  6.630580090567E+01  1.494221357165E-01  1.996085630641E-01 -1.102947909055E-01 -2.077874156500E-03 -1.255937960038E+00  2.374509814249E-01  1.609345574139E-02 -3.113128822298E-02  1.503783248201E-02 -5.223602449212E-02 -1.463690794631E-03 -2.373907511139E-06  1.682041614470E-06  4.382803135398E-06  2.024679800378E+00  2.373908446932E-06  5.758841448117E-02 -6.746080607929E-20  2.147269838411E-19 -1.517596352840E-19 -3.165148963033E-03
  1.168964289457E+01  1.198188421410E+01  8.189727494297E+00 -8.517263568150E-16 -1.523013556902E-01  6.746847574160E+01  1.453222711634E-01  1.923972248159E-01 -1.060584303199E-01 -2.075310601974E-03 -1.255486139727E+00  2.302468524424E-01  1.518469711865E-02 -2.940206229589E-02  1.421736517656E-02 -4.903752684592E-02 -4.239828705500E-04 -5.246640617968E-07 -5.172347175194E-07  6.221297456340E-06  1.898305919426E+00  5.246647915309E-07  2.188452594847E-02 -1.570741528860E-20 -2.662246698496E-20  3.391535541430E-20 -2.929897441890E-03
  1.227412553362E+01  1.256636686011E+01  8.256379895683E+00 -2.392283623260E-15 -1.519579153372E-01  6.855150034943E+01  1.410665577231E-01  1.858389333074E-01 -1.018466391556E-01 -1.884242914651E-03 -1.261572791468E+00  2.230030229597E-01  1.368466666167E-02 -2.754402513757E-02  1.385935847558E-02 -4.480124266258E-02 -6.766613369912E-05  2.475900010693E-07 -1.366926119021E-06  5.083974746973E-06  1.774735071683E+00 -2.475891918934E-07  1.333521101093E-02 -1.887015958799E-19  1.346111320127E-19 -4.757849934615E-20 -2.691993955323E-03
  1.285860818659E+01  1.315084951971E+01  8.319389972046E+00 -2.103282757920E-15 -1.513269650943E-01  6.958300334233E+01  1.368060541299E-01  1.790269110493E-01 -9.761539577678E-02 -1.836485028577E-03 -1.264602418771E+00  2.159008240533E-01  1.279714835551E-02 -2.595271111497E-02  1.315556275928E-02 -4.137678847914E-02  1.928773382746E-05 -3.179263374154E-06  2.588013823916E-07  2.736911752928E-06  1.672981479748E+00  3.179264411751E-06  4.304416468076E-02 -1.140519115747E-19 -2.061143970714E-22  1.329173423013E-19 -2.477703035397E-03
  1.344309085283E+01  1.373533181777E+01  8.378608588471E+00 -1.630597715771E-15 -1.488132503813E-01  7.055910512631E+01  1.325842984334E-01  1.705415831315E-01 -9.326053549427E-02 -1.724967191112E-03 -1.250810957055E+00  2.089304498100E-01  1.183122470896E-02 -2.418762429529E-02  1.235639958658E-02 -3.788901766292E-02 -6.414943446790E-04  4.297752554763E-06  8.336733295439E-07  1.743632804691E-06  1.580328516183E+00 -4.297751564447E-06  8.922581389880E-02 -1.787520662455E-19 -2.323250009050E-20 -9.865736445031E-20 -2.280354332502E-03
  1.402757278270E+01  1.431981412815E+01  8.434849328466E+00 -3.647476336808E-16 -1.448083346527E-01  7.149423056749E+01  1.282510683470E-01  1.628686703728E-01 -8.892190614894E-02 -1.636147431029E-03 -1.224239861820E+00  2.025074333299E-01  1.088196930812E-02 -2.284848302646E-02  1.196651371830E-02 -3.504477956226E-02 -1.143752426115E-03 -1.280397943224E-06 -2.777733353127E-07  3.149151303574E-06  1.506136537716E+00  1.280398678742E-06  1.239417304294E-01 -2.653316786068E-19 -1.074408408047E-19 -1.173793488009E-19 -2.115873453956E-03
  1.461205547360E+01  1.490429645023E+01  8.488647357510E+00  2.389687467276E-16 -1.397580356667E-01  7.239519338712E+01  1.237147795360E-01  1.546193487203E-01 -8.447399893121E-02 -1.467469983053E-03 -1.189019091301E+00  1.958871545143E-01  1.016019304573E-02 -2.137831982384E-02  1.121812677852E-02 -3.254662895595E-02 -1.535277535719E-03 -3.844254750684E-08 -6.807935288818E-07  2.719376999328E-06  1.412899771107E+00  3.844279704476E-08  1.446994397141E-01 -2.556643647649E-20 -5.944360162746E-21  6.290877076657E-20 -1.935590327722E-03
  1.519653742686E+01  1.548877878338E+01  8.538076078145E+00 -3.651105872987E-16 -1.342364166777E-01  7.322722416147E+01  1.190640323821E-01  1.470399223372E-01 -8.002509985465E-02 -1.380997131595E-03 -1.148396134678E+00  1.889283500963E-01  9.490076060255E-03 -2.027660478409E-02  1.078652872350E-02 -2.932388901958E-02 -1.539535939445E-03  3.240938983332E-06 -5.737502065990E-07  1.865021569868E-06  1.298111253035E+00 -3.240938915173E-06  1.350807448661E-01 -2.853569578058E-19  1.255837430377E-19 -8.746339758493E-20 -1.737267656863E-03
  1.578102013989E+01  1.607326150146E+01  8.583487784825E+00  1.192963320495E-16 -1.298889827414E-01  7.399566135130E+01  1.144344936003E-01  1.401110316126E-01 -7.540807437017E-02 -1.228828053101E-03 -1.117665248287E+00  1.824934707900E-01  8.895544702138E-03 -1.918468818281E-02  1.028914348044E-02 -2.639625776167E-02 -1.010688510793E-03 -1.271171882749E-06 -2.623816043333E-07  1.714216153056E-06  1.192710113918E+00  1.271171884135E-06  9.633002838735E-02 -1.108994424248E-19  3.482040412230E-20 -7.299561478987E-20 -1.560503930727E-03
  1.636550286303E+01  1.665774385483E+01  8.625215834091E+00 -4.773877690725E-17 -1.271985911048E-01  7.470323881269E+01  1.098824908320E-01  1.341414415920E-01 -7.079998047272E-02 -1.152059889543E-03 -1.100338637333E+00  1.771581519998E-01  8.323438193480E-03 -1.817017920070E-02  9.846741007348E-03 -2.361169493788E-02 -4.743101435857E-04  3.565590352777E-07  5.434972362217E-07  5.952234738267E-07  1.106340989927E+00 -3.565591016274E-07  6.290145479335E-02  7.407658070940E-20 -9.103344109791E-20 -1.505209477152E-19 -1.401294205908E-03
  1.694998484664E+01  1.724222621738E+01  8.664317378963E+00 -7.501747297358E-16 -1.252933893598E-01  7.536759133501E+01  1.054278263821E-01  1.281483730266E-01 -6.618283172144E-02 -1.026092467120E-03 -1.088714272716E+00  1.716793237057E-01  7.779581788852E-03 -1.693709102353E-02  9.157509234756E-03 -2.143476686741E-02 -1.355751248402E-04 -1.296823078832E-06  8.924233541507E-07 -1.035548283882E-06  1.028702851295E+00  1.296823035292E-06  2.854887870252E-02 -1.393217042350E-19  1.064144432941E-20 -9.534292428885E-20 -1.276156410744E-03
  1.753446758811E+01  1.782670858845E+01  8.700373242132E+00 -3.247007629675E-16 -1.251127432892E-01  7.598208788490E+01  1.009451686242E-01  1.228070688957E-01 -6.157058178821E-02 -9.092484894657E-04 -1.091576370137E+00  1.652391075626E-01  7.201405443190E-03 -1.577530726160E-02  8.573901818352E-03 -1.945837740170E-02  2.157393450890E-04 -2.476551452499E-06  9.967933635684E-07 -1.321904703169E-06  9.296152998664E-01  2.476551452986E-06 -1.158679078423E-02  7.520617033624E-20  7.947306058926E-21  1.049686983077E-20 -1.159036284309E-03
  1.811894958879E+01  1.841119096743E+01  8.732235319154E+00 -5.666154902857E-16 -1.261399727340E-01  7.652659875349E+01  9.624267883147E-02  1.192344213397E-01 -5.686910257910E-02 -7.669079369864E-04 -1.103805268874E+00  1.589328293801E-01  6.467785399310E-03 -1.475300023635E-02  8.285214837100E-03 -1.744391064532E-02  6.707864583468E-04  7.241309892857E-08  9.662905028806E-07  1.835795558619E-07  8.421754441913E-01 -7.241317151259E-08 -3.767159172625E-02 -5.578383370524E-21 -2.314939221236E-20  1.203297538291E-19 -1.035901194906E-03
  1.870343234607E+01  1.899567372819E+01  8.761902870508E+00 -1.865144950514E-15 -1.278651730537E-01  7.703380271004E+01  9.117153745358E-02  1.168251681204E-01 -5.219109685325E-02 -6.923908840747E-04 -1.121312820284E+00  1.533148311505E-01  5.806255182894E-03 -1.389839747888E-02  8.092142296052E-03 -1.567924957252E-02  5.989821050205E-04  2.899446008252E-07  9.342402061050E-07  1.202634883974E-06  7.800780664204E-01 -2.899446502787E-07 -6.138253047624E-02  6.924977700198E-20  6.886846914458E-20 -2.218921652694E-20 -9.230560854089E-04
  1.928791511031E+01  1.958015630833E+01  8.789228052306E+00 -1.666363258452E-15 -1.306244896625E-01  7.750187493684E+01  8.576156820541E-02  1.151751088721E-01 -4.741767132758E-02 -5.826153942465E-04 -1.148373076821E+00  1.487939249086E-01  5.356449443183E-03 -1.305712413967E-02  7.700674696565E-03 -1.398709805635E-02  5.010589581516E-04  2.921625714346E-06  1.289531086355E-06  1.453321505477E-06  7.336858499466E-01 -2.921625696775E-06 -7.112517696088E-02 -3.879366070023E-20 -4.710716135554E-21 -8.330344894171E-20 -8.390733030832E-04
  1.987239750636E+01  2.016463870723E+01  8.815506291412E+00 -1.290129540369E-15 -1.330614836306E-01  7.795509741121E+01  8.011542420219E-02  1.129779924753E-01 -4.261643047847E-02 -5.650934671323E-04 -1.173199609337E+00  1.436834861730E-01  5.085929642409E-03 -1.230826047191E-02  7.222330829608E-03 -1.279303283529E-02  4.810613108775E-04  8.751365559396E-07  5.487784515685E-07 -4.676786066544E-08  6.935499037247E-01 -8.751365882356E-07 -7.612945143799E-02 -1.151913573687E-19 -9.864659461437E-20 -3.245797016877E-20 -7.603822012865E-04
  2.045687990810E+01  2.074912111150E+01  8.839899022237E+00 -1.293702007703E-15 -1.361865714862E-01  7.837789147839E+01  7.411852467245E-02  1.100160941837E-01 -3.780162094381E-02 -4.936795915027E-04 -1.204268468772E+00  1.379022610174E-01  4.472879999804E-03 -1.141686916624E-02  6.943989166426E-03 -1.147880829797E-02  7.512053627533E-04 -5.766812034923E-07 -2.477541116438E-07 -3.508589221819E-07  6.072644117553E-01  5.766812056958E-07 -6.329892308181E-02  8.843153773624E-20  8.846224799599E-20 -1.158689172055E-19 -6.550315899351E-04
  2.104136231489E+01  2.133360352051E+01  8.859873116466E+00 -3.281589867329E-16 -1.376861165550E-01  7.872637168938E+01  6.752123987939E-02  1.064729922213E-01 -3.289658213227E-02 -4.639538441910E-04 -1.219963633840E+00  1.321940655471E-01  3.755738405654E-03 -1.055339309713E-02  6.797654691688E-03 -9.462127816163E-03  2.975410206431E-04 -1.221071333588E-06 -1.170647094580E-07 -1.603188089123E-06  5.174589984383E-01  1.221071359064E-06 -2.230333662929E-02 -4.176235003519E-20  1.026559594253E-20 -3.196645136541E-20 -5.432371018638E-04
  2.162584472612E+01  2.191808612088E+01  8.877704680370E+00  1.667017485525E-16 -1.378160111916E-01  7.903761400500E+01  6.014425733696E-02  1.042503082948E-01 -2.797339880979E-02 -3.838118368785E-04 -1.222671061999E+00  1.270260065514E-01  3.323286253555E-03 -9.833773348174E-03  6.510487094464E-03 -7.962949387440E-03 -1.465300223836E-04 -1.080070295156E-06  5.206508101101E-07 -7.872940816653E-07  4.630923092987E-01  1.080070275894E-06  1.445695768665E-02  1.510706441380E-19  6.327036109232E-20  5.040928467709E-20 -4.618487231331E-04
  2.221032751564E+01  2.250256872473E+01  8.893706806609E+00 -6.454131654238E-16 -1.366298793334E-01  7.931824961106E+01  5.175894384210E-02  1.035806643033E-01 -2.290659785103E-02 -3.251757120378E-04 -1.213496224374E+00  1.217673496033E-01  2.931272666607E-03 -9.320882059526E-03  6.389609392865E-03 -6.703325652560E-03 -4.942851432790E-04  1.202652418350E-06  1.114225795217E-06  4.735221556153E-07  3.975189947490E-01 -1.202652460253E-06  5.401765854573E-02  3.448377045419E-20 -9.352189026513E-20 -2.896696043109E-20 -3.714653437402E-04
  2.279480993382E+01  2.308705114417E+01  8.906747635777E+00 -1.796419357386E-15 -1.338694786015E-01  7.954736131031E+01  4.203976944935E-02  1.045469199124E-01 -1.803134612339E-02 -2.515987404073E-04 -1.189760233671E+00  1.168898949764E-01  2.958028601427E-03 -9.100261596951E-03  6.142232995666E-03 -5.361663580516E-03 -6.564672032601E-04 -8.112680643241E-07  7.618666536117E-07  2.843415779463E-07  3.598058012869E-01  8.112680302878E-07  4.819835200245E-02 -1.635047699348E-19  1.042936421119E-20  1.044976219602E-19 -3.105189088987E-04
  2.337929235452E+01  2.367153365945E+01  8.919994349684E+00 -1.674658040346E-15 -1.331085655608E-01  7.978152380521E+01  3.050607614313E-02  1.095034022053E-01 -1.273636025427E-02 -2.557830957416E-04 -1.183151024410E+00  1.132172474911E-01  3.279642594931E-03 -9.828984696988E-03  6.549342102238E-03 -4.405912621158E-03 -3.335077540217E-04  5.191671229098E-07  1.925506862573E-07 -1.527238231801E-07  2.776140274389E-01 -5.191670920228E-07  2.354304157516E-03  3.367423642876E-19  5.706636072801E-21  2.235050822735E-20 -2.124877968397E-04
  2.396377496438E+01  2.425601622313E+01  8.927030152138E+00 -4.788562065657E-16 -1.336975203038E-01  7.991281371144E+01  1.672534755449E-02  1.204704661038E-01 -7.870192307574E-03 -1.113616520739E-04 -1.190161543081E+00  1.160591701920E-01  4.843507925124E-03 -1.398039351413E-02  9.136885588937E-03 -2.477250059635E-03 -4.697865451808E-04 -2.814154490527E-07  1.573697667945E-07  3.841374751397E-07  2.288602977879E-01  2.814154757997E-07  5.942210697103E-03  1.159461295896E-19 -3.035089688484E-20 -1.388445007851E-20 -1.403249213619E-04
  2.454825748187E+01  2.484049874094E+01  8.936714958163E+00  3.657414150861E-17 -1.326744031058E-01  8.009662264711E+01  2.733283934781E-03  1.463378448467E-01 -2.271493419921E-03 -1.040819378518E-04 -1.184811403766E+00  1.572372588347E-01  3.827182317282E-03 -2.290766649733E-02  1.908048418035E-02 -1.608412868501E-03 -3.680435212119E-03 -1.899412064676E-07  9.208022276408E-08  2.667583954238E-08  1.325588837757E-01  1.899412026389E-07  1.400389106197E-02  2.606238375690E-20 -2.882676000664E-20 -1.395189542248E-19 -3.061624611419E-05
