                   y                  ym                   U                   V                   W                 U^2                 V^2                 W^2                  UV                  VW                  UW                VISC               SFSxx               SFSyy               SFSzz               SFSxy               SFSyz                dUdX                dVdX                dWdX                dUdY                dVdY                dWdY                dUdZ                dVdZ                dWdZ              SFSxym
 -5.844822281166E-01 -2.922411140583E-01  0.000000000000E+00  0.000000000000E+00  0.000000000000E+00  0.000000000000E+00  0.000000000000E+00  0.000000000000E+00  0.000000000000E+00  0.000000000000E+00  0.000000000000E+00  0.000000000000E+00  0.000000000000E+00  0.000000000000E+00  0.000000000000E+00 -8.492673877124E-03  1.500333084057E-02  0.000000000000E+00  0.000000000000E+00  0.000000000000E+00  0.000000000000E+00  0.000000000000E+00  0.000000000000E+00  0.000000000000E+00  0.000000000000E+00  0.000000000000E+00  0.000000000000E+00
  2.220446049250E-16  2.922411140583E-01  4.390035640603E+00 -1.934090342591E-14 -1.550909967426E+01  1.996974991972E+01  4.386182029797E-02  2.417085669945E+02 -6.378536571067E-02 -3.402908716684E-03 -6.839777884674E+01  6.483797754156E-03  3.176226795784E-05  2.053071002548E-05 -5.229297798788E-05 -9.254970505345E-02  1.578435364647E-01  2.429460231210E-03 -2.264517595141E-04 -1.767913576099E-04  1.382615114729E+02 -2.429460232260E-03 -4.257720053527E+02  3.657943333468E-20 -7.966914955385E-21  9.636935325160E-19 -7.311882412880E-03
  5.844822281166E-01  8.767233554515E-01  5.711313225474E+00 -1.643198899714E-14 -1.559919463757E+01  3.397455186688E+01  1.596317112951E-01  2.440214774789E+02 -1.840377175118E-01 -3.096262395055E-03 -8.921039225113E+01  2.419136302298E-02  1.116914828864E-02 -1.244832791238E-03 -9.924315497387E-03 -3.732336901750E-02  3.149218671976E-03 -1.337598272155E-03 -2.961648712174E-04  2.960524083904E-04  2.342869092170E+01  1.337598273369E-03 -1.726482171994E+00 -1.649900059385E-19  2.758256968952E-21  2.690438676679E-19 -4.218855813753E-02
  1.168964482786E+00  1.461205623082E+00  6.101867286309E+00  4.106137606862E-15 -1.563425306646E+01  3.822777518996E+01  1.798938239599E-01  2.449726998120E+02 -1.512344581268E-01 -2.863309499778E-03 -9.547121336548E+01  2.003122829496E-02  4.145488293114E-03 -1.959607269998E-04 -3.949527566102E-03 -2.116508561893E-02  9.607172881258E-04 -4.716325978330E-04 -9.031231618194E-05  8.427377154242E-05  1.168896529305E+01  4.716325977400E-04 -5.827078209246E-01 -7.178983488296E-21 -5.638907809334E-21  1.287984520638E-19 -2.124555423482E-02
  1.753446763377E+00  2.045687167303E+00  6.565358494827E+00  2.137754420947E-15 -1.564171076397E+01  4.409537391102E+01  1.859646725070E-01  2.451621707302E+02 -1.649144734615E-01 -2.688568669773E-03 -1.027443770203E+02  1.860307679318E-02  4.015408282368E-03 -7.956665385251E-04 -3.219741743842E-03 -2.043055686990E-02  2.440652489268E-04 -2.155232317982E-04 -2.590324306863E-05 -4.718136820760E-05  1.045756545993E+01  2.155232317800E-04 -1.537399891082E-01  4.479859775870E-20  3.072711119644E-20 -4.710273372293E-19 -1.743193874152E-02
  2.337927571228E+00  2.630168736496E+00  6.865829413086E+00  1.633345858927E-15 -1.564541252798E+01  4.804235440674E+01  1.946980642051E-01  2.452462453117E+02 -1.589604878597E-01 -2.150540459021E-03 -1.074596881668E+02  1.659584447485E-02  2.904178549124E-03 -7.145074242681E-04 -2.189671124853E-03 -1.357799761107E-02  1.288466296771E-04 -2.317312443858E-04 -3.529408445322E-06 -1.683841330257E-06  7.843464163305E+00  2.317312443751E-04 -2.143357733272E-02 -3.275989072770E-21  4.527230497525E-20  9.784041436961E-19 -1.255258808755E-02
  2.922409901764E+00  3.214651079044E+00  7.138348692712E+00 -2.384676457188E-15 -1.564314207850E+01  5.181417615133E+01  2.027362889374E-01  2.451584042360E+02 -1.598076651275E-01 -2.147403380689E-03 -1.117004891962E+02  1.550293612161E-02  2.463606805478E-03 -7.655808779075E-04 -1.698025927574E-03 -1.134217812909E-02  1.580175109265E-06 -1.651559484395E-04  2.939249601367E-06  7.433015733095E-05  6.725821782481E+00  1.651559482315E-04  5.319238911879E-02  1.151284596196E-20 -1.828365851383E-20  1.501557436595E-20 -1.033244130730E-02
  3.506892256323E+00  3.799133445299E+00  7.357230402490E+00 -3.191723998859E-15 -1.564145786964E+01  5.493245450446E+01  2.089314263936E-01  2.450858981963E+02 -1.556454125017E-01 -2.085795164169E-03 -1.151069546040E+02  1.448599752065E-02  1.984042701980E-03 -6.531724178094E-04 -1.330870284174E-03 -9.056658864440E-03  2.551964374468E-05 -8.851693622039E-05  2.304808971010E-06  6.758474945201E-05  5.694734677822E+00  8.851693638444E-05  5.533185734598E-02 -5.182414419123E-20 -3.194421789313E-20  7.159651250763E-19 -8.510667443426E-03
  4.091374634275E+00  4.383615834630E+00  7.554417292280E+00 -3.925365161050E-15 -1.563909975966E+01  5.783384133317E+01  2.124041607166E-01  2.449927110055E+02 -1.532071179270E-01 -2.000649127418E-03 -1.181695256546E+02  1.374191145572E-02  1.712119746899E-03 -6.041366726556E-04 -1.107983074245E-03 -7.232923920808E-03  6.505050540433E-06 -5.254211648174E-05  7.061117769599E-06  2.151954456019E-06  5.056918008222E+00  5.254211628194E-05  7.749423628644E-02  4.285241546695E-20  2.433733234004E-20  1.021641687083E-18 -7.357922459957E-03
  4.675857034986E+00  4.968097497391E+00  7.726650615995E+00 -1.252065836182E-15 -1.563580863739E+01  6.042800137956E+01  2.135437755559E-01  2.448718744302E+02 -1.490904640261E-01 -2.028799218921E-03 -1.208336126081E+02  1.309933791441E-02  1.511356772016E-03 -5.538415888960E-04 -9.575151831185E-04 -6.752180796074E-03 -5.736943502659E-06  7.364076808704E-05  1.353610565132E-05 -3.353664014832E-05  4.546424126656E+00 -7.364076773628E-05  7.068694947592E-02 -9.694615613873E-21 -1.128313289966E-20 -3.664778741480E-19 -6.455475288178E-03
  5.260337959797E+00  5.552579181964E+00  7.886564778505E+00  4.019336322009E-15 -1.563399521770E+01  6.289331611566E+01  2.128284740694E-01  2.447991164387E+02 -1.456866812508E-01 -1.951688865094E-03 -1.233153956744E+02  1.254496350886E-02  1.357553593272E-03 -5.132039323970E-04 -8.443496608744E-04 -6.060587528785E-03  2.839996031076E-05  9.379478748453E-05  1.286381260535E-05  1.037122342930E-05  4.184095624908E+00 -9.379478754313E-05  4.308544155313E-02  3.774945622703E-21  1.039599460984E-20 -1.322562605903E-18 -5.792028044763E-03
  5.844820404131E+00  6.137061636729E+00  8.032394239010E+00 -5.689719175312E-17 -1.563269533292E+01  6.518556115529E+01  2.109123484807E-01  2.447429717469E+02 -1.415043655784E-01 -2.031068039088E-03 -1.255803508524E+02  1.202879070929E-02  1.211806190286E-03 -4.476193978387E-04 -7.641867924455E-04 -5.422634236841E-03  4.745081128772E-05  2.478644875671E-05  7.400220291638E-06  3.606055043157E-05  3.839752040126E+00 -2.478644891969E-05  3.240209601826E-02  9.531266859460E-21 -2.870471736232E-20  1.384120819437E-19 -5.196985414565E-03
  6.429302869328E+00  6.721544112042E+00  8.167133660428E+00 -6.972586296623E-16 -1.563160117128E+01  6.734232198604E+01  2.082254721472E-01  2.446946280347E+02 -1.375540744297E-01 -1.892763564871E-03 -1.276744271870E+02  1.156641327260E-02  1.097107258973E-03 -4.028675882666E-04 -6.942396707087E-04 -4.893221970395E-03  5.267581165681E-05 -2.222381237811E-05  3.479980723499E-06  1.684475178151E-05  3.553243525075E+00  2.222381250659E-05  3.089560074723E-02 -5.551656669459E-20  1.002501567564E-21 -3.008117534569E-19 -4.701414574447E-03
  7.013785354756E+00  7.306026607269E+00  8.292004169113E+00  5.077046618381E-16 -1.563043981696E+01  6.937401333171E+01  2.048236101957E-01  2.446447595493E+02 -1.333652349543E-01 -1.960251817329E-03 -1.296141370127E+02  1.113342612632E-02  9.862187775778E-04 -3.525513605830E-04 -6.336674169941E-04 -4.441098195310E-03  3.852147252041E-05 -2.671518418408E-05  3.427018175151E-06 -1.240210096706E-05  3.304649215104E+00  2.671518412239E-05  3.010459176699E-02  1.857450491595E-20  9.947796895956E-21  7.201668637997E-19 -4.272821503572E-03
  7.598267859782E+00  7.890508372765E+00  8.408598532916E+00 -1.030509895612E-15 -1.562937826700E+01  7.129888363850E+01  2.007179966730E-01  2.445974480608E+02 -1.291625508839E-01 -1.813856755853E-03 -1.314256895739E+02  1.073519411704E-02  8.845499240970E-04 -3.039683716465E-04 -5.805815524476E-04 -4.047348495719E-03  3.315642252751E-05 -2.221582731543E-05  3.142524980335E-06  8.433774413851E-07  3.107470682365E+00  2.221582729099E-05  4.911946256176E-02  9.105445182873E-20 -4.985183648642E-20  5.432408675472E-19 -3.916168410629E-03
  8.182748885748E+00  8.474990156911E+00  8.519011448639E+00 -1.508971997082E-15 -1.562679603020E+01  7.314796991252E+01  1.960934123970E-01  2.445040356010E+02 -1.249490230817E-01 -1.824414594211E-03 -1.331259451307E+02  1.037185954996E-02  8.105590923023E-04 -2.690087663325E-04 -5.415503259688E-04 -3.736448680128E-03  7.628061399949E-06 -6.982745772912E-06  2.132823450389E-06  3.345289412255E-05  2.938190873503E+00  6.982745770165E-06  5.052486049741E-02 -1.197159362366E-19  9.441242660976E-22 -4.681641055033E-19 -3.612510410771E-03
  8.767231428075E+00  9.059472708089E+00  8.623200609758E+00 -7.584507572157E-16 -1.562568175468E+01  7.491447771611E+01  1.910467288424E-01  2.444572579789E+02 -1.206779340789E-01 -1.692189315826E-03 -1.347422137566E+02  1.001893175693E-02  7.517012883159E-04 -2.444345144259E-04 -5.072667738897E-04 -3.435783752414E-03  3.218854365851E-05  2.575459427504E-05  3.013749991354E-06  8.559815554556E-06  2.757872262029E+00 -2.575459423083E-05  4.689382899767E-02 -2.792180029380E-20  4.500726105070E-20 -1.030454842852E-18 -3.315775609530E-03
  9.351713988104E+00  9.643955276654E+00  8.720490885693E+00  5.551442888049E-16 -1.562339738162E+01  7.658392776274E+01  1.858114442713E-01  2.443728339905E+02 -1.163935459886E-01 -1.658348909772E-03 -1.362400475977E+02  9.680387055745E-03  6.801922697345E-04 -2.140351720041E-04 -4.661570977297E-04 -3.480886410132E-03  1.372174214703E-05  1.395630352522E-05  3.413477516173E-06 -2.732207221595E-05  2.598125388030E+00 -1.395630349827E-05  5.095278022396E-02  3.740416006642E-20 -1.262281927228E-20  3.684292023060E-19 -3.050309304152E-03
  9.936196565203E+00  1.022843786197E+01  8.813063892409E+00  1.085964185153E-15 -1.562199230473E+01  7.818860779726E+01  1.804983226460E-01  2.443159544465E+02 -1.120537302475E-01 -1.498386899724E-03 -1.376725094897E+02  9.353262128312E-03  6.241842836808E-04 -1.865177219312E-04 -4.376665617484E-04 -2.910635236238E-03  1.029122285651E-05  2.163822030572E-05  1.551488622726E-06 -2.559779091158E-05  2.454487500628E+00 -2.163822030458E-05  6.523848042231E-02  3.138625838393E-21 -9.276082768115E-21 -1.053238434722E-18 -2.810249200692E-03
  1.052067915874E+01  1.081291971440E+01  8.899853188487E+00  1.197533394693E-15 -1.561864134001E+01  7.970852096428E+01  1.750320700041E-01  2.441991355813E+02 -1.078074896945E-01 -1.525230290287E-03 -1.389976560744E+02  9.028115021232E-03  5.737409401060E-04 -1.662893456259E-04 -4.074515944790E-04 -2.672423976350E-03 -2.379575765141E-05 -9.368111429994E-06 -9.850023906479E-07 -2.997205195584E-05  2.318293742047E+00  9.368111434321E-06  9.130764878248E-02 -7.156995228421E-20 -2.336760321854E-20 -6.461460670823E-19 -2.592825314029E-03
  1.110516027005E+01  1.139740158231E+01  8.982426938353E+00  6.628360945463E-16 -1.561529975490E+01  8.116991258571E+01  1.695042226969E-01  2.440843758503E+02 -1.034280679388E-01 -1.330437679166E-03 -1.402571354915E+02  8.725599595699E-03  5.399418081616E-04 -1.500110423337E-04 -3.899307658280E-04 -2.473930756808E-03 -3.123429066767E-05 -4.432799860809E-05 -3.026229210937E-06  4.030603569181E-06  2.195122666746E+00  4.432799857403E-05  1.000662092226E-01 -6.131270119481E-20 -8.333846368066E-21  6.791410282415E-20 -2.391110738737E-03
  1.168964289457E+01  1.198188421410E+01  9.060213750503E+00 -1.219380004021E-15 -1.561132736304E+01  8.255800437133E+01  1.638783026156E-01  2.439495097699E+02 -9.910094680020E-02 -1.322545172084E-03 -1.414364089828E+02  8.451249678175E-03  5.046035375957E-04 -1.318623345873E-04 -3.727412030073E-04 -2.282703224942E-03 -3.911421590892E-05 -1.164266107832E-05 -2.914867374706E-06  1.795813960121E-05  2.085747158954E+00  1.164266100906E-05  1.202076954946E-01  4.154226662863E-20 -2.144856201379E-20 -9.657639351481E-19 -2.222087146872E-03
  1.227412553362E+01  1.256636686011E+01  9.134816436599E+00 -2.291068378743E-15 -1.560652690953E+01  8.390102780972E+01  1.580428522681E-01  2.437903283478E+02 -9.472558699966E-02 -1.190870496674E-03 -1.425580014252E+02  8.174075929592E-03  4.602205614956E-04 -1.146467977369E-04 -3.455737637590E-04 -2.125028467648E-03 -4.639489857963E-05 -6.314942481496E-06 -9.323802288928E-07 -6.729283673206E-06  1.977222434778E+00  6.314942491691E-06  1.175428421409E-01  4.518207907290E-20  4.745237262469E-20 -2.224106470511E-19 -2.053842951944E-03
  1.285860818659E+01  1.315084951971E+01  9.204656330263E+00 -1.067489402231E-15 -1.560272889599E+01  8.516628056513E+01  1.520996003214E-01  2.436631506632E+02 -9.038507262130E-02 -1.161742305828E-03 -1.436130664924E+02  7.889400498001E-03  4.242566070252E-04 -1.007176523233E-04 -3.235389547012E-04 -1.953649563927E-03 -3.173586194414E-05 -3.724626541867E-06 -2.139079349971E-06 -8.317951761601E-06  1.863715109344E+00  3.724626598675E-06  9.806430533590E-02  7.865456104029E-20 -1.241650623716E-20  1.972596216063E-20 -1.890157809704E-03
  1.344309085283E+01  1.373533181777E+01  9.270959524523E+00  1.689471293183E-16 -1.559935754322E+01  8.637741511172E+01  1.462501147600E-01  2.435488160045E+02 -8.597933408926E-02 -1.134409455731E-03 -1.446162818228E+02  7.639394362344E-03  3.882372558734E-04 -8.828428243049E-05 -2.999529734438E-04 -1.806050775978E-03 -2.166732578405E-05  6.993256640462E-06 -4.941969595276E-06  2.092750142987E-06  1.760664175770E+00 -6.993256629449E-06  8.406870653635E-02 -8.567202416734E-21  1.737387471968E-20  1.103292821119E-19 -1.744967015067E-03
  1.402757278270E+01  1.431981412815E+01  9.333293191227E+00  5.360467893559E-16 -1.559658912312E+01  8.752385399140E+01  1.406288185425E-01  2.434537862611E+02 -8.163191691229E-02 -1.080100399651E-03 -1.455629370419E+02  7.393343544343E-03  3.648600323640E-04 -7.270190502328E-05 -2.921581273408E-04 -1.661256115866E-03 -1.266993164158E-05  1.585874840143E-05 -6.661649725763E-06 -9.766775577201E-06  1.673148803667E+00 -1.585874839220E-05  7.566762675094E-02 -6.149836380595E-20 -7.469542249340E-21 -1.440659443501E-19 -1.613628090844E-03
  1.461205547360E+01  1.490429645023E+01  9.393216490374E+00  1.369486294080E-15 -1.559382055146E+01  8.863285585158E+01  1.350502374376E-01  2.433598244639E+02 -7.717729328936E-02 -1.032464904726E-03 -1.464717750919E+02  7.155422179407E-03  3.302979051898E-04 -5.565995812686E-05 -2.746379470630E-04 -1.669495404748E-03 -7.624004598019E-06  3.086394829981E-06 -8.026229395859E-06  2.924879808063E-07  1.598348728414E+00 -3.086394793228E-06  7.389802080824E-02 -3.792436882357E-21  7.322939865129E-21 -7.541472867877E-19 -1.492848318104E-03
  1.519653742686E+01  1.548877878338E+01  9.450078517388E+00  1.824193835302E-15 -1.559119672554E+01  8.969270046871E+01  1.294913205487E-01  2.432701830904E+02 -7.282352277166E-02 -1.013326323115E-03 -1.473334952245E+02  6.901810013768E-03  3.014988627195E-04 -4.286251549517E-05 -2.586363472236E-04 -1.426764972192E-03 -4.492048446306E-06 -1.102633524040E-05 -7.794271288397E-06 -1.721802066174E-06  1.512856335348E+00  1.102633522878E-05  7.163182772644E-02 -4.761624553049E-20 -3.230894754053E-21 -6.270738579558E-19 -1.380658637001E-03
  1.578102013989E+01  1.607326150146E+01  9.503742707151E+00  1.668216769092E-15 -1.558860277145E+01  9.069780893107E+01  1.239160592633E-01  2.431810867127E+02 -6.842133571263E-02 -9.321955436917E-04 -1.481454436319E+02  6.652659895318E-03  2.723213492413E-04 -2.470314806786E-05 -2.476182011741E-04 -1.309349005553E-03 -2.211910285736E-06 -1.347973354924E-05 -4.740361097170E-06 -1.027961067842E-05  1.420608985657E+00  1.347973355242E-05  6.779913161608E-02 -1.472066650262E-20 -4.043027534919E-20  6.699833646685E-19 -1.261331202676E-03
  1.636550286303E+01  1.665774385483E+01  9.553851561385E+00  2.245103472965E-15 -1.558623569400E+01  9.164140073102E+01  1.181952854025E-01  2.431002371531E+02 -6.403149072267E-02 -8.948270815942E-04 -1.489043019169E+02  6.402642170766E-03  2.440946006444E-04 -1.515753795398E-05 -2.289370626901E-04 -1.190566234855E-03 -4.792879617050E-06 -5.710333181508E-06  6.264385723741E-07 -5.914419359961E-06  1.326731563274E+00  5.710333209971E-06  7.278724909324E-02 -1.082980999940E-20 -3.552892606579E-20 -6.556778921806E-19 -1.145832113448E-03
  1.694998484664E+01  1.724222621738E+01  9.600663576725E+00  2.584067202766E-15 -1.558328252635E+01  9.252753295121E+01  1.124011877106E-01  2.430013983924E+02 -5.961334820631E-02 -8.183413750226E-04 -1.496060753612E+02  6.186111629775E-03  2.292098624100E-04 -1.307367042416E-05 -2.161361919858E-04 -1.085609733889E-03 -1.414489834961E-05  8.160803240383E-06  3.125029996246E-06  4.053442141427E-06  1.241208572661E+00 -8.160803250207E-06  7.640989231486E-02  4.147981570492E-20  1.046640646287E-20 -2.977437827652E-19 -1.045170004290E-03
  1.753446758811E+01  1.782670858845E+01  9.644547552601E+00  2.029881534293E-15 -1.558066259271E+01  9.336112029039E+01  1.066856590771E-01  2.429130579713E+02 -5.516761454094E-02 -7.970009042490E-04 -1.502649769690E+02  5.958396451171E-03  2.142967749304E-04 -5.553749927839E-06 -2.087430250027E-04 -9.873286542174E-04 -7.691530725573E-06  1.547348621495E-05  2.693877236160E-06  9.512775149708E-06  1.174830523113E+00 -1.547348623537E-05  7.182769760805E-02  1.475823785314E-20 -1.937803254042E-20 -4.082856425472E-19 -9.518235831811E-04
  1.811894958879E+01  1.841119096743E+01  9.686512893481E+00  1.527043445012E-15 -1.557802584580E+01  9.416213333535E+01  1.009359168769E-01  2.428247147833E+02 -5.077573496880E-02 -7.007742608514E-04 -1.508942846991E+02  5.741021090537E-03  1.884508326243E-04  3.765615589158E-06 -1.922164482131E-04 -9.029129009634E-04 -1.255055709680E-05  9.647293988475E-06  2.329521268626E-06 -1.385475538006E-06  1.107268944675E+00 -9.647293995471E-06  6.512618671787E-02 -2.165176665318E-20 -1.682624226083E-20 -3.333575993558E-19 -8.681337717752E-04
  1.870343234607E+01  1.899567372819E+01  9.725450971171E+00  1.430077249206E-15 -1.557589176981E+01  9.490904153158E+01  9.493807776732E-02  2.427526625805E+02 -4.630293716185E-02 -6.852190694910E-04 -1.514810090008E+02  5.537435357322E-03  1.702808925208E-04  1.082941667720E-05 -1.811103091978E-04 -8.197701128601E-04 -4.182167857321E-06 -3.888941450974E-06  2.115539616402E-06 -3.826322645852E-06  1.057416198743E+00  3.888941452771E-06  5.472774008236E-02 -6.215653707580E-21 -1.464338292584E-21  1.212524137491E-19 -7.973896417747E-04
  1.928791511031E+01  1.958015630833E+01  9.763761112485E+00  1.048817223804E-15 -1.557402901415E+01  9.564826298041E+01  8.865072954915E-02  2.426894820175E+02 -4.190015946297E-02 -6.323123210620E-04 -1.520610883082E+02  5.332960368964E-03  1.520228064620E-04  2.075984048463E-05 -1.727826469465E-04 -7.616123818135E-04 -8.002513883513E-06 -9.814855149299E-06  2.407071884459E-06  5.294352133625E-06  9.998397398477E-01  9.814855126684E-06  6.148082528915E-02  3.281293123535E-20  1.664332152558E-20  1.029781568367E-18 -7.293643339516E-04
  1.987239750636E+01  2.016463870723E+01  9.798491593892E+00  9.223645957963E-16 -1.557140563308E+01  9.632025101591E+01  8.206241104857E-02  2.426029546705E+02 -3.747417684737E-02 -5.753059348376E-04 -1.525775264566E+02  5.134766064973E-03  1.352446356390E-04  2.826141170226E-05 -1.635060473414E-04 -7.513800955356E-04 -1.870475920221E-05 -4.488667344011E-06  3.152661395182E-06 -4.307726259782E-07  9.201019701861E-01  4.488667359747E-06  7.880308510137E-02 -2.767591370778E-20 -2.193295126387E-20  8.615246281850E-19 -6.508118238230E-04
  2.045687990810E+01  2.074912111150E+01  9.830984372797E+00  1.464913688813E-15 -1.556827842368E+01  9.695150332601E+01  7.518041541033E-02  2.425016557893E+02 -3.301343218389E-02 -5.041280695499E-04 -1.530537719391E+02  4.933869570104E-03  1.207372552769E-04  2.967084261274E-05 -1.504080978894E-04 -6.088980094428E-04 -2.511826800998E-05  5.194010412084E-06  3.080046901904E-06 -1.440661042298E-06  8.672128791345E-01 -5.194010397892E-06  8.698601319696E-02 -3.056751855305E-20  1.468996774704E-20 -3.365702226439E-19 -5.861303864833E-04
  2.104136231489E+01  2.133360352051E+01  9.861850725020E+00  1.507541321607E-15 -1.556505117566E+01  9.755369749425E+01  6.795343908449E-02  2.423966515202E+02 -2.857046960470E-02 -4.406092096037E-04 -1.535038875951E+02  4.753514616854E-03  1.001538431206E-04  3.704183196081E-05 -1.371956750807E-04 -5.526976354128E-04 -2.245420173769E-05 -1.310085324220E-06  1.494325134703E-06 -1.102946846634E-06  8.306335082238E-01  1.310085312468E-06  7.697665148373E-02  5.322239844688E-20  2.279945807818E-21  1.388205385397E-18 -5.310247879957E-04
  2.162584472612E+01  2.191808612088E+01  9.891670395557E+00  1.411725175578E-15 -1.556265198151E+01  9.813768201672E+01  6.030678281933E-02  2.423180584608E+02 -2.416146527769E-02 -3.824470914327E-04 -1.539462028217E+02  4.560523830233E-03  8.448846384662E-05  4.242838249232E-05 -1.269168463387E-04 -4.995237381076E-04 -1.411034269266E-05  5.520652045504E-06  1.232598449109E-07  8.341420451401E-07  7.830808359743E-01 -5.520652038916E-06  5.920465132933E-02 -3.297947122685E-20  4.597073726522E-21  2.288011215977E-19 -4.749994434987E-04
  2.221032751564E+01  2.250256872473E+01  9.919064528595E+00  1.595466619181E-15 -1.556072920407E+01  9.867764156756E+01  5.202664753667E-02  2.422556425997E+02 -1.969024108165E-02 -3.616710973510E-04 -1.543549872128E+02  4.389562413722E-03  6.622293866519E-05  5.037201204600E-05 -1.165949507104E-04 -4.381139442164E-04 -1.178992671612E-05  4.350125963429E-06 -2.330316741144E-07  7.567264401755E-06  7.264360072376E-01 -4.350125959900E-06  2.538038917325E-02 -3.711944104823E-20  7.809485863361E-21  8.031251869757E-19 -4.164241231514E-04
  2.279480993382E+01  2.308705114417E+01  9.944742331175E+00  1.087128524008E-15 -1.556079833495E+01  9.918710840955E+01  4.256014156614E-02  2.422561066799E+02 -1.524620431796E-02 -2.098566038126E-04 -1.547565550034E+02  4.237479990484E-03  5.188274932223E-05  5.794240812710E-05 -1.098251574488E-04 -3.896243514049E-04  5.291758392495E-06  1.378536166376E-06 -2.717529286301E-07  6.980132400490E-06  7.090409731582E-01 -1.378536197654E-06 -1.159292150746E-02  2.209305416765E-20  1.359939114542E-20 -9.209784122470E-19 -3.769348852101E-04
  2.337929235452E+01  2.367153365945E+01  9.970865924324E+00  6.452683918414E-16 -1.556157623965E+01  9.970799002262E+01  3.120460801230E-02  2.422812791254E+02 -1.078653374662E-02 -2.065121844395E-04 -1.551719692319E+02  4.128565720761E-03  3.687634682963E-05  6.557934063638E-05 -1.024556874663E-04 -3.625170380797E-04  1.541860778459E-05  4.118329352473E-06 -4.000995565876E-07  1.659052440762E-07  7.110196695953E-01 -4.118329345182E-06 -7.398334336421E-04 -2.734896812779E-20  9.107680532543E-21 -9.796802504264E-19 -3.545328068377E-04
  2.396377496438E+01  2.425601622313E+01  9.996693186634E+00  7.522157845185E-16 -1.556085405395E+01  1.002285015859E+02  1.741106209064E-02  2.422649903283E+02 -6.305977480125E-03 -1.231640522127E-05 -1.555686238698E+02  4.180935582304E-03 -4.649310787698E-08  1.146086484389E-04 -1.145621553308E-04 -3.566613154189E-04  8.552929591913E-06  1.029480116536E-06 -4.262306501524E-07 -1.083689340502E-07  8.165782332776E-01 -1.029480117866E-06  3.032234077474E-02  3.236668290150E-20 -4.358096157145E-21 -1.013601542549E-18 -3.899571893025E-04
  2.454825748187E+01  2.484049874094E+01  1.003052644044E+01  3.638709315631E-16 -1.555936076066E+01  1.009279402630E+02  2.925467168355E-03  2.422426809768E+02 -1.773093742148E-03 -1.596819694448E-04 -1.560808597773E+02  4.702661437167E-03  1.244651260625E-04 -1.171826967753E-04 -7.282429286156E-06 -4.307521279409E-04 -5.450690530578E-06  2.092518370727E-06 -1.922237115573E-07 -7.992030702565E-07  4.631067032566E-01 -2.092518390623E-06  2.043252708481E-02  2.589689015097E-20  2.948926913053E-21 -1.250317819649E-18 -2.012583032822E-04
