                   y                  ym                   U                   V                   W                 U^2                 V^2                 W^2                  UV                  VW                  UW                VISC               SFSxx               SFSyy               SFSzz               SFSxy               SFSyz                dUdX                dVdX                dWdX                dUdY                dVdY                dWdY                dUdZ                dVdZ                dWdZ              SFSxym
 -5.844822281166E-01 -2.922411140583E-01  0.000000000000E+00  0.000000000000E+00  0.000000000000E+00  0.000000000000E+00  0.000000000000E+00  0.000000000000E+00  0.000000000000E+00  0.000000000000E+00  0.000000000000E+00  0.000000000000E+00  0.000000000000E+00  0.000000000000E+00  0.000000000000E+00  0.000000000000E+00  0.000000000000E+00  0.000000000000E+00  0.000000000000E+00  0.000000000000E+00  0.000000000000E+00  0.000000000000E+00  0.000000000000E+00  0.000000000000E+00  0.000000000000E+00  0.000000000000E+00  0.000000000000E+00
 -4.247486258811E-17  2.922411140583E-01  3.758476425887E+00 -1.654471466444E-14 -2.813875462518E-01  1.473596703359E+01  2.502353022000E-02  3.546809161565E-01 -6.557435050768E-02 -2.333953769148E-03 -1.055605282057E+00  1.436046798448E-01  1.228732669407E-03  9.045835173251E-03 -1.027456784255E-02 -1.939014501989E+00  7.833174706606E-02 -3.487722391651E-03 -5.355866750366E-04  2.805048334459E-04  1.227821544592E+02  3.487722391081E-03 -8.139692216066E+00  3.749143735060E-20  6.786433730889E-21 -3.223148132352E-20 -1.096897548858E-02
  5.844822281166E-01  8.767233554515E-01  5.212053437844E+00  6.820597282494E-16 -3.133473036239E-01  2.824811731794E+01  9.672366003619E-02  3.842397458577E-01 -1.689605023991E-01 -1.563928405307E-03 -1.639183790675E+00  4.933938991753E-01  2.093712061348E-01 -8.240374637286E-02 -1.269674597610E-01 -8.434788861622E-01  3.637604550402E-02  1.363880090881E-03 -8.408558713429E-04 -2.182897721786E-05  2.526643942347E+01 -1.363880088573E-03 -3.355225994741E-01 -7.894396333249E-20 -4.689057110102E-20 -2.584223116584E-19 -5.362910111538E-02
  1.168964482786E+00  1.461205623082E+00  5.604376876925E+00  6.255209566465E-15 -3.058702240425E-01  3.225679033617E+01  1.220139442550E-01  3.594606823563E-01 -1.533270966573E-01 -1.356873939152E-03 -1.716201979549E+00  4.606760251132E-01  9.000118127723E-02 -1.015820004202E-01  1.158081914218E-02 -3.653960554135E-01 -1.878359937040E-02  1.039040904769E-03 -4.404077669825E-04 -1.425392464834E-05  1.094701495976E+01 -1.039040905494E-03  3.320481575899E-01  1.996503602204E-20  1.130797888704E-19 -2.554369533951E-19 -2.233989899605E-02
  1.753446763377E+00  2.045687167303E+00  6.011860587703E+00 -1.481434874946E-14 -2.890805313974E-01  3.696695622237E+01  1.375148226280E-01  3.410622055509E-01 -1.642521783236E-01 -9.869251776877E-04 -1.737126214204E+00  4.427867811913E-01  8.175345989614E-02 -9.155621392054E-02  9.802754024409E-03 -3.614753431911E-01 -8.771282596845E-03  5.148199063876E-04 -1.866276313302E-04  8.970890233237E-05  9.481645554501E+00 -5.148199054115E-04  3.904992435296E-01 -2.727908327715E-19 -1.814324206030E-20  2.315786360366E-20 -1.935430521508E-02
  2.337927571228E+00  2.630168736496E+00  6.297123407490E+00  2.526174968265E-15 -2.773344690051E-01  4.040820280038E+01  1.493064811869E-01  3.284348212949E-01 -1.606889447249E-01 -1.359240201501E-03 -1.744519556078E+00  4.085970774841E-01  6.522802880453E-02 -8.403883086800E-02  1.881080206245E-02 -2.542934326156E-01 -6.201111326857E-03  2.694622038785E-04 -9.341621520696E-05  6.305845564066E-05  7.256910317006E+00 -2.694622025039E-04  2.590901230100E-01 -2.035849151154E-19 -1.536013397222E-20 -2.015829522463E-19 -1.435014214839E-02
  2.922409901764E+00  3.214651079044E+00  6.542059611227E+00  1.038002454443E-14 -2.701429803029E-01  4.350969119010E+01  1.582580616257E-01  3.197006817883E-01 -1.608218238196E-01 -1.136467886357E-03 -1.765302444382E+00  3.877028348046E-01  5.553439034348E-02 -7.822059339583E-02  2.268620305137E-02 -2.084002755867E-01 -3.681904739654E-03  1.465378234622E-04 -6.852805881230E-05  1.149526109145E-06  6.045603361232E+00 -1.465378230335E-04  2.147477471252E-01  2.840800013417E-20  9.654764997780E-20 -3.734763483626E-19 -1.167941452713E-02
  3.506892256323E+00  3.799133445299E+00  6.738817368196E+00  1.419053341542E-15 -2.616449905427E-01  4.607961063239E+01  1.645125272524E-01  3.080517712064E-01 -1.577898364910E-01 -1.178892842048E-03 -1.761222590775E+00  3.663542295318E-01  4.731869103801E-02 -7.121587457149E-02  2.389718353314E-02 -1.669590581553E-01 -4.123562077780E-03  4.414917018909E-05 -4.751896385781E-05 -2.429913840501E-05  5.048075893534E+00 -4.414916988957E-05  1.850412740452E-01 -5.081163975389E-20 -1.475412459985E-19 -8.196560990769E-20 -9.635568636877E-03
  4.091374634275E+00  4.383615834630E+00  6.910873397898E+00 -7.366824980907E-15 -2.566267071642E-01  4.839596187929E+01  1.681958066984E-01  2.979192505635E-01 -1.552734182125E-01 -1.179535791473E-03 -1.771698997427E+00  3.496694730973E-01  4.121205649496E-02 -6.593574753713E-02  2.472369104376E-02 -1.424796712318E-01 -2.091285500207E-03  3.134692268628E-05 -2.516487193160E-05 -4.935304160975E-08  4.383216893864E+00 -3.134692157471E-05  1.016960383075E-01 -2.094972561010E-19 -2.128756937993E-19  6.181212267698E-21 -8.219974694471E-03
  4.675857034986E+00  4.968097497391E+00  7.059057021651E+00 -1.072218773864E-16 -2.542152561638E-01  5.043493721415E+01  1.700925672082E-01  2.914049421240E-01 -1.516173671713E-01 -1.028308779290E-03 -1.793048195768E+00  3.342532646705E-01  3.625359048976E-02 -6.158122347951E-02  2.532763298908E-02 -1.209396643561E-01 -1.085335551849E-03  4.753693884606E-05 -7.776960018354E-06 -2.677389751209E-06  3.858826190830E+00 -4.753693720100E-05  4.631475749127E-02 -9.742654581600E-20 -2.449424917493E-20  8.501581465653E-20 -7.093677990814E-03
  5.260337959797E+00  5.552579181964E+00  7.192801592599E+00 -5.118050470601E-16 -2.532437666823E-01  5.231637217134E+01  1.706429693741E-01  2.864293577162E-01 -1.480204862878E-01 -9.291715555345E-04 -1.821091784859E+00  3.215602819864E-01  3.255789863539E-02 -5.740860859906E-02  2.485070996337E-02 -1.068204044682E-01 -3.408077909809E-04  1.162624533964E-05 -8.893186566330E-06 -1.781235348370E-05  3.518268971113E+00 -1.162624524214E-05  3.193903071919E-02  3.842031792600E-20  2.503671707752E-19 -9.387436028659E-20 -6.348472560208E-03
  5.844820404131E+00  6.137061636729E+00  7.316102952008E+00 -5.458902881323E-15 -2.518834447636E-01  5.407880702916E+01  1.702152707801E-01  2.789446077210E-01 -1.440117972123E-01 -6.492378113767E-04 -1.843520614238E+00  3.117524798982E-01  2.964127332740E-02 -5.392747216856E-02  2.428619884072E-02 -9.676579929671E-02 -5.438898012065E-04  6.629151557960E-06 -1.121593419161E-05 -2.978870057762E-06  3.238140660739E+00 -6.629151059847E-06  6.807620167696E-02 -1.922984575354E-19  5.293044050697E-20 -2.106182506102E-19 -5.764226566254E-03
  6.429302869328E+00  6.721544112042E+00  7.429380665599E+00 -1.318541778277E-15 -2.482701325895E-01  5.572614354034E+01  1.688931326302E-01  2.693366876756E-01 -1.398048700149E-01 -4.771888071788E-04 -1.846320068385E+00  3.019764681228E-01  2.706282922194E-02 -5.076619976167E-02  2.370337053985E-02 -8.801405787996E-02 -1.562662596469E-03 -1.754515949909E-06 -8.866782278479E-06  6.447168381778E-06  3.001374422473E+00  1.754516116608E-06  8.330982961998E-02  1.130900118545E-19  8.602054140418E-21  2.289503474085E-19 -5.276792073345E-03
  7.013785354756E+00  7.306026607269E+00  7.535383983604E+00 -1.668578143730E-15 -2.457962140108E-01  5.729091320350E+01  1.665760732342E-01  2.609849874472E-01 -1.354764920049E-01 -2.816479064443E-04 -1.854250319690E+00  2.930078984383E-01  2.529853416777E-02 -4.766213690521E-02  2.236360273709E-02 -8.113001190580E-02 -1.071258310184E-03  1.080446296376E-05 -3.449907736875E-06  2.509385425600E-06  2.824578429110E+00 -1.080446271412E-05  5.648963711823E-02  2.427497560816E-19  1.102763772187E-19  2.087635834412E-19 -4.911615581955E-03
  7.598267859782E+00  7.890508372765E+00  7.635745622362E+00  3.125682389019E-15 -2.441432230639E-01  5.879275766026E+01  1.636934133027E-01  2.534333287377E-01 -1.310903295807E-01 -1.309826345357E-04 -1.866123825503E+00  2.840463674895E-01  2.344143985590E-02 -4.478613350412E-02  2.134469364803E-02 -7.615522370316E-02 -6.713148779793E-04  2.639527310503E-06 -1.645125533309E-06 -6.834627544724E-06  2.703990828289E+00 -2.639526721625E-06  4.722893402998E-02  1.142154455464E-19  1.183424510784E-19  4.251266182223E-20 -4.624882264889E-03
  8.182748885748E+00  8.474990156911E+00  7.732938073281E+00 -3.025872208740E-16 -2.423459425491E-01  6.026721844709E+01  1.604946758524E-01  2.473139346312E-01 -1.267340379502E-01  1.105718821306E-04 -1.875700420925E+00  2.763657364892E-01  2.232519943701E-02 -4.217316763559E-02  1.984796819870E-02 -7.190096095593E-02 -7.615217905038E-04  1.937245513309E-07 -1.518784929093E-06 -6.176947904827E-06  2.584633326527E+00 -1.937245344642E-07  5.138707122482E-02 -1.305250906344E-19  5.844532273270E-20 -2.382435568836E-19 -4.350021412941E-03
  8.767231428075E+00  9.059472708089E+00  7.824579464792E+00 -5.900478520902E-15 -2.403888568933E-01  6.167552003228E+01  1.571820189826E-01  2.412843676386E-01 -1.223938413577E-01  8.555378974216E-05 -1.881978499364E+00  2.690792938973E-01  2.068845158888E-02 -3.979451351710E-02  1.910606192852E-02 -6.719260985852E-02 -7.010571197350E-04  1.323869021097E-06  1.419198402484E-06 -2.754837661601E-06  2.467415450440E+00 -1.323868435716E-06  4.045936961425E-02  3.137747066828E-19  8.973193276624E-20  8.269247329139E-20 -4.088706251551E-03
  9.351713988104E+00  9.643955276654E+00  7.913208412610E+00 -2.747618179798E-16 -2.393901799281E-01  6.305225607322E+01  1.537721015904E-01  2.355683190201E-01 -1.179937527056E-01  3.040533296744E-04 -1.895809301200E+00  2.618036024476E-01  1.979064990130E-02 -3.775068140881E-02  1.796003150691E-02 -6.390080411015E-02  6.674636701639E-05  3.776982561428E-06  2.640404147632E-06 -3.704916899529E-06  2.383956203785E+00 -3.776981795050E-06  2.002785627521E-02 -1.836405827199E-19  1.382038630378E-20  1.798203493734E-20 -3.909260692816E-03
  9.936196565203E+00  1.022843786197E+01  7.998752454398E+00  2.231576909210E-15 -2.389254176923E-01  6.439497437055E+01  1.503937986960E-01  2.307178446080E-01 -1.136873479027E-01  3.350737230181E-04 -1.913075966516E+00  2.548558088706E-01  1.861282313164E-02 -3.601401111181E-02  1.740118797984E-02 -6.079729804338E-02  2.916463887135E-04  8.860271956582E-06  1.610335280086E-07 -2.402550347620E-06  2.294847902319E+00 -8.860271391912E-06  2.041265615710E-02  3.600966715925E-19  1.939943334918E-20  1.792750786193E-19 -3.676047075651E-03
  1.052067915874E+01  1.081291971440E+01  8.080870905912E+00 -1.520627428229E-16 -2.378986007066E-01  6.569938342795E+01  1.469871011104E-01  2.242416834272E-01 -1.094101247495E-01  5.074446845846E-04 -1.925810049683E+00  2.478943617310E-01  1.716935561589E-02 -3.372356388161E-02  1.655420826600E-02 -5.685351585010E-02  8.364956751000E-05 -3.678237354983E-06 -3.886158228093E-06 -2.715562596307E-06  2.211761223773E+00  3.678237945883E-06  2.537101744782E-02 -2.224927570077E-19 -1.284308428541E-19  1.906129965734E-19 -3.472825897925E-03
  1.110516027005E+01  1.139740158231E+01  8.160343600768E+00 -5.369782309778E-16 -2.370719364813E-01  6.697203245068E+01  1.434615796213E-01  2.184465452875E-01 -1.050876979297E-01  5.787520913415E-04 -1.938357001552E+00  2.401271304229E-01  1.535946111420E-02 -3.134310512154E-02  1.598364400749E-02 -5.424136420580E-02  2.897624607764E-05 -8.725818878911E-06 -3.704098242527E-06 -3.882727866429E-08  2.102774065848E+00  8.725819688676E-06  2.687077710185E-02  5.616290129575E-20 -1.616840885416E-19  2.531837477277E-19 -3.259602003289E-03
  1.168964289457E+01  1.198188421410E+01  8.234499940804E+00 -7.539194623956E-16 -2.359353865181E-01  6.816956202374E+01  1.397017201666E-01  2.134693806626E-01 -1.007933969392E-01  6.597577398993E-04 -1.946673405156E+00  2.328495550406E-01  1.462657686626E-02 -3.001921202839E-02  1.539263516210E-02 -5.003852348158E-02 -2.126585730186E-05 -3.057313077167E-06 -3.375793407622E-07  3.764035263685E-06  1.993413438628E+00  3.057313686548E-06  3.565283951578E-02  2.209060047644E-20  3.390629952718E-20 -9.609480710305E-20 -3.032834249657E-03
  1.227412553362E+01  1.256636686011E+01  8.305983250028E+00 -2.277245114078E-15 -2.344669150521E-01  6.933591125595E+01  1.356327241200E-01  2.079706080986E-01 -9.636466511592E-02  6.078182480240E-04 -1.950707862104E+00  2.269796286987E-01  1.382420391826E-02 -2.844623269552E-02  1.462202877713E-02 -4.721834602198E-02 -8.942519836605E-05  1.904802699348E-06  1.031711715977E-06  9.467529348816E-07  1.937843590931E+00 -1.904802018674E-06  4.843330527917E-02  1.976906194543E-20 -2.323611573645E-20 -8.221603818972E-20 -2.880130765406E-03
  1.285860818659E+01  1.315084951971E+01  8.376079500149E+00 -1.897012447572E-15 -2.323967875369E-01  7.049131399046E+01  1.314283640280E-01  2.018102080521E-01 -9.206804988749E-02  7.107499471112E-04 -1.949788329611E+00  2.210218649933E-01  1.289879602865E-02 -2.654531003369E-02  1.364651400553E-02 -4.497503920374E-02 -3.219611969001E-04  3.108003293465E-06  1.780387770218E-06 -1.556040157610E-06  1.911978863254E+00 -3.108002405609E-06  5.372691713051E-02 -2.333371880925E-19  4.928211378711E-20 -4.917284317417E-20 -2.766834953263E-03
  1.344309085283E+01  1.373533181777E+01  8.445673223026E+00 -1.418254602707E-15 -2.305417738546E-01  7.164731386451E+01  1.271511478759E-01  1.942819163742E-01 -8.759733538045E-02  6.679902866266E-04 -1.949806991282E+00  2.139808655833E-01  1.185763409427E-02 -2.481476182833E-02  1.295712773457E-02 -4.348005716048E-02 -5.915189714158E-04 -1.230737313474E-07  9.764029357780E-07 -3.680439788313E-07  1.845796758547E+00  1.230745664279E-07  8.051079536092E-02  8.591531457494E-20  3.068725464625E-21  9.678854231552E-20 -2.623430644660E-03
  1.402757278270E+01  1.431981412815E+01  8.510933858443E+00 -2.594735085565E-16 -2.265147103753E-01  7.273885866117E+01  1.228099897191E-01  1.852308040532E-01 -8.319907867442E-02  7.134418207594E-04 -1.930465864296E+00  2.073437284548E-01  1.127984421685E-02 -2.333985493829E-02  1.206001072152E-02 -4.037308537052E-02 -1.268456644881E-03  2.464779724590E-06  1.545130795543E-07  4.069043382296E-06  1.760634695891E+00 -2.464779094306E-06  1.122102679331E-01  7.447504957729E-20  4.996890730200E-20  9.649716658579E-20 -2.456134959248E-03
  1.461205547360E+01  1.490429645023E+01  8.574305865864E+00  3.848282437613E-16 -2.223435751284E-01  7.380649096436E+01  1.183512298314E-01  1.766427186129E-01 -7.865659306622E-02  7.247810434286E-04 -1.907707689798E+00  1.998987783502E-01  1.030244451583E-02 -2.206149048437E-02  1.175904596864E-02 -3.813851152954E-02 -1.339758383239E-03 -5.597939287003E-06 -1.441123568700E-06  2.952922645520E-06  1.660254932030E+00  5.597939493184E-06  1.180004538935E-01 -2.104854429575E-21 -4.611262598917E-20  1.143998439439E-20 -2.264253681746E-03
  1.519653742686E+01  1.548877878338E+01  8.632232423759E+00 -1.306552556304E-16 -2.178936023630E-01  7.479032777481E+01  1.134973029808E-01  1.679616642793E-01 -7.426838086232E-02  7.775400997547E-04 -1.881532026672E+00  1.924093869033E-01  9.357634464112E-03 -2.081036379401E-02  1.145272933066E-02 -3.408320823009E-02 -1.631461244515E-03 -2.794636645109E-06 -2.402374626127E-06  7.390333455638E-07  1.514673497309E+00  2.794636704657E-06  1.207006543116E-01 -8.215115684066E-20 -6.902810351082E-20  5.370136952340E-20 -2.015593879204E-03
  1.578102013989E+01  1.607326150146E+01  8.684968178747E+00  2.824600769209E-16 -2.135252953194E-01  7.569162889263E+01  1.082204290027E-01  1.593245328314E-01 -6.971852821294E-02  7.303588730093E-04 -1.854336482293E+00  1.859324464091E-01  8.776856899627E-03 -1.955632026330E-02  1.077946336342E-02 -3.071401376982E-02 -1.526469796571E-03  1.368767203029E-06 -9.719216079124E-07  6.363940476128E-07  1.409467686010E+00 -1.368767202633E-06  1.095832137331E-01 -8.245445602395E-20  1.744722829077E-20  1.721754780747E-20 -1.852163538215E-03
  1.636550286303E+01  1.665774385483E+01  8.735208698377E+00 -4.012013906317E-17 -2.098874334200E-01  7.655459878429E+01  1.026263275737E-01  1.519461402877E-01 -6.518143065857E-02  7.737630966202E-04 -1.832749744601E+00  1.808448090677E-01  8.732797011045E-03 -1.872499894820E-02  9.992201937264E-03 -2.880283582930E-02 -9.267139147440E-04 -1.400923825288E-06 -3.730444051957E-07  1.871015065067E-06  1.341571228656E+00  1.400923762125E-06  8.600915409686E-02 -6.953054016022E-20  2.320541322282E-20 -5.870316810567E-20 -1.737238272226E-03
  1.694998484664E+01  1.724222621738E+01  8.782983791391E+00 -8.833289443189E-16 -2.072414385646E-01  7.737876865979E+01  9.687144178577E-02  1.448533959742E-01 -6.067639389692E-02  6.341396134696E-04 -1.818782461472E+00  1.746982180457E-01  8.225648233198E-03 -1.744072421281E-02  9.215075979355E-03 -2.677395547701E-02 -4.738966312164E-04  2.098764936378E-06 -6.089307268454E-07  1.127357250154E-06  1.293395577413E+00 -2.098764977018E-06  7.343306809637E-02 -1.136044506408E-20  4.927861961791E-20  5.638059993214E-20 -1.622265742472E-03
  1.753446758811E+01  1.782670858845E+01  8.829704690227E+00 -5.061226206543E-16 -2.045223431494E-01  7.818918089556E+01  9.116207271009E-02  1.378356598880E-01 -5.614169322596E-02  6.890046388260E-04 -1.805034555001E+00  1.686506853888E-01  7.370035488797E-03 -1.628903487584E-02  8.918999387042E-03 -2.498615359420E-02 -5.545165920844E-04 -1.308064408717E-06 -1.502054299787E-06  1.819067131081E-06  1.245022695334E+00  1.308064416137E-06  6.040725474748E-02 -7.507190258281E-21  3.216244942419E-20 -1.577437838918E-21 -1.488879086112E-03
  1.811894958879E+01  1.841119096743E+01  8.873945354408E+00 -5.557851152639E-16 -2.028279158587E-01  7.896076323537E+01  8.558767974574E-02  1.306560365721E-01 -5.169135778915E-02  5.564100484947E-04 -1.799419717156E+00  1.621873868430E-01  6.728021598313E-03 -1.533357648355E-02  8.605554885472E-03 -2.266892734706E-02 -3.868528425649E-04  4.091647025941E-08 -1.362175423287E-06  6.476269829241E-07  1.157827022298E+00 -4.091652866435E-08  2.469640908706E-02 -1.385888828921E-19 -1.194770839410E-19  2.199600345872E-20 -1.342348214714E-03
  1.870343234607E+01  1.899567372819E+01  8.914295769691E+00 -1.663570273188E-15 -2.027179909922E-01  7.966654420559E+01  8.020496601722E-02  1.241369926014E-01 -4.715814457962E-02  5.444667179153E-04 -1.806520725638E+00  1.553956155679E-01  6.103649703819E-03 -1.407774768851E-02  7.974097984550E-03 -2.027911640055E-02  1.426252519167E-04  1.405715380380E-06  3.480098010475E-07 -1.072456939974E-06  1.037146176142E+00 -1.405715425361E-06  5.959356979591E-03  6.356910082727E-20 -5.238307197732E-20 -5.857146475877E-20 -1.190321317767E-03
  1.928791511031E+01  1.958015630833E+01  8.949719758116E+00 -1.603512831431E-15 -2.023926191157E-01  8.028862721759E+01  7.496530481005E-02  1.183512151575E-01 -4.276903486437E-02  4.781456151357E-04 -1.810745139486E+00  1.477769808827E-01  5.340836746920E-03 -1.276971651109E-02  7.428879764292E-03 -1.779645501682E-02  2.230182471071E-04  1.753149721592E-06  6.443684660420E-07 -6.739286774868E-07  9.018615264710E-01 -1.753149710228E-06  1.105108900652E-02  1.551705004825E-20  3.536504275721E-21  3.976825062741E-20 -1.036562279247E-03
  1.987239750636E+01  2.016463870723E+01  8.980186124260E+00 -1.317158414656E-15 -2.019106561758E-01  8.082446489036E+01  6.965684043363E-02  1.129508918426E-01 -3.826577021449E-02  4.285852973320E-04 -1.812982093470E+00  1.400498139928E-01  4.715092466222E-03 -1.161291776184E-02  6.897825295582E-03 -1.522196852819E-02  2.999601665607E-04  3.516739140994E-07  1.515879743481E-07  9.165213027565E-07  7.616652279128E-01 -3.516739415829E-07  1.976989764791E-02 -2.384683839063E-20 -5.079956680362E-20  7.388903471327E-20 -8.694253949361E-04
  2.045687990810E+01  2.074912111150E+01  9.005367157856E+00 -1.187771087938E-15 -2.009481785041E-01  8.126790079055E+01  6.407759028868E-02  1.081884560552E-01 -3.386910465471E-02  3.442505335914E-04 -1.809696854194E+00  1.328173712823E-01  4.209746531543E-03 -1.066906634358E-02  6.459319812013E-03 -1.266973220981E-02  1.966454592997E-04  6.612076854091E-07  5.366786618470E-07  6.350390368589E-07  6.477948360413E-01 -6.612076780410E-07  2.064931700849E-02 -6.913075595120E-20 -1.310567750959E-19 -7.741308580488E-20 -7.318591830683E-04
  2.104136231489E+01  2.133360352051E+01  9.027514254851E+00 -2.126868760913E-16 -2.004019674278E-01  8.165975311536E+01  5.808004339121E-02  1.040443858948E-01 -2.931588268234E-02  3.465227659785E-04 -1.809734250747E+00  1.264804826021E-01  3.752186426123E-03 -9.679047398987E-03  5.926860973030E-03 -1.074543256222E-02  3.170574218274E-04  3.958869377244E-07  4.853316392363E-07 -8.590128010821E-07  5.752156848120E-01 -3.958869154869E-07  2.515008659780E-02 -1.091200408978E-19  7.399547384014E-20  5.070978347072E-21 -6.177711350490E-04
  2.162584472612E+01  2.191808612088E+01  9.047392640704E+00  2.518014017577E-16 -1.991107633314E-01  8.201241788132E+01  5.143871689029E-02  1.013779282592E-01 -2.488752395034E-02  3.034804725966E-04 -1.802875056525E+00  1.209677941552E-01  3.172998996857E-03 -8.917602710455E-03  5.744603713428E-03 -9.124122527129E-03  1.511513336890E-05 -1.113119042792E-06 -6.613769410760E-08 -6.467769969503E-07  5.063674364734E-01  1.113119024988E-06  5.783271823399E-03  4.373920504577E-20 -5.876506108864E-20  3.920474589968E-20 -5.220885606952E-04
  2.221032751564E+01  2.250256872473E+01  9.064509592083E+00 -5.048922523589E-16 -1.999794546018E-01  8.231656029537E+01  4.401209506729E-02  1.003039730672E-01 -2.026590521561E-02  2.634928796999E-04 -1.815048083584E+00  1.151151725522E-01  2.868301558800E-03 -8.359261199478E-03  5.490959640643E-03 -7.519826438680E-03  4.902289760949E-04 -4.948073693914E-07 -1.883428890720E-07 -2.971494247305E-07  4.065632643268E-01  4.948073274161E-07 -1.918298105045E-02 -7.751158019863E-20 -7.142754495364E-21 -6.508581243813E-20 -4.120920801649E-04
  2.279480993382E+01  2.308705114417E+01  9.077096255254E+00 -1.522494182965E-15 -2.005122431727E-01  8.254104361225E+01  3.564707836030E-02  1.008260963373E-01 -1.582074498193E-02  2.585116714427E-04 -1.823078586675E+00  1.095555409246E-01  2.735141049138E-03 -7.947571078614E-03  5.212430029444E-03 -5.660779267511E-03  3.256533921874E-04 -3.407037578224E-07 -1.122783673025E-07 -4.755141770053E-07  3.081822207331E-01  3.407037286994E-07 -2.282003211750E-02 -1.234935146024E-19 -3.316118415995E-20  2.625175720932E-20 -3.095486579303E-04
  2.337929235452E+01  2.367153365945E+01  9.087025490003E+00 -1.304821856235E-15 -2.016467025805E-01  8.271757945861E+01  2.588959271034E-02  1.043063320994E-01 -1.111563838073E-02  1.489395348804E-04 -1.836482139438E+00  1.045563579014E-01  2.911843015987E-03 -8.110751528605E-03  5.198908512619E-03 -4.262158164522E-03  3.092025204764E-04 -4.405099955340E-07 -1.489632558354E-07 -3.433693971071E-07  1.642697863563E-01  4.405100241620E-07 -6.633011907769E-03 -4.864009663734E-20  4.536798824618E-20 -2.040424531318E-19 -1.938331205783E-04
  2.396377496438E+01  2.425601622313E+01  9.089097857929E+00 -2.659344641200E-16 -2.009968512433E-01  8.275538475500E+01  1.418864831478E-02  1.128203899296E-01 -6.826194112690E-03  1.563612317752E-04 -1.831335744280E+00  1.057715094490E-01  3.776332011806E-03 -1.097986064210E-02  7.203528630292E-03 -1.987026791610E-03 -2.517594632031E-04  4.293626315835E-07 -1.710326246055E-07 -4.167997698172E-08  1.459352161008E-01 -4.293626132844E-07 -1.523839559383E-02  1.258570646562E-19  4.737171648123E-20  4.430661067028E-20 -1.297039800557E-04
  2.454825748187E+01  2.484049874094E+01  9.097687551193E+00  7.489172828558E-17 -2.027599916129E-01  8.291842933432E+01  2.310828821387E-03  1.370261799696E-01 -1.964783721341E-03 -5.993041321785E-05 -1.850389451296E+00  1.421534536266E-01  2.852970576132E-03 -1.874152748434E-02  1.588855690787E-02 -1.760032518057E-03 -2.475817004794E-03 -5.807874887934E-08 -8.034174768412E-08  6.471236187575E-08  1.175699900198E-01  5.807874251225E-08 -2.413280360182E-02  3.134917456137E-20  8.477420941243E-21 -4.363529696446E-20 -3.466619889245E-05
