                   y                  ym                   U                   V                   W                 U^2                 V^2                 W^2                  UV                  VW                  UW                VISC               SFSxx               SFSyy               SFSzz               SFSxy               SFSyz                dUdX                dVdX                dWdX                dUdY                dVdY                dWdY                dUdZ                dVdZ                dWdZ              SFSxym
 -5.844822281166E-01 -2.922411140583E-01  0.000000000000E+00  0.000000000000E+00  0.000000000000E+00  0.000000000000E+00  0.000000000000E+00  0.000000000000E+00  0.000000000000E+00  0.000000000000E+00  0.000000000000E+00  0.000000000000E+00  0.000000000000E+00  0.000000000000E+00  0.000000000000E+00  0.000000000000E+00  0.000000000000E+00  0.000000000000E+00  0.000000000000E+00  0.000000000000E+00  0.000000000000E+00  0.000000000000E+00  0.000000000000E+00  0.000000000000E+00  0.000000000000E+00  0.000000000000E+00  0.000000000000E+00
 -4.247486258811E-17  2.922411140583E-01  7.016206061647E+00 -8.535108346150E-14 -1.509413415137E-01  5.013259020795E+01  3.790555944160E-02  3.606158947702E-01 -8.064766097306E-02 -1.512406177539E-03 -1.060909152021E+00  9.436960872656E-02  1.517066991870E-04  2.919106271194E-03 -3.070812969901E-03 -2.302068620769E+00  2.628475855725E-02 -5.676053035688E-04 -2.638942467987E-04  1.324800591592E-04  2.074539814294E+02  5.676052999221E-04 -4.548701867828E+00  9.184794444639E-20 -5.031075772286E-20  1.745329625654E-20 -5.374384100166E-03
  5.844822281166E-01  8.767233554515E-01  8.140495377002E+00 -7.541718874207E-14 -1.813660878336E-01  6.728248989991E+01  1.277875749273E-01  3.705875173507E-01 -1.648472333215E-01 -2.552881331084E-04 -1.485197551123E+00  4.037493652436E-01  1.640629113817E-01 -2.337304679105E-02 -1.406898645909E-01 -5.566926214123E-01  4.028769312271E-02  3.307306999122E-04 -3.760055000039E-04  2.835112301300E-05  2.168609384042E+01 -3.307306949038E-04 -3.484058205895E-01  1.070942492542E-19  3.837536512265E-20 -5.132622352689E-20 -4.202631870615E-02
  1.168964482786E+00  1.461205623082E+00  8.600509883044E+00 -3.381907938231E-15 -1.763882624556E-01  7.485612350333E+01  1.375921940301E-01  3.365974543352E-01 -1.561332814609E-01 -5.063428415601E-04 -1.522588987254E+00  3.464392392342E-01  7.440509759661E-02 -2.240859599595E-02 -5.199650160116E-02 -3.919664144984E-01 -1.101550708884E-02  1.158459336011E-04 -1.659618338880E-04  1.519563413575E-05  1.226410095127E+01 -1.158459353207E-04  1.591066768100E-01  2.132676694694E-19  8.501206272860E-20 -1.755102954949E-19 -2.259274973445E-02
  1.753446763377E+00  2.045687167303E+00  9.036499972142E+00 -1.153529516117E-14 -1.697860232489E-01  8.253382585917E+01  1.472657491666E-01  3.233235589448E-01 -1.632335267605E-01 -1.348412797497E-04 -1.541010850864E+00  3.201353351163E-01  6.141994019847E-02 -2.565661789813E-02 -3.576332229919E-02 -3.358557233447E-01 -2.826729358432E-03 -6.148731228754E-05 -7.957165003108E-05  4.125217544163E-05  1.013796291043E+01  6.148731279392E-05  1.495216236133E-01 -7.868229507921E-20 -6.509254650394E-20  4.838047763798E-20 -1.770247116366E-02
  2.337927571228E+00  2.630168736496E+00  9.341153185280E+00 -1.881969179256E-15 -1.654756429386E-01  8.807436743844E+01  1.581794999628E-01  3.122972287292E-01 -1.607869164570E-01 -3.751539905820E-04 -1.552885335182E+00  2.878418358132E-01  4.281012244409E-02 -2.554808129654E-02 -1.726204114827E-02 -2.297727838456E-01 -1.346548403563E-03  1.463197890370E-05 -3.214008985113E-05  2.464541481651E-05  7.604053503388E+00 -1.463197898954E-05  8.567104667843E-02  4.911781020155E-20 -1.500221008660E-20  1.599657143385E-19 -1.265624952400E-02
  2.922409901764E+00  3.214651079044E+00  9.592074942017E+00 -1.416609896737E-14 -1.635232855535E-01  9.278608491098E+01  1.674380500591E-01  3.056104565052E-01 -1.601640697673E-01 -3.977506162616E-04 -1.575986585390E+00  2.674573747663E-01  3.327911267569E-02 -2.511343573543E-02 -8.165676941080E-03 -1.789315906048E-01  2.194777447501E-04  6.118128033259E-05 -5.811286978981E-06  1.107458906637E-05  6.193525538893E+00 -6.118128056903E-05  4.450924796173E-02  1.433138032504E-19  2.176069464847E-20  1.197861693327E-20 -9.933487422756E-03
  3.506892256323E+00  3.799133445299E+00  9.793724528124E+00 -3.245963716809E-15 -1.622138944771E-01  9.665085648299E+01  1.745207499001E-01  2.991227728272E-01 -1.569331171040E-01 -4.967466099949E-04 -1.593868964136E+00  2.507327928866E-01  2.595314378276E-02 -2.278704460197E-02 -3.166099181586E-03 -1.412604011486E-01  5.100379954391E-05  5.634690669340E-05 -3.380339253643E-06  9.185782825244E-06  5.160340805212E+00 -5.634690561414E-05  1.482477646615E-02 -2.697882755399E-19 -3.382120328206E-20  1.358194355178E-19 -8.122573588316E-03
  4.091374634275E+00  4.383615834630E+00  9.969099628217E+00 -6.928308643648E-15 -1.624173712471E-01  1.000819213384E+02  1.794133494218E-01  2.922952680704E-01 -1.542845151064E-01 -5.126381244077E-04 -1.621662914902E+00  2.382656121327E-01  2.096072801377E-02 -2.046972695528E-02 -4.910010585087E-04 -1.192695285282E-01  6.686351471787E-04 -6.290306343930E-06 -1.424534885060E-05  2.147933090488E-06  4.494734661583E+00  6.290305386712E-06  3.860390690735E-02  3.945102283286E-21  6.783761523581E-20 -4.279441273851E-20 -6.920172836917E-03
  4.675857034986E+00  4.968097497391E+00  1.012212579444E+01 -8.688915531462E-16 -1.593983433898E-01  1.031208650891E+02  1.825687024114E-01  2.857020133733E-01 -1.505899405147E-01 -3.805556435471E-04 -1.615835049435E+00  2.265915348516E-01  1.733266527422E-02 -1.863158943969E-02  1.298924165518E-03 -1.025655712535E-01 -1.066474066724E-03 -2.144561534833E-05 -1.298883167150E-05  5.102461500634E-06  3.948945121966E+00  2.144561701184E-05  4.062713695888E-02 -9.773173769278E-20 -2.321357120431E-20 -1.133695064059E-19 -5.958332917494E-03
  5.260337959797E+00  5.552579181964E+00  1.025765911412E+01  1.541807273475E-14 -1.594832335677E-01  1.058530783141E+02  1.841191534315E-01  2.787540854956E-01 -1.472546621283E-01 -5.680978062627E-04 -1.636706739039E+00  2.164288854536E-01  1.437198833467E-02 -1.727372919289E-02  2.901740858026E-03 -8.853469615565E-02  1.462748241235E-04  4.638488732265E-05 -5.536319865471E-06  6.971261986077E-06  3.501410454255E+00 -4.638488758189E-05 -2.819291966493E-03 -1.027531571346E-19 -4.490723725530E-20  7.700698721239E-20 -5.179179601764E-03
  5.844820404131E+00  6.137061636729E+00  1.037791723141E+01 -7.032844202077E-15 -1.596048883301E-01  1.083046110047E+02  1.845608625538E-01  2.721746636960E-01 -1.431960672438E-01 -3.895109216286E-04 -1.657157136683E+00  2.080112801035E-01  1.204100822449E-02 -1.536183034210E-02  3.320822117611E-03 -7.776366714921E-02  7.572196864556E-05  5.091680030174E-05 -4.857331677456E-06  1.757084851867E-06  3.183395992948E+00 -5.091680083551E-05 -1.447610894515E-03 -2.391561104325E-19  5.849789496977E-20 -1.827456950808E-19 -4.656120345754E-03
  6.429302869328E+00  6.721544112042E+00  1.049016564920E+01 -5.659380370173E-15 -1.595557722149E-01  1.106200876858E+02  1.839716695951E-01  2.663809588238E-01 -1.393466416884E-01 -6.438488002231E-04 -1.672404912441E+00  2.009039231593E-01  1.072316877355E-02 -1.414654461450E-02  3.423375840700E-03 -7.158559795884E-02 -8.312940060190E-05 -2.196536217079E-05  6.697163118755E-07 -5.514639120374E-06  2.982447762181E+00  2.196536318442E-05 -1.817785614174E-02 -6.780785986981E-20 -4.759239612887E-20  2.898092039799E-19 -4.292916695585E-03
  7.013785354756E+00  7.306026607269E+00  1.059580949769E+01  1.772349084597E-15 -1.608957470836E-01  1.128238152558E+02  1.820419353316E-01  2.612676756896E-01 -1.351129504940E-01 -4.082926690210E-04 -1.702005248492E+00  1.951782483509E-01  9.585002432524E-03 -1.298795992719E-02  3.402957494443E-03 -6.602852667085E-02  4.394881917327E-04  3.819710719691E-06 -6.629999800702E-07 -4.709716494247E-05  2.849934622681E+00 -3.819710932515E-06 -1.288654673799E-02 -5.308875322633E-20  8.577324497693E-20  1.071788841418E-19 -4.011776100810E-03
  7.598267859782E+00  7.890508372765E+00  1.069838683559E+01 -5.311359390721E-15 -1.604817759089E-01  1.149864065673E+02  1.788557854637E-01  2.550361188707E-01 -1.311891628077E-01 -5.262818782235E-04 -1.713413517208E+00  1.890043950046E-01  8.116320641753E-03 -1.204487239466E-02  3.928551752879E-03 -6.214971658726E-02 -2.221679981776E-04  2.036398541118E-05 -2.690682776276E-06 -3.841731808175E-05  2.716285378232E+00 -2.036398578010E-05 -5.492122509827E-03 -6.631731143182E-20 -6.834076961831E-21  8.577875112772E-20 -3.726380588342E-03
  8.182748885748E+00  8.474990156911E+00  1.079423928453E+01 -6.777850033917E-15 -1.613398701579E-01  1.170277636311E+02  1.748928295968E-01  2.482523091901E-01 -1.269376714307E-01 -3.346895552360E-04 -1.738329965218E+00  1.834333428620E-01  7.127132160222E-03 -1.157499861840E-02  4.447866457978E-03 -5.706628675132E-02  6.620954374280E-05  4.266600998377E-05 -7.017129102244E-07 -1.036408675139E-05  2.542530499155E+00 -4.266601006242E-05 -1.333570971492E-02  1.041491184400E-19  3.525118255943E-20  1.591845813163E-19 -3.422155830228E-03
  8.767231428075E+00  9.059472708089E+00  1.088419311683E+01 -4.037224488581E-15 -1.615159938046E-01  1.189610180083E+02  1.707430783293E-01  2.414027254726E-01 -1.228890085309E-01 -3.224861808123E-04 -1.753054612590E+00  1.776100261623E-01  6.499438577171E-03 -1.105883312794E-02  4.559394550984E-03 -5.258900925464E-02  1.159021374302E-04  3.966632797135E-05 -5.382890635261E-07  2.961347618063E-05  2.411208873293E+00 -3.966632809093E-05  1.406613818622E-02 -8.371928620076E-20 -1.128063056441E-19  2.099737230148E-20 -3.176546558721E-03
  9.351713988104E+00  9.643955276654E+00  1.097045373063E+01  9.532717232160E-16 -1.602938979269E-01  1.208258783748E+02  1.665383705847E-01  2.328969513130E-01 -1.185649151591E-01 -1.776427856883E-04 -1.752982281180E+00  1.717149561047E-01  6.072739998205E-03 -1.031340082800E-02  4.240660830060E-03 -4.900181960873E-02 -3.158964301072E-04 -6.821621187924E-06  9.497631463101E-07  4.070488939608E-05  2.293325240494E+00  6.821621086543E-06  3.209261353567E-02  1.571837484184E-19  4.625448582845E-20 -9.396640572108E-20 -2.947045396642E-03
  9.936196565203E+00  1.022843786197E+01  1.105169638618E+01  6.156085278020E-15 -1.591217781891E-01  1.225936827592E+02  1.622720483383E-01  2.256026666456E-01 -1.145482345539E-01 -2.833218825534E-04 -1.752543567230E+00  1.670014908681E-01  5.601332700588E-03 -9.426914338795E-03  3.825581638234E-03 -4.557213794809E-02 -2.230686853633E-04 -4.279046881037E-05  4.342172380047E-06  1.703306962011E-05  2.190058221080E+00  4.279046885936E-05  4.378919330122E-02 -2.119832389298E-19  7.733951224887E-20 -1.113521578836E-19 -2.784629921963E-03
  1.052067915874E+01  1.081291971440E+01  1.113040215289E+01  7.762543733275E-15 -1.570809144579E-01  1.243185317512E+02  1.578874104237E-01  2.178542835055E-01 -1.100290952969E-01 -1.216873367491E-04 -1.743676300960E+00  1.629800145451E-01  5.265075395171E-03 -8.746558002766E-03  3.481482607772E-03 -4.343955442641E-02 -6.071268642994E-04 -4.975225714577E-05  4.598127102479E-06  9.686497841093E-06  2.091697344405E+00  4.975225707291E-05  5.076927474763E-02  3.300931431005E-20  6.850388845761E-20 -8.454406200641E-20 -2.622525312473E-03
  1.110516027005E+01  1.139740158231E+01  1.120452206739E+01  5.899572545510E-15 -1.554185225047E-01  1.259531153420E+02  1.535423154871E-01  2.094015481731E-01 -1.059719645128E-01 -1.713411305987E-04 -1.737302511203E+00  1.580977381880E-01  4.864957279835E-03 -8.206387517130E-03  3.341430237600E-03 -4.045798563104E-02 -7.077669307726E-04 -3.214484083104E-05  1.222783667621E-06 -1.171472779790E-05  1.977030882483E+00  3.214484077602E-05  4.607091908182E-02  1.186179620001E-19 -4.848681707421E-20 -2.182733093038E-20 -2.452099504317E-03
  1.168964289457E+01  1.198188421410E+01  1.127488013361E+01 -1.114510631749E-15 -1.537402204343E-01  1.275136896373E+02  1.491219827838E-01  2.023826259061E-01 -1.013858866214E-01 -1.372285533283E-04 -1.730553217627E+00  1.530124211901E-01  4.316012898633E-03 -7.750368571725E-03  3.434355673151E-03 -3.776153121313E-02 -4.453818895038E-04  1.108655696894E-05  4.970095155602E-06 -2.195511477972E-05  1.866729852906E+00 -1.108655730055E-05  9.765356108041E-03 -5.019290434677E-20  1.743349036350E-20 -2.274621078840E-19 -2.267604377105E-03
  1.227412553362E+01  1.256636686011E+01  1.134091892045E+01 -7.301923607461E-15 -1.547177303603E-01  1.289876184386E+02  1.444184979355E-01  1.961845277416E-01 -9.719681431467E-02 -7.684641580392E-05 -1.753720391970E+00  1.482845778423E-01  3.873901908288E-03 -7.209264984485E-03  3.335363076396E-03 -3.491784997951E-02  4.624896222621E-04 -3.391699527230E-06  8.359359234878E-06  4.684056348675E-06  1.780233124497E+00  3.391699522422E-06 -2.853783680178E-02  3.263730823537E-21  5.327019930973E-21 -9.684611129235E-20 -2.114232510516E-03
  1.285860818659E+01  1.315084951971E+01  1.140493045187E+01 -3.412707308329E-15 -1.557883948606E-01  1.304248916782E+02  1.394430138241E-01  1.872434183187E-01 -9.273691894334E-02 -7.198712257232E-05 -1.777153021895E+00  1.439352269735E-01  3.227074889851E-03 -6.667045008739E-03  3.439970118868E-03 -3.279407863682E-02  3.072563236554E-04 -2.870763146618E-05  9.243836026077E-06  7.578287387368E-06  1.699865167810E+00  2.870763168779E-05  9.886219979876E-04 -2.266532018515E-20  3.812813125260E-20 -1.532993845882E-19 -1.975358189807E-03
  1.344309085283E+01  1.373533181777E+01  1.146509585555E+01 -1.045506761253E-16 -1.546256463614E-01  1.317821393831E+02  1.344517879221E-01  1.780131299128E-01 -8.834822030120E-02 -7.980911798862E-05 -1.773948432991E+00  1.390980872506E-01  2.861023708803E-03 -6.127001993761E-03  3.265978285149E-03 -3.034124346395E-02 -3.275539143950E-04 -2.124968971431E-05  1.031079288762E-05 -1.471110290671E-05  1.589170367545E+00  2.124968967704E-05  3.545889750239E-02 -4.014546764814E-20 -5.379415135084E-20  1.208389740725E-19 -1.822822221588E-03
  1.402757278270E+01  1.431981412815E+01  1.152103672935E+01  2.561710467846E-16 -1.532256693382E-01  1.330504269766E+02  1.294574485442E-01  1.698991739145E-01 -8.398353212778E-02  4.256413023154E-05 -1.766530294070E+00  1.343328324782E-01  2.612182121924E-03 -5.745751932686E-03  3.133569810870E-03 -2.792884385953E-02 -3.862412005382E-04 -2.168435908443E-05  9.699709247468E-06 -8.607597505341E-06  1.484230992232E+00  2.168435914386E-05  3.393672368905E-02 -3.344323126192E-19  9.268096562322E-20 -6.920512491658E-20 -1.669702102408E-03
  1.461205547360E+01  1.490429645023E+01  1.157354115015E+01  2.458357422653E-15 -1.521635530272E-01  1.342463250313E+02  1.244813817918E-01  1.634773741005E-01 -7.952747883590E-02 -7.315218438837E-06 -1.762540937537E+00  1.302303392724E-01  2.192859670790E-03 -5.274895817566E-03  3.082036146753E-03 -2.561174051799E-02 -2.703940757701E-04 -1.836015704164E-05  9.948404478120E-06 -1.478451563673E-05  1.434820142775E+00  1.836015710430E-05  2.826306149649E-02 -1.011242470830E-19  1.533729182379E-19 -9.410716150874E-20 -1.559264401394E-03
  1.519653742686E+01  1.548877878338E+01  1.162585505450E+01  2.923305739518E-15 -1.511516088685E-01  1.354442458369E+02  1.194848673010E-01  1.581599617841E-01 -7.506165924718E-02  8.863750419260E-05 -1.759400140375E+00  1.265848694662E-01  1.796155242772E-03 -4.754028731632E-03  2.957873489029E-03 -2.435714478147E-02 -1.242535210635E-04 -2.709421718775E-06  1.049479209794E-05 -7.788886177771E-06  1.377907690291E+00  2.709421683101E-06  2.544445909543E-02  6.216590402262E-20  2.469835406807E-23  3.993874927691E-20 -1.464832477686E-03
  1.578102013989E+01  1.607326150146E+01  1.167420865628E+01  2.550867856881E-15 -1.502928270260E-01  1.365574475936E+02  1.145527015213E-01  1.522516780792E-01 -7.063566412002E-02  2.305947936689E-05 -1.756662384169E+00  1.231101377301E-01  1.601904993602E-03 -4.361983668582E-03  2.760078674954E-03 -2.253310988065E-02 -2.058238778570E-04 -1.188054640157E-06  8.598805368543E-06 -7.863349950857E-06  1.289404476349E+00  1.188054657118E-06  4.578978239474E-02 -7.574608838885E-21 -4.138684670877E-21  8.151406390153E-20 -1.360132320527E-03
  1.636550286303E+01  1.665774385483E+01  1.172007598275E+01  4.502940281744E-15 -1.478072680190E-01  1.376179419432E+02  1.096030791117E-01  1.470145089814E-01 -6.611174882243E-02  2.452780065793E-05 -1.734651442402E+00  1.194454845718E-01  1.452317144133E-03 -4.226648254939E-03  2.774331110690E-03 -2.086453644105E-02 -5.638668642497E-04 -9.844947278977E-06  7.969136350420E-06 -3.181607363919E-05  1.233490379097E+00  9.844947371019E-06  8.536992263561E-02 -1.247957275592E-19  2.104910318678E-21 -1.078477364631E-19 -1.261964440695E-03
  1.694998484664E+01  1.724222621738E+01  1.176434134029E+01  5.950922923594E-15 -1.440694936919E-01  1.386441771620E+02  1.046415109281E-01  1.415023984711E-01 -6.162129191065E-02  4.805654964736E-06 -1.697443658373E+00  1.163247427159E-01  1.277759471773E-03 -3.840341708640E-03  2.562582237028E-03 -1.964465562953E-02 -9.299001939036E-04 -1.106140616416E-06  8.077486689993E-06 -3.917523847747E-05  1.186044082519E+00  1.106140605335E-06  1.213963486878E-01  5.375747760537E-20  3.241125766064E-20  5.890387643178E-20 -1.196226157278E-03
  1.753446758811E+01  1.782670858845E+01  1.180673223164E+01  4.566448602478E-15 -1.389569829838E-01  1.396319165978E+02  9.981899591245E-02  1.344045915094E-01 -5.706363029966E-02 -8.196194044268E-06 -1.643620748432E+00  1.129239935326E-01  1.114300050724E-03 -3.514961091899E-03  2.400661041215E-03 -1.848000164234E-02 -1.331252221451E-03 -2.986517916286E-06  8.400019695403E-06 -2.342481302822E-05  1.117531603551E+00  2.986517852416E-06  1.806857952711E-01 -1.300132027110E-20  5.828152115986E-20 -2.545862646650E-20 -1.108970117088E-03
  1.811894958879E+01  1.841119096743E+01  1.184598323456E+01  3.153333666798E-15 -1.308745230422E-01  1.405504939594E+02  9.516143197865E-02  1.269324047234E-01 -5.252116080500E-02 -3.065726289175E-05 -1.553764069443E+00  1.096494829362E-01  9.841533019218E-04 -3.278406039102E-03  2.294252737238E-03 -1.701493061568E-02 -1.988460254750E-03 -4.594113006897E-06  9.140045744672E-06 -1.308363946929E-05  1.038862378583E+00  4.594112993592E-06  2.202024182122E-01  8.629227522308E-20 -1.442781871150E-20 -7.448916190694E-20 -1.015254991243E-03
  1.870343234607E+01  1.899567372819E+01  1.188263156074E+01  2.954567294984E-15 -1.228640605271E-01  1.414105914701E+02  9.045406829521E-02  1.200202911128E-01 -4.789671741871E-02 -3.204092009037E-05 -1.463319232358E+00  1.062338102434E-01  7.396521037669E-04 -3.145920052401E-03  2.406267948668E-03 -1.536972170216E-02 -1.947519983754E-03  9.487417415884E-06  8.682648183514E-06 -2.110851025286E-05  9.629027499781E-01 -9.487417413981E-06  1.908000391149E-01  1.324593269385E-19  2.212175580745E-20 -3.264008993762E-20 -9.029099888942E-04
  1.928791511031E+01  1.958015630833E+01  1.191634904094E+01  2.076477847892E-15 -1.169380977961E-01  1.422049421468E+02  8.567357552635E-02  1.139209248054E-01 -4.335383220702E-02 -1.224799032047E-04 -1.396790963774E+00  1.023926345017E-01  6.137189369534E-04 -2.943317858597E-03  2.329598921644E-03 -1.358102648781E-02 -1.405920353762E-03  1.016451846277E-05  8.195612087309E-06 -2.580523818957E-05  8.673595277285E-01 -1.016451851385E-05  1.533296345533E-01  1.588509271452E-19  7.538733480746E-20 -4.729700649180E-20 -7.924313650444E-04
  1.987239750636E+01  2.016463870723E+01  1.194600967139E+01  1.331478636774E-15 -1.116596589160E-01  1.429047255540E+02  8.066312444360E-02  1.084691387349E-01 -3.873461798147E-02 -1.296432063183E-04 -1.337634162677E+00  9.874495397110E-02  5.588847167911E-04 -2.689550776159E-03  2.130666059454E-03 -1.182817290725E-02 -1.207355250720E-03  6.891938188768E-06  6.660500130116E-06 -2.297532195528E-05  7.814127919080E-01 -6.891938179892E-06  1.201986825922E-01 -5.286856368795E-20 -2.767664127235E-20 -3.455747460331E-21 -7.025856792330E-04
  2.045687990810E+01  2.074912111150E+01  1.197343275911E+01  1.258861250070E-15 -1.081457677379E-01  1.435530374395E+02  7.514914195487E-02  1.036102388174E-01 -3.411967748602E-02 -9.758491083915E-05 -1.298123566206E+00  9.553815516086E-02  3.528317365822E-04 -2.505671163735E-03  2.152839427153E-03 -1.059848628738E-02 -8.525112314703E-04  8.126203955243E-06  4.408419412232E-06 -2.713142596209E-05  7.365401014030E-01 -8.126203970118E-06  9.254522425196E-02  2.636246736826E-20 -1.777149555603E-20  5.927492710333E-20 -6.304802320385E-04
  2.104136231489E+01  2.133360352051E+01  1.199981936573E+01  1.266825422115E-15 -1.049018833474E-01  1.441792245460E+02  6.905059806797E-02  9.905480131962E-02 -2.946874863721E-02 -1.230691257658E-04 -1.260815355184E+00  9.207872283608E-02  9.206138075850E-05 -2.355167013474E-03  2.263105632653E-03 -9.503490001185E-03 -8.045516048003E-04  5.723911368427E-06  3.572596785028E-06 -3.032374776038E-05  6.498725228913E-01 -5.723911355128E-06  5.821755703105E-02  1.850578519583E-20 -2.207409117901E-20  2.278060790982E-20 -5.448015779985E-04
  2.162584472612E+01  2.191808612088E+01  1.202091185686E+01  1.580568488119E-15 -1.039035051620E-01  1.446806515506E+02  6.203238585988E-02  9.606684738534E-02 -2.499131933614E-02 -7.947413500049E-05 -1.250493736561E+00  8.887842648450E-02 -1.550408480281E-04 -2.064741705733E-03  2.219782553680E-03 -7.870697435965E-03 -2.686784113235E-04  8.456251149438E-06  4.342052033401E-06 -1.671394949287E-05  5.335650319080E-01 -8.456251147130E-06  1.517479263369E-02  2.015651996277E-19 -6.947346619606E-20 -1.609621859588E-20 -4.498108724931E-04
  2.221032751564E+01  2.250256872473E+01  1.203880081518E+01  2.019088787789E-15 -1.037924030526E-01  1.451082980194E+02  5.388073703766E-02  9.451851480082E-02 -2.033718857616E-02 -8.114041442560E-05 -1.250789426521E+00  8.557936667635E-02 -2.863538097412E-04 -1.922232140125E-03  2.208585949778E-03 -6.607020564142E-03 -1.234692553917E-04  2.169284613759E-05  4.573805230269E-06 -5.252359799821E-06  4.554073498361E-01 -2.169284611683E-05 -5.351420717296E-03 -7.429476143130E-20  5.336966098405E-20 -6.994380254027E-20 -3.777741496437E-04
  2.279480993382E+01  2.308705114417E+01  1.205418694916E+01  2.056528454263E-15 -1.042851583711E-01  1.454775468206E+02  4.433187801031E-02  9.525093970048E-02 -1.586521202511E-02 -4.227391806899E-05 -1.258631985469E+00  8.245224513942E-02 -3.885482905993E-04 -1.803713327405E-03  2.192261617922E-03 -5.430478616103E-03 -4.726185570089E-05  2.336646243379E-05  3.216665292681E-06 -1.368475294720E-05  4.045351825068E-01 -2.336646245292E-05 -3.469732645578E-02 -8.104546147591E-20 -3.887549626652E-20  3.217446378376E-20 -3.073122450758E-04
  2.337929235452E+01  2.367153365945E+01  1.206835616249E+01  1.406235113117E-15 -1.063252372721E-01  1.458193992765E+02  3.291876455581E-02  9.966668085873E-02 -1.114698594116E-02 -3.876898699108E-05 -1.285110266689E+00  7.935767572045E-02 -3.229410459841E-04 -1.717701542850E-03  2.040642588756E-03 -4.400907717545E-03  1.277548775152E-04  1.032261519483E-05  1.809990666527E-06 -1.207736325676E-05  3.030000884355E-01 -1.032261521121E-05 -7.554026993548E-02  5.716266015669E-20 -1.108686386623E-20 -7.866592757667E-20 -2.239177888101E-04
  2.396377496438E+01  2.425601622313E+01  1.207631928920E+01  1.092268577725E-15 -1.098080246038E-01  1.460180596257E+02  1.872158578603E-02  1.095004297277E-01 -6.692317510231E-03  4.912370137375E-05 -1.328987498058E+00  7.909170667828E-02 -2.949342326145E-04 -1.998934221270E-03  2.293868453860E-03 -2.859438506015E-03  3.227213986111E-04  1.335445637643E-05  5.217290767921E-07 -9.513567989150E-06  3.053435714400E-01 -1.335445637651E-05 -5.969545236694E-02 -5.931515851481E-20 -1.018568831416E-21  5.883409793864E-20 -1.940117300097E-04
  2.454825748187E+01  2.484049874094E+01  1.209065799354E+01  5.405200440054E-16 -1.106887910439E-01  1.463790652105E+02  3.195196254455E-03  1.334331144985E-01 -1.895095253426E-03  3.945273952028E-05 -1.344885252338E+00  9.182805375152E-02 -8.408150945941E-04 -5.504294623249E-03  6.345109718065E-03 -3.250615204286E-03 -7.991413476634E-04  1.489775004906E-05 -8.266669051864E-08 -1.144580972620E-05  1.962997911109E-01 -1.489775007852E-05 -1.204728116154E-02 -6.927130640075E-20  2.581313176244E-20 -3.820534226145E-21 -9.815759929693E-05
