                   y                  ym                   U                   V                   W                 U^2                 V^2                 W^2                  UV                  VW                  UW                VISC               SFSxx               SFSyy               SFSzz               SFSxy               SFSyz                dUdX                dVdX                dWdX                dUdY                dVdY                dWdY                dUdZ                dVdZ                dWdZ              SFSxym
 -1.419929989891E+00 -7.099649949455E-01  0.000000000000E+00  0.000000000000E+00  0.000000000000E+00  0.000000000000E+00  0.000000000000E+00  0.000000000000E+00  0.000000000000E+00  0.000000000000E+00  0.000000000000E+00  0.000000000000E+00  0.000000000000E+00  0.000000000000E+00  0.000000000000E+00  0.000000000000E+00  0.000000000000E+00  0.000000000000E+00  0.000000000000E+00  0.000000000000E+00  0.000000000000E+00  0.000000000000E+00  0.000000000000E+00  0.000000000000E+00  0.000000000000E+00  0.000000000000E+00  0.000000000000E+00
 -6.596869955517E-16  7.099649949455E-01  8.698613900266E+00 -5.060855378166E-14 -1.011148590824E-01  7.669056727164E+01  4.153719075480E-02  3.875752159059E-01 -8.671244498414E-02 -1.267561720032E-03 -8.803757947867E-01  1.960525915427E-01  1.257288064373E-04  2.519349728896E-03 -2.645078535079E-03 -2.438885470365E+00  1.566972921188E-02 -4.560193439694E-04 -1.210170058186E-04  1.145875987846E-05  1.039048390804E+02  4.560193431783E-04 -1.200895511556E+00  3.194843316318E-20  1.663242805509E-20  1.534860057035E-20 -4.236637027696E-03
  1.419929989891E+00  2.129892511783E+00  9.743596554184E+00 -4.065578308491E-14 -1.120448280572E-01  9.600224992501E+01  1.400077728541E-01  3.817594291639E-01 -1.720648794245E-01 -6.280792091778E-04 -1.099385286639E+00  9.676252527673E-01  1.485956055668E-01 -1.969004193725E-02 -1.289055636313E-01 -5.089051705436E-01  2.998002211782E-02  2.025782014186E-04 -1.659546011934E-04  2.666579203879E-05  8.426979715271E+00 -2.025782001179E-04 -3.723915703509E-02 -3.000958121688E-20 -7.346230325843E-22  2.432461456116E-20 -3.984735025978E-02
  2.839855033675E+00  3.549820075530E+00  1.019429133930E+01  6.531854007814E-15 -1.077164162133E-01  1.048666363943E+02  1.498585262158E-01  3.468063959388E-01 -1.648344854872E-01 -9.760911920797E-04 -1.102774587546E+00  8.357171268595E-01  6.860570687836E-02 -1.885325541000E-02 -4.975245146792E-02 -3.849321490433E-01 -1.036396230316E-02  1.344467830087E-04 -6.230018777081E-05  2.170574329492E-05  4.920319756822E+00 -1.344467834487E-04  3.931439778459E-02  5.543377266837E-20 -2.241876332406E-22  4.323418743999E-20 -2.221211746327E-02
  4.259785117385E+00  4.969747685371E+00  1.061692355800E+01  1.437147534953E-14 -1.050601939603E-01  1.136501726022E+02  1.607821342321E-01  3.413905256365E-01 -1.722331379548E-01 -6.725186806675E-04 -1.120707330554E+00  7.726387730051E-01  5.724770845087E-02 -2.337496205497E-02 -3.387274639597E-02 -3.281893552625E-01 -1.585980003278E-03  5.513514348804E-05 -2.503950304745E-05 -1.211692573030E-05  4.082778218166E+00 -5.513514301083E-05  2.937778644755E-02 -2.236466181849E-22 -2.545585007336E-20  1.699188329361E-20 -1.750445994967E-02
  5.679710253357E+00  6.389675340489E+00  1.091895202457E+01  3.324113981188E-14 -1.025008345638E-01  1.201062732311E+02  1.727974569071E-01  3.353538442263E-01 -1.707141112380E-01 -6.095670345140E-04 -1.122787745436E+00  7.024750300141E-01  4.062464724893E-02 -2.329882333338E-02 -1.732582391583E-02 -2.316402388384E-01 -1.006676542175E-03  3.367614946270E-05 -1.344369070468E-05 -3.145133891526E-05  3.139656664528E+00 -3.367614957831E-05  2.861809834062E-02  1.809585550152E-20 -3.472133573337E-21  1.300833858805E-20 -1.295968715372E-02
  7.099640427622E+00  7.809605536782E+00  1.117418813589E+01  3.322850875069E-14 -9.998347309431E-02  1.257141891510E+02  1.824141013518E-01  3.287240637351E-01 -1.709816190579E-01 -4.177579615792E-04 -1.119389943706E+00  6.551664103248E-01  3.144720681482E-02 -2.257226360037E-02 -8.874943214632E-03 -1.859333275434E-01 -7.637039230576E-04  2.144315141441E-05 -1.241862417564E-05 -1.786247791641E-05  2.610282784000E+00 -2.144315095007E-05  2.432939085266E-02 -2.424940163827E-20 -4.125825659814E-22 -5.698887182007E-22 -1.041579489101E-02
  8.519570645942E+00  9.229533280009E+00  1.138225247750E+01  4.689543405903E-14 -9.818578298599E-02  1.303758694046E+02  1.893058288552E-01  3.215048828212E-01 -1.688935336080E-01 -4.559926003538E-04 -1.117307955235E+00  6.137693935789E-01  2.423891882727E-02 -2.056646711067E-02 -3.672451716249E-03 -1.483766291979E-01 -2.025261837422E-04  1.355331543243E-05 -7.676436658551E-06 -1.408750511189E-06  2.190082639146E+00 -1.355331485126E-05  2.179375781401E-03  1.277173376414E-19  1.365329484281E-20 -6.102064945156E-21 -8.519471577873E-03
  9.939495914075E+00  1.064946106607E+01  1.156290609177E+01  5.282922162119E-14 -9.959607804222E-02  1.344954554787E+02  1.935695741440E-01  3.121174268108E-01 -1.670421786766E-01 -4.048618384475E-04 -1.150292924592E+00  5.805447792172E-01  1.947221718344E-02 -1.882038723732E-02 -6.518299464299E-04 -1.252418690238E-01  9.234768846928E-04  6.208568856068E-06 -1.257668902464E-07 -1.780208993948E-06  1.892740321805E+00 -6.208568333086E-06 -1.410308143312E-02  1.833420658309E-20 -1.149502069426E-20  1.709771662875E-20 -7.200453417968E-03
  1.135942621806E+01  1.206938889414E+01  1.171819978848E+01  6.693651533540E-14 -1.006887607305E-01  1.380880139815E+02  1.957702446386E-01  3.034986444543E-01 -1.645306905992E-01 -3.510967876425E-04 -1.178452484882E+00  5.525206378188E-01  1.591286825563E-02 -1.695909839825E-02  1.046230142749E-03 -1.059650849897E-01  7.882884153138E-04  4.146834257539E-06  1.377846545729E-06  9.884960281809E-06  1.662318993579E+00 -4.146833333350E-06 -1.333198629204E-02  3.587870453104E-20 -1.130688380723E-20 -5.718430993195E-20 -6.215431983554E-03
  1.277935157022E+01  1.348931676341E+01  1.185795313946E+01  7.813276475649E-14 -1.019638370100E-01  1.413611531411E+02  1.962794093025E-01  2.953823092324E-01 -1.617911297194E-01 -3.340860885481E-04 -1.207522422044E+00  5.298690869559E-01  1.348187199383E-02 -1.570451603852E-02  2.222644044190E-03 -9.341144544702E-02  7.043307100084E-04 -2.612866618094E-07  4.300257979173E-07  1.070562197352E-05  1.506825380155E+00  2.612871162753E-07 -7.415409435767E-03  9.532512210582E-22 -2.863405579657E-20 -1.621675905931E-21 -5.517789460769E-03
  1.419928195660E+01  1.490924716977E+01  1.198564814326E+01  6.625442956089E-14 -1.020037153351E-01  1.443863864732E+02  1.956138901768E-01  2.865843194746E-01 -1.588665422468E-01 -3.375173627408E-04 -1.221053316409E+00  5.089582824110E-01  1.156481998478E-02 -1.455911298234E-02  2.994292997405E-03 -8.325670679703E-02  4.583150655968E-04  2.154668484798E-06 -3.405481273996E-07  1.900177664928E-05  1.375603812680E+00 -2.154667852707E-06  4.965641089704E-03 -7.552750506378E-20 -2.220744552000E-20 -5.020814211965E-20 -4.928257431461E-03
  1.561921238295E+01  1.632917511899E+01  1.210211115854E+01  7.450709655346E-14 -1.010807073369E-01  1.471738939498E+02  1.943014660861E-01  2.775159669443E-01 -1.558378153641E-01 -2.870133357352E-04 -1.221699634853E+00  4.890412584189E-01  9.892915458773E-03 -1.358129202709E-02  3.688376568573E-03 -7.447591678312E-02  1.592843271902E-04 -7.494007665954E-06 -1.759455066731E-06  2.302524511224E-05  1.250822564600E+00  7.494008589330E-06  1.080653560354E-02 -1.403262566975E-20 -1.556931184491E-20 -5.712539706697E-21 -4.401229369813E-03
  1.703913785504E+01  1.774910310696E+01  1.220765790086E+01  8.754020028932E-14 -1.000834322687E-01  1.497240703839E+02  1.925975582097E-01  2.696054393046E-01 -1.527127261977E-01 -2.269810996299E-04 -1.218638897925E+00  4.715688595048E-01  8.681475368919E-03 -1.253776318231E-02  3.856287813426E-03 -6.665086117395E-02  5.151017923714E-05 -3.846340472367E-06 -4.257438893361E-06  1.445846315885E-05  1.149214451922E+00  3.846341377268E-06  1.973432663425E-02  5.565681442429E-20 -2.073022492914E-20 -3.491738091445E-20 -3.982599166550E-03
  1.845906835889E+01  1.916903113287E+01  1.230608577840E+01  9.286497110947E-14 -9.757674320057E-02  1.521215545161E+02  1.905939998299E-01  2.610700473421E-01 -1.494965879999E-01 -1.879750293231E-04 -1.197172629925E+00  4.568169146761E-01  7.615881170010E-03 -1.169043574737E-02  4.074554577286E-03 -6.094885107091E-02 -6.564306860541E-04 -8.157737716752E-06 -4.445190138976E-06  1.028431780908E-05  1.067378067932E+00  8.157738313918E-06  3.075505138796E-02 -9.630681771144E-21 -2.277784994062E-20 -2.596858815012E-20 -3.638632960137E-03
  1.987899390685E+01  2.058895919590E+01  1.239710551171E+01  9.816306858417E-14 -9.462635194841E-02  1.543568129360E+02  1.886007167168E-01  2.517142637934E-01 -1.462177178287E-01 -2.681312103502E-04 -1.168094455531E+00  4.425347550875E-01  6.572703103163E-03 -1.097131592602E-02  4.398612822744E-03 -5.546838826071E-02 -8.204452805135E-04  6.742531141476E-06  5.131532109363E-07  7.209052097559E-06  1.004786463112E+00 -6.742530633164E-06  3.254980479464E-02  3.674938603866E-20  1.624998334274E-20 -4.091899331387E-20 -3.348517478990E-03
  2.129892448495E+01  2.200888729523E+01  1.248442784598E+01  1.002772388124E-13 -9.180027263098E-02  1.565160744452E+02  1.864294872309E-01  2.445230128365E-01 -1.428886298805E-01 -3.205007172618E-04 -1.140161926034E+00  4.288260888713E-01  5.834191362341E-03 -1.005949959072E-02  4.225308228181E-03 -5.173626617508E-02 -9.089293494661E-04  8.525117500803E-06  2.543139877890E-06  4.904852524366E-06  9.472497155929E-01 -8.525116807672E-06  3.247148577502E-02 -7.792602360188E-21 -1.685160988004E-21  5.830564558720E-20 -3.099515937743E-03
  2.271885010551E+01  2.342881543005E+01  1.256523604363E+01  1.042811541309E-13 -8.886282501329E-02  1.585285329009E+02  1.836305041158E-01  2.396639158180E-01 -1.395501147559E-01 -3.805171608923E-04 -1.109260717900E+00  4.176656102266E-01  5.216258341844E-03 -9.509771915679E-03  4.293513573777E-03 -4.752634929016E-02 -1.111912269250E-03 -7.520046085964E-07 -1.570786036470E-06 -4.983088173170E-06  8.884457978641E-01  7.520051067100E-07  2.295182296206E-02 -2.323065382855E-20 -5.189758479316E-20  1.654617796870E-20 -2.865269634343E-03
  2.413878075458E+01  2.484874609625E+01  1.264211859422E+01  1.099972300578E-13 -8.772751430003E-02  1.604542589734E+02  1.803732850271E-01  2.341429599632E-01 -1.361687348981E-01 -5.505849258371E-04 -1.099564943751E+00  4.079244517258E-01  4.692226596018E-03 -8.912149030024E-03  4.219922434164E-03 -4.435316255652E-02 -5.201818667604E-04 -9.102868643310E-06 -4.028130725651E-06 -4.382824681629E-06  8.559602627601E-01  9.102868854557E-06  1.009505892167E-02  1.249158258599E-19  4.293814175492E-21  3.053945324408E-20 -2.708046513962E-03
  2.555871143792E+01  2.626867429960E+01  1.271716013701E+01  1.125697190944E-13 -8.707163203757E-02  1.623466429321E+02  1.768591082276E-01  2.277825769436E-01 -1.327449052320E-01 -5.264493944685E-04 -1.096479510885E+00  3.985550747451E-01  4.172326960239E-03 -8.328455491381E-03  4.156128531164E-03 -4.229241285223E-02 -3.022500523259E-04 -5.174079152210E-06 -3.026376148186E-06 -2.331077807264E-06  8.290499974749E-01  5.174079191311E-06  3.316920044978E-03  4.814457063720E-20  4.164189140728E-20 -4.633455069116E-21 -2.567237886508E-03
  2.697863716127E+01  2.768860253598E+01  1.278926701616E+01  1.119490127286E-13 -8.713881902666E-02  1.641753258818E+02  1.734865107364E-01  2.210928087718E-01 -1.293033514345E-01 -5.876381370865E-04 -1.103310763366E+00  3.883923056605E-01  3.862080613342E-03 -7.893205247121E-03  4.031124633867E-03 -3.982563506885E-02  8.386584056651E-05  4.588478279870E-06 -1.368200479447E-06 -2.183048919391E-06  7.916358643000E-01 -4.588478281458E-06 -2.426947863093E-03  5.715529553305E-20 -1.306525051606E-20 -2.500041910403E-20 -2.412563322105E-03
  2.839856791069E+01  2.910853080460E+01  1.285766806762E+01  1.086793204052E-13 -8.750267913090E-02  1.659190783898E+02  1.704243352657E-01  2.150963789904E-01 -1.258902233785E-01 -5.865160210700E-04 -1.114029507860E+00  3.790360533233E-01  3.639066607711E-03 -7.524423610675E-03  3.885357003056E-03 -3.738609822166E-02  2.046876383084E-04  3.915376879810E-06  1.741638558844E-06  1.414474860093E-06  7.543297819912E-01 -3.915376932285E-06  1.466117628974E-03 -4.120406326235E-20  8.982584841267E-21  1.887099600560E-20 -2.276596196623E-03
  2.981849369850E+01  3.052845910462E+01  1.292315290859E+01  1.055933748596E-13 -8.687925920813E-02  1.675967779505E+02  1.675248564669E-01  2.083916902490E-01 -1.224215533356E-01 -5.625519561123E-04 -1.112673839707E+00  3.690840888937E-01  3.340563889808E-03 -7.053514334582E-03  3.712950444803E-03 -3.545494369863E-02 -6.211163039383E-05  5.131236645700E-06  6.446363494765E-06  3.959223143530E-06  7.192216817704E-01 -5.131236645126E-06  6.102759041298E-03 -5.254685623390E-20  2.586643001911E-21  6.732587168960E-20 -2.142787495979E-03
  3.123842451073E+01  3.194838993194E+01  1.298532439713E+01  1.077696773633E-13 -8.642021681119E-02  1.691986977855E+02  1.646533172444E-01  2.027053424820E-01 -1.189658699714E-01 -5.504113729995E-04 -1.113273791500E+00  3.597207698755E-01  3.011357387280E-03 -6.637257611399E-03  3.625900224052E-03 -3.299869961536E-02 -2.540805657433E-05 -3.261660202486E-06  9.412047797217E-06  5.563738605310E-06  6.826958675825E-01  3.261660267530E-06  4.000246662508E-03  7.529339621441E-20 -2.687117372088E-20 -5.483244501251E-20 -1.997159411487E-03
  3.265835535315E+01  3.336831829234E+01  1.304432659805E+01  1.093846448330E-13 -8.616833731749E-02  1.707253608566E+02  1.616397981502E-01  1.971022592865E-01 -1.154923890636E-01 -4.978661312260E-04 -1.115629880568E+00  3.507228719343E-01  2.651795181893E-03 -6.239017345108E-03  3.587222163256E-03 -3.094237487147E-02 -2.347456232616E-05 -6.503176617931E-06  9.706746825931E-06 -4.379795840695E-06  6.443665239458E-01  6.503176602505E-06  4.363192935974E-03  2.552901170724E-20  3.527058042073E-21  2.433844091926E-20 -1.867961623563E-03
  3.407828123152E+01  3.478824668169E+01  1.309969459924E+01  1.080859203964E-13 -8.564459619827E-02  1.721617597501E+02  1.582759054457E-01  1.927939707420E-01 -1.120251629912E-01 -4.595978122986E-04 -1.113957658686E+00  3.420459729728E-01  2.257734756293E-03 -5.815528493852E-03  3.557793737681E-03 -2.878232655359E-02 -2.577238666602E-05 -6.790716892591E-06  7.255137865183E-06 -2.083675736699E-06  6.067889949872E-01  6.790716888799E-06  5.676694653253E-03 -6.097732438653E-20  1.763950826308E-20 -2.907172204288E-20 -1.743298487122E-03
  3.549821213186E+01  3.620817509919E+01  1.315202642195E+01  1.072011248675E-13 -8.516167299229E-02  1.735253060835E+02  1.546569944146E-01  1.887362400083E-01 -1.084282591980E-01 -3.698018507611E-04 -1.112454166748E+00  3.340695254066E-01  1.997654914007E-03 -5.514352658486E-03  3.516697744515E-03 -2.695153074663E-02 -5.265257618214E-05 -4.475485682371E-06  4.754785577751E-06 -1.859519854890E-07  5.774972751513E-01  4.475485672529E-06  1.394799264213E-02  1.634733141426E-20 -1.725559230196E-20  3.231109996387E-20 -1.636213184979E-03
  3.691813806651E+01  3.762810354401E+01  1.320219460320E+01  1.070885296248E-13 -8.316965573076E-02  1.748368258954E+02  1.508730765634E-01  1.845517121778E-01 -1.049420872123E-01 -2.758076360184E-04 -1.091112634758E+00  3.263558104667E-01  1.734065953966E-03 -5.327474633810E-03  3.593408679874E-03 -2.551389316944E-02 -4.669391816885E-04  8.932084805988E-07  3.291081915934E-06  1.881803124402E-06  5.597917868651E-01 -8.932084697511E-07  2.279600639223E-02 -4.486933810436E-20  5.621522069116E-21  1.375324067618E-20 -1.565974721721E-03
  3.833806902152E+01  3.904803451207E+01  1.325138404413E+01  1.073773892474E-13 -8.111513631036E-02  1.761265290750E+02  1.470439750878E-01  1.797642419042E-01 -1.013795564725E-01 -2.543557687880E-04 -1.067867348509E+00  3.198000152302E-01  1.639310727572E-03 -5.050758611105E-03  3.411447883492E-03 -2.462763494324E-02 -5.730269069877E-04  1.506651954930E-06  3.281489371165E-06  3.449414402352E-06  5.518212808415E-01 -1.506651957596E-06  2.447442931433E-02  5.139293650316E-20  1.007138260789E-20  3.695979276013E-20 -1.511790936146E-03
  3.975800000263E+01  4.046796300911E+01  1.330013775759E+01  1.087491203008E-13 -7.882498890485E-02  1.774082896418E+02  1.432599412367E-01  1.745288995800E-01 -9.791972362379E-02 -8.451925261543E-05 -1.041361495255E+00  3.126697428132E-01  1.469753219646E-03 -4.730654347820E-03  3.260901128009E-03 -2.372360086007E-02 -7.120374245755E-04  1.702998604438E-06  4.168694021395E-06  2.724514679512E-06  5.355080873455E-01 -1.702998570631E-06  3.308280642674E-02  5.978781457865E-22  2.769926015143E-20 -1.322980082822E-20 -1.441943799245E-03
  4.117792601560E+01  4.188789153103E+01  1.334643255377E+01  1.114338457152E-13 -7.524237340739E-02  1.786278369280E+02  1.394089240508E-01  1.680567084192E-01 -9.444590302578E-02 -8.626531970247E-06 -9.975747194221E-01  3.053608650125E-01  1.190857523077E-03 -4.358916561571E-03  3.168059038501E-03 -2.231103576583E-02 -8.593280791081E-04 -4.202546213324E-06  3.139253468310E-06 -9.294270782225E-07  5.096716777668E-01  4.202546240095E-06  3.998431440794E-02 -3.143855020702E-20 -4.710874373773E-21  1.032289527914E-20 -1.349689634662E-03
  4.259785704647E+01  4.330782132538E+01  1.339060052863E+01  1.125106553017E-13 -7.172842666184E-02  1.797950201645E+02  1.355031121455E-01  1.616812026652E-01 -9.099392986316E-02  1.475525303155E-04 -9.545418346341E-01  2.985267103406E-01  1.000809996705E-03 -4.129530735409E-03  3.128720738657E-03 -2.094385489734E-02 -7.590716983769E-04 -3.993834964683E-07  1.001451977071E-06 -3.800410590453E-06  4.843756005552E-01  3.993834938742E-07  3.929010951102E-02  3.410812254916E-20 -1.470385354740E-20 -4.257180132581E-20 -1.273419645026E-03
  4.401778560429E+01  4.472774989462E+01  1.343240482547E+01  1.137427636014E-13 -6.827060966551E-02  1.809022456029E+02  1.316395461551E-01  1.549533812452E-01 -8.757887861123E-02  1.619609794225E-04 -9.116786340051E-01  2.923026309227E-01  8.942839209165E-04 -3.922329785388E-03  3.028045864425E-03 -1.979561023367E-02 -7.807912877602E-04  2.926656946236E-06 -9.673857317202E-07  7.171985458374E-07  4.585063917571E-01 -2.926656916173E-06  3.276859176850E-02 -3.590406364412E-20 -9.201198164663E-21  9.296602942680E-21 -1.198772748792E-03
  4.543771418495E+01  4.614767848630E+01  1.347198118956E+01  1.158842864558E-13 -6.591355508644E-02  1.819533137367E+02  1.279481325950E-01  1.488589787177E-01 -8.421868354656E-02  3.272466086676E-04 -8.837391853838E-01  2.850983953569E-01  7.434838910489E-04 -3.781653489453E-03  3.038169598283E-03 -1.851059492874E-02 -6.337763386140E-04  4.930535379397E-06 -2.599367382177E-06  6.578205566311E-06  4.280751540903E-01 -4.930535361439E-06  2.115044045496E-02 -4.639701231532E-20 -1.619632081187E-20 -2.408136601540E-21 -1.113695826616E-03
  4.685764278764E+01  4.756760709959E+01  1.350838418546E+01  1.174280882819E-13 -6.451632734899E-02  1.829227045302E+02  1.244009837446E-01  1.428704287989E-01 -8.081895504808E-02  3.634205794114E-04 -8.684069152213E-01  2.769012521426E-01  7.452224893663E-04 -3.601360389361E-03  2.856137900021E-03 -1.706322997848E-02 -2.934106711786E-04  2.129691898104E-06 -3.849485202714E-06  5.834265751680E-06  3.981775318306E-01 -2.129691881223E-06  1.768307502581E-02  3.588591131600E-20  2.956219878366E-20  1.381353880868E-20 -1.023156082046E-03
  4.827757141154E+01  4.898753698205E+01  1.354265381752E+01  1.184507003065E-13 -6.277386784081E-02  1.838365003462E+02  1.209729890979E-01  1.374815036107E-01 -7.740614264038E-02  4.411206946956E-04 -8.479536608828E-01  2.705867205950E-01  7.262624706666E-04 -3.460407887002E-03  2.734145416194E-03 -1.570581957571E-02 -3.571102870887E-04 -2.938119979368E-07 -4.292391282780E-06  9.318719854561E-06  3.741878018509E-01  2.938120041416E-07  1.618057513406E-02 -7.051150178681E-21 -4.683023129076E-21  1.325999854363E-20 -9.459911777237E-04
  4.969750255255E+01  5.040746688449E+01  1.357479861320E+01  1.190880572357E-13 -6.164347852132E-02  1.846975695452E+02  1.176902788523E-01  1.324635747513E-01 -7.408822092534E-02  4.218090629234E-04 -8.349033932914E-01  2.635410319389E-01  5.832795214024E-04 -3.272967365969E-03  2.689687844570E-03 -1.456815299729E-02 -2.408799597017E-04  5.461040724050E-06 -2.991136927448E-06  9.512399896616E-06  3.511002138668E-01 -5.461040715776E-06  9.756177366317E-03  3.922206778991E-21  1.413364927658E-20 -2.298004194007E-20 -8.743045466275E-04
  5.111743121643E+01  5.182739555775E+01  1.360497131104E+01  1.196734968686E-13 -6.104157230223E-02  1.855065904425E+02  1.144677095590E-01  1.277053232986E-01 -7.077502172096E-02  4.993061916768E-04 -8.290291368123E-01  2.573319545820E-01  3.688811576629E-04 -3.042396517838E-03  2.673515360160E-03 -1.339440548932E-02 -1.744974048964E-04  3.621025114954E-07 -2.515462550252E-06  1.150311969509E-05  3.310517751881E-01 -3.621025063085E-07  7.481860815131E-03  3.476826858924E-21  6.568504312958E-21 -3.554393390784E-21 -8.066639294890E-04
  5.253735989906E+01  5.324732424936E+01  1.363355772578E+01  1.204156983713E-13 -6.031447218044E-02  1.862741427903E+02  1.112552914603E-01  1.227239244141E-01 -6.750638970066E-02  4.812943212928E-04 -8.218027246070E-01  2.510464138579E-01  2.270997182256E-04 -2.884650732634E-03  2.657551014417E-03 -1.241566377976E-02 -1.409278766635E-04 -3.491640144272E-06 -2.975861970932E-06  1.239776506372E-05  3.106892529049E-01  3.491640156065E-06  2.278424442280E-03 -6.092820765443E-21 -3.526568444554E-20  2.719260899575E-21 -7.429924251700E-04
  5.395728859965E+01  5.466725295851E+01  1.366011521932E+01  1.211142665599E-13 -6.063646930598E-02  1.869888228468E+02  1.080713538479E-01  1.175705535495E-01 -6.423877557357E-02  5.587330927240E-04 -8.286029961711E-01  2.449264515067E-01  1.338885320412E-04 -2.671808784023E-03  2.537920251948E-03 -1.141662303781E-02  1.168403407020E-04 -2.276138864393E-06 -1.784036357140E-06  9.973377555035E-06  2.870461238943E-01  2.276138868649E-06 -1.453386164953E-02 -3.022161992944E-20 -1.722451773354E-20  2.526104662256E-20 -6.856341804175E-04
  5.537721731737E+01  5.608718168439E+01  1.368450561723E+01  1.212986753734E-13 -6.289390435966E-02  1.876467615095E+02  1.048307852492E-01  1.129828280062E-01 -6.106466045369E-02  5.059285634146E-04 -8.616067776174E-01  2.384238301059E-01  1.301320910599E-04 -2.514784124630E-03  2.384652033527E-03 -1.047264304864E-02  5.239159243879E-04 -2.386276182599E-06 -3.096525134537E-08  1.075618571354E-06  2.621794986965E-01  2.386276182839E-06 -2.958957717852E-02 -3.512423808583E-20  1.464915631628E-20 -2.516994686223E-20 -6.254530102753E-04
  5.679714605141E+01  5.750711167453E+01  1.370664983547E+01  1.203329398642E-13 -6.588886770346E-02  1.882447392578E+02  1.014582243244E-01  1.089565902877E-01 -5.778909598313E-02  5.538667064759E-04 -9.046698829427E-01  2.328497547559E-01  2.824012807037E-05 -2.351166937759E-03  2.322926809664E-03 -9.542334433997E-03  7.008314979325E-04 -3.077794951990E-06  1.499662139982E-06 -5.425292332632E-06  2.378856382276E-01  3.077794930299E-06 -3.012163643419E-02 -1.280161369226E-20  2.161419863524E-20 -2.567354328612E-20 -5.674049544759E-04
  5.821707729766E+01  5.892704167977E+01  1.372672841918E+01  1.183995922443E-13 -6.824128119154E-02  1.887873879957E+02  9.798100667330E-02  1.051687833421E-01 -5.465777614171E-02  5.269761449234E-04 -9.381983739046E-01  2.279822102866E-01 -1.294436263383E-05 -2.309797456905E-03  2.322741819557E-03 -8.600252741096E-03  5.260658322410E-04 -3.723734816716E-06  2.686054378948E-06 -5.543425809980E-06  2.163460785956E-01  3.723734795170E-06 -2.784866346746E-02  1.953793495986E-21  6.722821074480E-21 -3.411337128168E-20 -5.104601894114E-04
  5.963700606188E+01  6.034697045092E+01  1.374504961389E+01  1.159090233648E-13 -7.083236976773E-02  1.892817636381E+02  9.441339142019E-02  1.026596069132E-01 -5.143517939766E-02  5.516820901618E-04 -9.749171667865E-01  2.230555180149E-01 -8.868106723510E-05 -2.157724285959E-03  2.246405353143E-03 -7.762713958044E-03  5.347966156809E-04  4.368109184835E-07  3.183728484451E-06 -3.529919405092E-06  2.012700070687E-01 -4.368109526706E-07 -2.958108669308E-02 -5.515510307955E-20  6.180141728876E-21  1.336792129285E-20 -4.672049292488E-04
  6.105693483997E+01  6.176689923554E+01  1.376245241551E+01  1.109239782427E-13 -7.349176930424E-02  1.897526068610E+02  9.077278957701E-02  1.003779447844E-01 -4.828685359573E-02  5.109708897701E-04 -1.012937030599E+00  2.187372830120E-01 -8.529029943872E-05 -2.120472134406E-03  2.205762433800E-03 -7.223850178089E-03  5.129612851964E-04  1.888697468671E-06  2.784179631609E-06 -4.868829925328E-06  1.945080816492E-01 -1.888697546409E-06 -2.692570968507E-02  3.066755862989E-20  3.467061451921E-21 -6.258563984550E-21 -4.388357092144E-04
  6.247686363111E+01  6.318682865698E+01  1.377957333355E+01  1.049889628004E-13 -7.561148839068E-02  1.902163109886E+02  8.707522692189E-02  9.857351978477E-02 -4.508608788570E-02  5.081617916099E-04 -1.043621203160E+00  2.140424684543E-01 -1.505651426699E-04 -2.080068955158E-03  2.230634097834E-03 -6.820858892143E-03  4.086230101862E-04  2.993755715780E-08  1.723705990766E-06 -2.482399613551E-06  1.867805049707E-01 -2.993761268707E-08 -1.743709807903E-02 -1.327142696504E-20  1.595798523720E-20 -5.446646910660E-21 -4.097390967363E-04
  6.389679368284E+01  6.460675809025E+01  1.379560428292E+01  9.984665330622E-14 -7.658713524239E-02  1.906505205877E+02  8.333728462402E-02  9.666176035114E-02 -4.194141119133E-02  4.652619552150E-04 -1.058355205868E+00  2.098472440257E-01 -1.816692241503E-04 -2.027779925451E-03  2.209449149651E-03 -6.278615013064E-03  2.114385361907E-04  2.757872230631E-07  7.538393792885E-07  2.362126245785E-06  1.745865514222E-01 -2.757872830363E-07 -7.065647048671E-03 -3.355208917189E-20 -2.626124414941E-20  4.794686102409E-20 -3.770655492439E-04
  6.531672249765E+01  6.602668753453E+01  1.381056074065E+01  9.611601294531E-14 -7.686563193060E-02  1.910565076302E+02  7.954795316099E-02  9.465089400646E-02 -3.873055655864E-02  4.597859161407E-04 -1.063209422878E+00  2.052302870246E-01 -3.644433759347E-04 -1.908859430957E-03  2.273302806861E-03 -5.745992891965E-03  5.292097484024E-05  4.691797231265E-07  1.681484015531E-07  1.481440328975E-06  1.606682965965E-01 -4.691797468624E-07  1.425391330735E-03 -5.521618144878E-21  4.458170241515E-21 -3.063571903624E-21 -3.436739413979E-04
  6.673665257141E+01  6.744661698901E+01  1.382412139313E+01  9.351080906191E-14 -7.633412046271E-02  1.914237486069E+02  7.566716348307E-02  9.247064835548E-02 -3.566230028368E-02  4.542944841550E-04 -1.057179977545E+00  2.009702480926E-01 -3.803934931626E-04 -1.757598847179E-03  2.137992340350E-03 -5.300196311580E-03 -2.233245035591E-05 -2.597725371871E-06 -1.418574090290E-07  8.102573354421E-07  1.465165860541E-01  2.597725337201E-06  4.336268458393E-03  5.888417406670E-20 -5.728771523450E-21  5.478001522872E-21 -3.185114952363E-04
  6.815658140661E+01  6.886654582869E+01  1.383656576938E+01  9.023554314257E-14 -7.609612414633E-02  1.917614284432E+02  7.175334084065E-02  9.046789796594E-02 -3.249770746950E-02  3.844673671920E-04 -1.054676942225E+00  1.973944126188E-01 -4.621878348229E-04 -1.665854835425E-03  2.128042670232E-03 -4.815247260188E-03  3.831369360038E-05  1.062046975983E-06  4.406160375483E-07  2.610100175687E-06  1.294335094121E-01 -1.062047014934E-06 -5.412135950902E-03 -2.947774856158E-20  2.895207258721E-21 -2.453974075093E-20 -2.785733314098E-04
  6.957651025078E+01  7.028647530112E+01  1.384709452607E+01  8.717307159309E-14 -7.729469239144E-02  1.920467642628E+02  6.782185640192E-02  8.900317534193E-02 -2.943819373225E-02  3.685859402740E-04 -1.071874393543E+00  1.935615322533E-01 -4.720183294086E-04 -1.579942448070E-03  2.051960777516E-03 -4.147213521139E-03  2.412123544627E-04  5.333957061759E-06  1.430017575384E-06  9.438122027633E-07  1.192464326390E-01 -5.333957091681E-06 -1.430373792444E-02 -5.424505905787E-20  2.238570081195E-20 -8.260926180540E-22 -2.470188581256E-04
  7.099644035146E+01  7.170640478130E+01  1.385773142731E+01  8.469548306995E-14 -7.863501218755E-02  1.923352411854E+02  6.378153201389E-02  8.823271814198E-02 -2.629992342832E-02  2.813292635634E-04 -1.090727477249E+00  1.888000526527E-01 -5.405798685688E-04 -1.556044294436E-03  2.096624163039E-03 -3.777145129076E-03  2.685243895212E-04  1.852565112281E-06  1.282355010949E-06  1.257192274467E-06  1.103242715540E-01 -1.852565138095E-06 -1.724159634344E-02 -4.885943319630E-22  4.112089346447E-21  1.421713843404E-20 -2.242869583212E-04
  7.241636921113E+01  7.312633395632E+01  1.386667621519E+01  7.890407020541E-14 -8.035496809421E-02  1.925773594140E+02  5.947799847010E-02  8.739635805689E-02 -2.319224625975E-02  2.605413569368E-04 -1.114496137374E+00  1.835627170228E-01 -5.400357836366E-04 -1.479866889191E-03  2.019902672846E-03 -3.362308585491E-03  3.724397572979E-04 -2.051670863260E-07  8.501396223315E-07  1.187264110379E-06  9.980386776432E-02  2.051669816798E-07 -1.684406630504E-02  1.259338746275E-20  2.306553743447E-20  4.177237771417E-20 -1.986844556331E-04
  7.383629870151E+01  7.454626344955E+01  1.387544555636E+01  6.923948621652E-14 -8.162472554757E-02  1.928162335219E+02  5.472164737155E-02  8.633308936570E-02 -2.011028363570E-02  2.155587319388E-04 -1.132182966669E+00  1.789266643651E-01 -6.080356083065E-04 -1.385233124077E-03  1.993268732359E-03 -2.963204736038E-03  2.366399203485E-04  4.273224594870E-07  8.624931592080E-07  1.616091143819E-06  8.819430233487E-02 -4.273225725779E-07 -1.473188115993E-02 -7.240649654147E-21 -1.918922940887E-20  2.673766604569E-21 -1.679549756577E-04
  7.525622819760E+01  7.596619263600E+01  1.388233013333E+01  5.881022036461E-14 -8.296955567994E-02  1.930033924935E+02  4.931666535863E-02  8.537808433889E-02 -1.700710240816E-02  1.788514408533E-04 -1.151228361003E+00  1.742336652766E-01 -6.332273628048E-04 -1.293772605603E-03  1.926999968424E-03 -2.418816435692E-03  1.510311921024E-04  1.399608601831E-06  3.610013094035E-07 -4.040533223045E-07  7.476302334102E-02 -1.399608723763E-06 -9.918270958886E-03  1.664350608156E-21 -3.445810118079E-21 -2.268061507183E-20 -1.409024194955E-04
  7.667615707440E+01  7.738612182693E+01  1.388871525290E+01  4.999408254451E-14 -8.338485679606E-02  1.931779584604E+02  4.300132808109E-02  8.532504788568E-02 -1.388995954154E-02  1.506615039179E-04 -1.157464739191E+00  1.699267248292E-01 -6.348038971007E-04 -1.231054331974E-03  1.865858229073E-03 -2.071776200209E-03 -3.092816084408E-05 -1.535361299835E-06  4.356174603474E-08 -4.052323812609E-07  6.363647239577E-02  1.535361223100E-06  3.794734116885E-04  3.707847853869E-21  1.064996747624E-20  1.792985493551E-20 -1.144749386535E-04
  7.809608657946E+01  7.880605133362E+01  1.389362480837E+01  4.138016717018E-14 -8.290217310724E-02  1.933130655249E+02  3.546941621433E-02  8.604889248825E-02 -1.077907956116E-02  1.410048102926E-04 -1.150825424104E+00  1.654156510883E-01 -6.173722525834E-04 -1.210537958888E-03  1.827910211469E-03 -1.629220353173E-03 -1.736087724917E-04  4.773730822800E-07  3.224407264686E-07  1.888370880906E-07  6.362110625004E-02 -4.773731996696E-07  2.655282395661E-03 -8.820102955123E-21  4.726283204769E-21 -3.709381775356E-20 -1.014210714354E-04
  7.951601608778E+01  8.022598068713E+01  1.390000752377E+01  3.075574363020E-14 -8.291394322225E-02  1.934911294227E+02  2.628264207591E-02  8.916508656770E-02 -7.618920515383E-03  9.451194290162E-05 -1.151056922486E+00  1.620669492858E-01 -5.685290566568E-04 -1.213116493706E-03  1.781645550324E-03 -1.625921139721E-03 -8.286691753042E-05 -1.485742071930E-06  3.894471719397E-07  9.007360918551E-07  6.357847558570E-02  1.485741949907E-06  1.412700552383E-02  3.134463796047E-20  6.103904321032E-22  1.669771129255E-21 -9.372146207648E-05
  8.093594528647E+01  8.164590996465E+01  1.390490947233E+01  1.629411612888E-14 -8.039502898039E-02  1.936308465978E+02  1.482923931015E-02  9.669349948525E-02 -4.577426418161E-03  8.270213396175E-05 -1.116182907826E+00  1.653403895027E-01 -3.103309092228E-04 -1.559688845076E-03  1.870019754339E-03 -1.433940871583E-03 -5.177676014676E-04  2.963486429189E-07  3.356508695665E-07  3.510293541714E-06  6.418525003275E-02 -2.963488467830E-07  1.439703861018E-02  7.125452558736E-21 -9.285626707545E-21  5.170056215035E-20 -9.412014539732E-05
  8.235587464283E+01  8.306583932141E+01  1.391139987377E+01  3.623699976394E-15 -8.035840035070E-02  1.938203593475E+02  2.504269890123E-03  1.197024988635E-01 -1.362812807732E-03  2.175118271145E-06 -1.114952927461E+00  1.911640573424E-01 -5.940946745557E-04 -4.180412887896E-03  4.774507562446E-03 -1.501737421678E-03 -7.564908576502E-04  1.406856135846E-06  1.979213917163E-07  3.077238881411E-06  3.656687363601E-02 -1.406856217499E-06  2.056338531136E-04  3.135478126012E-20 -2.279261059157E-21  9.600009539298E-21 -4.875320293547E-05
