                   y                  ym                   U                   V                   W                 U^2                 V^2                 W^2                  UV                  VW                  UW                VISC               SFSxx               SFSyy               SFSzz               SFSxy               SFSyz                dUdX                dVdX                dWdX                dUdY                dVdY                dWdY                dUdZ                dVdZ                dWdZ              SFSxym
 -1.419929989891E+00 -7.099649949455E-01  0.000000000000E+00  0.000000000000E+00  0.000000000000E+00  0.000000000000E+00  0.000000000000E+00  0.000000000000E+00  0.000000000000E+00  0.000000000000E+00  0.000000000000E+00  0.000000000000E+00  0.000000000000E+00  0.000000000000E+00  0.000000000000E+00  0.000000000000E+00  0.000000000000E+00  0.000000000000E+00  0.000000000000E+00  0.000000000000E+00  0.000000000000E+00  0.000000000000E+00  0.000000000000E+00  0.000000000000E+00  0.000000000000E+00  0.000000000000E+00  0.000000000000E+00
 -6.596869955517E-16  7.099649949455E-01  8.765169669347E+00  2.202691338703E-15 -1.132750361426E-01  7.792021348884E+01  4.305237024820E-02  4.005073529334E-01 -8.884686559364E-02 -1.366288897112E-03 -9.982265311302E-01  1.976486749790E-01  5.004202585996E-04  1.969608272478E-03 -2.470028531051E-03 -2.471073216121E+00  1.738614831173E-02 -9.675832695001E-04  2.273969286391E-05  1.361999155998E-05  1.045571877016E+02  9.675832695500E-04 -1.361871992647E+00 -3.060647045752E-20  2.148672814194E-20  1.001015716408E-19 -4.263757901316E-03
  1.419929989891E+00  2.129892511783E+00  9.792816917723E+00  4.099286146093E-15 -1.284661332786E-01  9.700838429703E+01  1.452049917276E-01  3.909539087737E-01 -1.761456228960E-01 -7.417230528478E-04 -1.266969678304E+00  9.722607833662E-01  1.473815948743E-01 -1.982885628564E-02 -1.275527385881E-01 -5.048659861965E-01  3.080762167413E-02  4.587559049019E-04  2.566281809944E-05 -7.080645438219E-06  8.382827740488E+00 -4.587559049088E-04 -5.332744094827E-02  6.484053377806E-20  1.059173492491E-20 -7.531374002996E-20 -3.992738493320E-02
  2.839855033675E+00  3.549820075530E+00  1.025304443245E+01  4.922016897527E-15 -1.227312044133E-01  1.061195907808E+02  1.549876201731E-01  3.582080207356E-01 -1.684738256657E-01 -1.063946313550E-03 -1.263549901828E+00  8.502953257718E-01  7.113363163186E-02 -1.855415450811E-02 -5.257947712461E-02 -3.985068704775E-01 -1.074784725847E-02  3.178524236756E-04  4.891254998529E-06 -2.688795028989E-06  5.009681104194E+00 -3.178524236502E-04  5.665403893036E-02 -5.462431447696E-20  2.344842356749E-20 -7.114139181189E-20 -2.310468055794E-02
  4.259785117385E+00  4.969747685371E+00  1.068198786257E+01  7.162357791945E-15 -1.184041419382E-01  1.150969936877E+02  1.658120017559E-01  3.519384701550E-01 -1.761310583097E-01 -1.056455578143E-03 -1.268521232003E+00  7.854497840274E-01  5.847860410103E-02 -2.337493616042E-02 -3.510366794090E-02 -3.399540121545E-01 -2.438140709310E-03  1.175278452328E-04  4.132981147674E-06  1.653826440688E-05  4.135090028893E+00 -1.175278452077E-04  3.685452947511E-02  4.185348770031E-20 -2.263667309646E-20 -2.677883119729E-20 -1.807044251144E-02
  5.679710253357E+00  6.389675340489E+00  1.098698555249E+01  1.001436335925E-14 -1.161824077586E-01  1.216681270021E+02  1.778251585570E-01  3.437144440319E-01 -1.746675136999E-01 -1.181044538076E-03 -1.279379077682E+00  7.128877778768E-01  4.079081405857E-02 -2.320113355458E-02 -1.758968050425E-02 -2.381470416047E-01 -1.089063857079E-03  4.821631938387E-05  3.308367434245E-06  1.160966897189E-05  3.176797807603E+00 -4.821631934477E-05  2.304141668013E-02 -4.631524881931E-20  8.861489134892E-21  2.460570298296E-20 -1.331859559178E-02
  7.099640427622E+00  7.809605536782E+00  1.124584262965E+01  1.326748346984E-14 -1.143104801292E-01  1.273981865162E+02  1.873677563674E-01  3.378350795286E-01 -1.749516522461E-01 -1.122611015723E-03 -1.288218469232E+00  6.676672500074E-01  3.219683992565E-02 -2.252563158360E-02 -9.671208341791E-03 -1.917609902251E-01 -7.155330920721E-04  2.397845602706E-05  1.267004780232E-06  1.273916609576E-05  2.661927720325E+00 -2.397845599292E-05  3.575154416791E-02 -3.776345091176E-20  1.167929617722E-20 -7.486136474495E-20 -1.081893565650E-02
  8.519570645942E+00  9.229533280009E+00  1.145945536917E+01  1.522572782329E-14 -1.098376062922E-01  1.322172564860E+02  1.940164338936E-01  3.291484076906E-01 -1.728726115674E-01 -1.210504195676E-03 -1.261062491507E+00  6.273483584277E-01  2.528251129595E-02 -2.085953063158E-02 -4.422980664538E-03 -1.554217629305E-01 -1.892650816119E-03  9.579572836858E-06 -2.661971679711E-06 -1.880529044799E-06  2.265763580902E+00 -9.579572826855E-06  4.335166565472E-02  5.428280830842E-20  2.402247768980E-20  8.598602185890E-21 -8.978283235856E-03
  9.939495914075E+00  1.064946106607E+01  1.164799454579E+01  1.710218987513E-14 -1.066193413623E-01  1.365500345203E+02  1.978377483577E-01  3.202566588740E-01 -1.710394725207E-01 -1.186071737135E-03 -1.243637122854E+00  5.949164060924E-01  2.088089272904E-02 -1.916694329960E-02 -1.713949428999E-03 -1.328365726136E-01 -1.108608218270E-03  2.783369868378E-06 -6.805908049457E-06 -1.161322956673E-05  1.991407238234E+00 -2.783369836085E-06  4.173597177537E-02  3.572523397802E-20  3.747998703748E-20 -2.032080300626E-20 -7.706805652830E-03
  1.135942621806E+01  1.206938889414E+01  1.181291264441E+01  1.883662750396E-14 -1.024343001084E-01  1.404016997134E+02  1.991943015926E-01  3.091081819942E-01 -1.684106701662E-01 -1.263447178135E-03 -1.211275547467E+00  5.670401907150E-01  1.748810513823E-02 -1.744038333769E-02 -4.772180026573E-05 -1.144228200294E-01 -1.236464862092E-03 -8.944967043379E-06 -1.033607078289E-05 -8.058073586651E-06  1.769146621751E+00  8.944967050068E-06  4.526806668041E-02 -3.261185496599E-20 -4.070445629272E-21  6.102634571803E-20 -6.729275113504E-03
  1.277935157022E+01  1.348931676341E+01  1.196199970091E+01  2.020649241141E-14 -9.858786917423E-02  1.439305493576E+02  1.985888265784E-01  2.979278673817E-01 -1.656978168042E-01 -1.181437401338E-03 -1.180885999938E+00  5.421124385019E-01  1.468296097461E-02 -1.612010777638E-02  1.437146801698E-03 -1.011619755023E-01 -1.335686627212E-03 -1.105337993395E-05 -9.308044913794E-06  2.970421979910E-06  1.593650638010E+00  1.105337995809E-05  5.808971068733E-02  4.168070862018E-20  3.100500419826E-21  1.627952340489E-20 -5.935660070485E-03
  1.419928195660E+01  1.490924716977E+01  1.209576941776E+01  2.211763268033E-14 -9.212334598184E-02  1.471366786075E+02  1.968386731215E-01  2.870298261613E-01 -1.628483790677E-01 -1.258472446781E-03 -1.115179626952E+00  5.201735794688E-01  1.264040122469E-02 -1.472004746295E-02  2.079646238329E-03 -8.918084964051E-02 -2.461046043279E-03 -6.525215750707E-06 -2.473434471468E-06  1.481713507859E-05  1.453645844927E+00  6.525215769567E-06  7.568793597098E-02 -8.375570161674E-21 -7.935910003982E-22 -9.205527424944E-21 -5.323736211639E-03
  1.561921238295E+01  1.632917511899E+01  1.222001039353E+01  2.405667393660E-14 -8.515008558384E-02  1.501470004852E+02  1.943680932714E-01  2.765243485265E-01 -1.598196029154E-01 -1.261613939543E-03 -1.039809246858E+00  4.999995022427E-01  1.122871135800E-02 -1.348278448188E-02  2.254073123809E-03 -8.128100493771E-02 -2.587273524197E-03 -3.170047009623E-07  1.408860914285E-06  8.986985302205E-06  1.351353369011E+00  3.170047257584E-07  7.130962856805E-02 -6.501472668164E-21 -1.103148992701E-20  8.422655253071E-21 -4.839832407128E-03
  1.703913785504E+01  1.774910310696E+01  1.233562381135E+01  2.636316247937E-14 -7.946523675364E-02  1.529775090382E+02  1.912651210447E-01  2.652081126664E-01 -1.568197429599E-01 -1.367493658367E-03 -9.787501530451E-01  4.810229526095E-01  9.840714610692E-03 -1.254313673005E-02  2.702422119560E-03 -7.353763486733E-02 -1.974014922692E-03 -5.655824026529E-06  8.782617343576E-07  3.134885643006E-06  1.252629719956E+00  5.655824053725E-06  5.624299027105E-02  3.700932425562E-20 -1.492164040383E-20  4.661228757124E-20 -4.376400324421E-03
  1.845906835889E+01  1.916903113287E+01  1.244234073051E+01  2.872892878330E-14 -7.516927519257E-02  1.556145390276E+02  1.876023939408E-01  2.541991663328E-01 -1.536634180949E-01 -1.383034079113E-03 -9.318938260235E-01  4.624991555917E-01  8.807587326102E-03 -1.160903960767E-02  2.801452281651E-03 -6.650352013325E-02 -1.273295327871E-03  6.914446550161E-06  1.721042967680E-06 -5.937636369931E-06  1.155968890501E+00 -6.914446524126E-06  4.065865399923E-02  7.832335332106E-20 -1.387991139270E-20  7.264991017359E-20 -3.948936561003E-03
  1.987899390685E+01  2.058895919590E+01  1.254079744681E+01  3.041688741144E-14 -7.224889023610E-02  1.580696606143E+02  1.833619249631E-01  2.436413812521E-01 -1.504544577438E-01 -1.484661901388E-03 -9.013310845566E-01  4.453176646865E-01  7.742560832182E-03 -1.076057938308E-02  3.018018550937E-03 -5.998945385034E-02 -7.861603189266E-04  1.580181149679E-05  2.769754765176E-06 -2.300615279241E-06  1.073779296979E+00 -1.580181148497E-05  2.849597081440E-02  2.462728939435E-20  8.422036880230E-21  2.670168979371E-20 -3.583512454995E-03
  2.129892448495E+01  2.200888729523E+01  1.263292886577E+01  3.143304544204E-14 -7.011016547251E-02  1.603865618102E+02  1.787962406131E-01  2.324785937054E-01 -1.473978277908E-01 -1.526164062721E-03 -8.804160535519E-01  4.295239870027E-01  6.793339208759E-03 -9.867546741072E-03  3.074207532411E-03 -5.465164498089E-02 -2.975172703616E-04  7.110639021809E-06 -2.023024572857E-07 -4.017435016822E-06  1.001035911936E+00 -7.110639010848E-06  1.788815136878E-02  2.058393788870E-22 -2.247382762259E-20 -1.309319289146E-20 -3.259674334294E-03
  2.271885010551E+01  2.342881543005E+01  1.271847265563E+01  3.222037495437E-14 -6.907389427117E-02  1.625547178989E+02  1.741724389770E-01  2.222128415516E-01 -1.441766872368E-01 -1.658975699399E-03 -8.726762274294E-01  4.136785565410E-01  5.990365642896E-03 -8.895527477127E-03  2.905161834118E-03 -4.978326436848E-02  1.751268273092E-05 -1.699358249443E-06 -4.757018792999E-06 -4.843577876088E-06  9.265064399494E-01  1.699358256371E-06  3.186730408436E-03 -6.325590335523E-21 -7.735542389120E-21 -4.420797632732E-21 -2.964934208721E-03
  2.413878075458E+01  2.484874609625E+01  1.279737507993E+01  3.279246476565E-14 -6.954410090524E-02  1.645676654216E+02  1.695066708369E-01  2.117996405363E-01 -1.410356167233E-01 -1.694348007830E-03 -8.838164867188E-01  3.991808881435E-01  5.410080005199E-03 -8.216904067894E-03  2.806824062609E-03 -4.512447303342E-02  5.549181168185E-04  2.193320963732E-06 -7.732894941375E-06 -9.205791726655E-07  8.646255126212E-01 -2.193320957845E-06 -6.662194355172E-03  8.809482819376E-21 -4.482382105102E-21 -2.080404840912E-20 -2.707066343774E-03
  2.555871143792E+01  2.626867429960E+01  1.287193495235E+01  3.309858570210E-14 -7.025683563131E-02  1.664780416118E+02  1.649817246392E-01  2.012973598484E-01 -1.377305144156E-01 -1.737389875222E-03 -8.975946030011E-01  3.846980230816E-01  4.672448399496E-03 -7.589454584234E-03  2.917006184846E-03 -4.142185480910E-02  5.227394211129E-04 -6.577323518606E-07 -7.634663312414E-06  3.632614818242E-06  8.032022930296E-01  6.577323527834E-07 -1.931163399753E-03 -4.410437080311E-20 -1.367195185025E-20 -2.829886423030E-20 -2.458179205567E-03
  2.697863716127E+01  2.768860253598E+01  1.293993459984E+01  3.323439573555E-14 -6.988812159906E-02  1.682279478156E+02  1.607098416174E-01  1.910498830555E-01 -1.345687719336E-01 -1.728430954352E-03 -8.971404950542E-01  3.696518460172E-01  3.996884044800E-03 -7.048958943754E-03  3.052074898915E-03 -3.710920740645E-02  1.191714282750E-04  4.000546650831E-07 -3.947401695184E-06  3.590811858555E-06  7.310746522125E-01 -4.000546630022E-07  6.861439459333E-03 -1.235815781393E-20  4.077198999944E-21  5.070627485624E-20 -2.189949953795E-03
  2.839856791069E+01  2.910853080460E+01  1.300169418179E+01  3.367335213750E-14 -6.903911672443E-02  1.698239219610E+02  1.564655470031E-01  1.815458685169E-01 -1.312736291354E-01 -1.789417768911E-03 -8.896896773938E-01  3.568167086296E-01  3.476472569480E-03 -6.426787368504E-03  2.950314798904E-03 -3.314161755377E-02 -4.993700802644E-05 -3.609696119265E-06  2.287837300427E-07  6.930526136215E-06  6.661420977115E-01  3.609696127135E-06  9.739792221416E-03  8.631721807752E-21 -2.071259573893E-20 -1.857357999353E-20 -1.973535670002E-03
  2.981849369850E+01  3.052845910462E+01  1.305817026151E+01  3.424824774542E-14 -6.815858032491E-02  1.712903703439E+02  1.522024927236E-01  1.738993479618E-01 -1.280401759249E-01 -1.764201796858E-03 -8.815124401032E-01  3.448474119728E-01  3.034747563801E-03 -6.155756797360E-03  3.121009233555E-03 -2.999957091704E-02 -5.077770456441E-05 -3.193886195446E-06  3.671781188775E-07  8.955704388903E-06  5.996826107691E-01  3.193886200502E-06  4.971838782889E-03  4.963326384813E-20  1.811502824389E-20  2.831419448477E-20 -1.760413566790E-03
  3.123842451073E+01  3.194838993194E+01  1.310813379621E+01  3.435030997455E-14 -6.815533197500E-02  1.725921941938E+02  1.480324084548E-01  1.677101910590E-01 -1.246576454177E-01 -1.792645880980E-03 -8.843705141099E-01  3.335917099902E-01  2.641334498436E-03 -5.852438355169E-03  3.211103856599E-03 -2.633224569657E-02  2.072738246436E-04 -5.825184330766E-06 -2.337336363853E-06  6.562021681620E-06  5.452537466903E-01  5.825184328036E-06 -3.761238156240E-03  8.998471948862E-20 -1.351003774601E-20 -2.212068652170E-20 -1.566362838576E-03
  3.265835535315E+01  3.336831829234E+01  1.315494719998E+01  3.417633591875E-14 -6.882498324772E-02  1.738134451050E+02  1.439175295519E-01  1.616468479902E-01 -1.213052254599E-01 -1.789481598767E-03 -8.955171241106E-01  3.230898514939E-01  2.328019972399E-03 -5.453806054280E-03  3.125786081777E-03 -2.399189028372E-02  4.542991634391E-04 -2.367306696603E-07 -2.819277433813E-06  6.545457527235E-06  5.097893882327E-01  2.367306684508E-07 -7.014529160224E-03 -3.052992562089E-20 -5.003684267304E-20 -3.955220252640E-21 -1.440189582624E-03
  3.407828123152E+01  3.478824668169E+01  1.319861636242E+01  3.406051766280E-14 -6.940057240345E-02  1.749562243397E+02  1.397141224010E-01  1.548391871879E-01 -1.179261710114E-01 -1.808266446579E-03 -9.056019125159E-01  3.135289508866E-01  2.025126381690E-03 -5.087208726575E-03  3.062082344878E-03 -2.199923592999E-02  3.770367581650E-04  6.905114514508E-06 -2.479197691963E-06 -1.344712903893E-06  4.758506738884E-01 -6.905114515897E-06 -6.464578170100E-03 -4.036009772356E-20  9.284965263082E-22 -9.613804535461E-21 -1.316227134369E-03
  3.549821213186E+01  3.620817509919E+01  1.323940751002E+01  3.387207591368E-14 -6.997368562716E-02  1.760277471139E+02  1.355636439987E-01  1.482444267364E-01 -1.145514199873E-01 -1.772681964127E-03 -9.158991700014E-01  3.047818821463E-01  1.728278346344E-03 -4.834553727441E-03  3.106275381127E-03 -2.003309920416E-02  2.964821100923E-04  1.961295934658E-06 -4.446569681967E-06  1.915679109718E-06  4.371969587717E-01 -1.961295937546E-06 -1.236054288719E-03 -4.622392546009E-20 -3.510848394349E-21 -2.880916199469E-20 -1.179119304545E-03
  3.691813806651E+01  3.762810354401E+01  1.327621429887E+01  3.366484220924E-14 -6.962046796400E-02  1.769964057132E+02  1.317902101068E-01  1.425629351694E-01 -1.111868512626E-01 -1.762794643125E-03 -9.129462112667E-01  2.953201226213E-01  1.584597679360E-03 -4.732903611820E-03  3.148305932411E-03 -1.767745077260E-02  1.351128895294E-04  1.672305269317E-06 -5.258980668238E-06  3.804014134620E-06  3.950664305835E-01 -1.672305271028E-06 -2.935652994163E-03  3.001610057224E-21 -4.203735443236E-20 -2.081382924499E-20 -1.042723959397E-03
  3.833806902152E+01  3.904803451207E+01  1.330952747914E+01  3.365626187136E-14 -7.049487366916E-02  1.778730264836E+02  1.283743922438E-01  1.371862216680E-01 -1.078211737664E-01 -1.702344555366E-03 -9.260501846308E-01  2.868394953970E-01  1.428219390881E-03 -4.525832618275E-03  3.097613227436E-03 -1.574632639633E-02  4.073722859480E-04  2.105009646281E-07 -3.825750893429E-06  2.902034791646E-06  3.610760609766E-01 -2.105009630917E-07 -4.685054436951E-03  3.885094879154E-20 -3.039452550068E-21  1.474247156009E-20 -9.368078744954E-04
  3.975800000263E+01  4.046796300911E+01  1.334030239221E+01  3.383801206019E-14 -7.045168567734E-02  1.786851745325E+02  1.252544679044E-01  1.315984724504E-01 -1.044724045937E-01 -1.639067222283E-03 -9.269596185221E-01  2.789218914041E-01  1.091139693883E-03 -4.175736388198E-03  3.084596694349E-03 -1.423439138092E-02  2.367921479401E-04 -3.422054838542E-06 -2.869579266185E-06  4.375977097961E-06  3.282599319748E-01  3.422054841039E-06  4.415912657420E-04 -3.071379758106E-20  8.501937219764E-21  2.237378936903E-20 -8.402135305622E-04
  4.117792601560E+01  4.188789153103E+01  1.336779062365E+01  3.420175924209E-14 -7.041471049390E-02  1.794108209238E+02  1.222899241275E-01  1.266650944676E-01 -1.010828086844E-01 -1.535622877124E-03 -9.288242162315E-01  2.713880353660E-01  8.530634326892E-04 -3.933467587728E-03  3.080404155009E-03 -1.265237130859E-02  3.427305792257E-04 -1.759961873649E-06 -1.996101026594E-06 -9.207532983719E-07  2.983523799618E-01  1.759961879326E-06  6.534751078475E-04  4.319787918488E-21  1.523893137694E-21  1.032751257498E-20 -7.503036735567E-04
  4.259785704647E+01  4.330782132538E+01  1.339325690258E+01  3.466545271186E-14 -7.033469350467E-02  1.800831908771E+02  1.193634374777E-01  1.224609766121E-01 -9.770098197569E-02 -1.478967718418E-03 -9.302686845206E-01  2.642688064023E-01  7.303228361253E-04 -3.798129461508E-03  3.067806625437E-03 -1.136184970623E-02  2.055747874689E-04 -1.315468426201E-06  2.241865057446E-08 -6.640964125451E-06  2.699630513547E-01  1.315468430980E-06  3.930851956549E-03 -6.366551805915E-20 -1.025391455011E-20  3.932103336047E-21 -6.679827721735E-04
  4.401778560429E+01  4.472774989462E+01  1.341570672048E+01  3.518226446479E-14 -6.971846297236E-02  1.806750906991E+02  1.163873640695E-01  1.186896840327E-01 -9.428954174060E-02 -1.411154697225E-03 -9.244883662676E-01  2.580099987903E-01  4.796949448461E-04 -3.587088481791E-03  3.107393536930E-03 -1.003622675947E-02 -1.349345131841E-05 -1.914755839611E-06  1.870045685585E-06 -7.728336799321E-06  2.400401387384E-01  1.914755846409E-06  1.009000069218E-02 -5.724790604296E-21  1.082637840062E-20 -1.759405957953E-20 -5.968365765298E-04
  4.543771418495E+01  4.614767848630E+01  1.343586274475E+01  3.573190117965E-14 -6.854589024421E-02  1.812054187704E+02  1.133613699832E-01  1.154088406384E-01 -9.090562885333E-02 -1.293841383821E-03 -9.109505365638E-01  2.531673650115E-01  4.102040979961E-04 -3.375614819923E-03  2.965410721977E-03 -9.095756392327E-03 -1.457625731081E-04 -1.505869240430E-06  1.577311527927E-06 -4.444058538549E-06  2.186175146829E-01  1.505869245983E-06  2.005067573428E-02 -1.418296728731E-20 -1.096536474728E-20 -1.523685939563E-20 -5.489727608670E-04
  4.685764278764E+01  4.756760709959E+01  1.345451002332E+01  3.626906014629E-14 -6.616028016564E-02  1.816940505644E+02  1.104175895865E-01  1.114604095199E-01 -8.748767566589E-02 -1.211862253484E-03 -8.812026028959E-01  2.484962062585E-01  3.220825592632E-04 -3.190954270506E-03  2.868871711204E-03 -8.438878946658E-03 -4.439166003850E-04 -1.084126600022E-06 -3.037175973625E-07  4.208064056407E-06  1.954331739806E-01  1.084126606527E-06  2.951374539755E-02  3.792720475835E-22  1.020316297385E-20 -3.224022371464E-20 -4.969394453354E-04
  4.827757141154E+01  4.898753698205E+01  1.347054997728E+01  3.670724617177E-14 -6.330642223582E-02  1.821117287322E+02  1.076240571948E-01  1.078750286831E-01 -8.412496759913E-02 -1.102138752692E-03 -8.444365390391E-01  2.431899510987E-01  2.152776331951E-04 -3.025934110284E-03  2.810656477094E-03 -7.433100587914E-03 -5.411052188499E-04 -1.505527980053E-06 -1.153002892745E-06  9.037243280074E-06  1.666451327312E-01  1.505527983386E-06  3.516413130850E-02  4.686003180401E-20  3.243691283190E-21 -1.453161618611E-20 -4.366688870345E-04
  4.969750255255E+01  5.040746688449E+01  1.348408746408E+01  3.695316122394E-14 -5.991801170083E-02  1.824609751087E+02  1.049689893429E-01  1.044561282296E-01 -8.071534745808E-02 -1.034391477301E-03 -8.008698405560E-01  2.377722809772E-01  6.829756445332E-05 -2.862121418966E-03  2.793823854587E-03 -6.588232519096E-03 -6.106894266731E-04 -1.442189376013E-06 -4.384748620523E-07  3.561926906431E-06  1.449886988206E-01  1.442189378229E-06  3.535918805002E-02  1.477830691046E-20  3.887330227799E-20 -3.075402541573E-20 -3.940628907950E-04
  5.111743121643E+01  5.182739555775E+01  1.349628401527E+01  3.713211810987E-14 -5.703082027861E-02  1.827736627312E+02  1.022240576548E-01  1.015618812317E-01 -7.736493394643E-02 -9.261936981947E-04 -7.631983755278E-01  2.332026697477E-01  1.525610679774E-05 -2.712904346912E-03  2.697648240195E-03 -6.036223761986E-03 -4.288886704102E-04  3.086220563350E-06  6.557558719318E-07 -1.447929241894E-06  1.290321264673E-01 -3.086220561587E-06  2.968812599324E-02  9.598825418511E-21 -1.254500055472E-20 -2.383550440659E-20 -3.565026359825E-04
  5.253735989906E+01  5.324732424936E+01  1.350698996599E+01  3.735136242387E-14 -5.464859776833E-02  1.830468896109E+02  9.936069455745E-02  9.936902762774E-02 -7.394608690249E-02 -8.417844463531E-04 -7.321754455362E-01  2.290489340370E-01 -4.558785395040E-05 -2.525317610752E-03  2.570905464717E-03 -5.424281061272E-03 -3.949805997528E-04  1.545137540801E-06  6.451516551953E-07  1.761540979310E-06  1.196016154922E-01 -1.545137537652E-06  2.641941504031E-02 -1.407099906020E-20 -1.769610193520E-20  4.050369378779E-20 -3.342760879125E-04
  5.395728859965E+01  5.466725295851E+01  1.351751235884E+01  3.757707436382E-14 -5.234042437721E-02  1.833140685367E+02  9.649505490194E-02  9.784906742056E-02 -7.058272479997E-02 -7.417985190823E-04 -7.025507966419E-01  2.251923674005E-01  1.753181663969E-05 -2.530673436039E-03  2.513141619445E-03 -5.315228217227E-03 -4.166787977792E-04  2.806304012389E-07  3.354282757453E-07  1.972139642633E-06  1.188752097685E-01 -2.806303993385E-07  2.213217710977E-02  2.072841673057E-20 -6.353762706074E-23  8.994584691148E-21 -3.291758614928E-04
  5.537721731737E+01  5.608718168439E+01  1.352808905419E+01  3.759688318220E-14 -5.071995501694E-02  1.835825026634E+02  9.363746151595E-02  9.678842374358E-02 -6.715511274581E-02 -6.899266736081E-04 -6.818353414009E-01  2.212522470295E-01 -1.864181241611E-05 -2.425810259111E-03  2.444452071473E-03 -5.199986713309E-03 -3.336659019206E-04 -1.454221119698E-06  5.176674518057E-07 -2.091673935139E-06  1.258608807962E-01  1.454221118272E-06  1.642177184627E-02 -1.463236226428E-20  3.413531408839E-20 -2.594782163072E-20 -3.286752126421E-04
  5.679714605141E+01  5.750711167453E+01  1.353985138559E+01  3.733856237961E-14 -4.942608498895E-02  1.838836270126E+02  9.077944516051E-02  9.562999707535E-02 -6.375382527780E-02 -6.456667764953E-04 -6.651950595684E-01  2.176414952380E-01 -8.265620555421E-05 -2.349852752015E-03  2.432508957546E-03 -5.243499753212E-03 -2.677482582515E-04 -8.840049145118E-07  1.112916971910E-06 -1.947263490823E-06  1.259988829636E-01  8.840049101135E-07  1.446215364583E-02  2.109954585443E-20 -1.128276204812E-20 -1.324865015542E-21 -3.126123678318E-04
  5.821707729766E+01  5.892704167977E+01  1.355045308874E+01  3.677123951093E-14 -4.815355264117E-02  1.841546539235E+02  8.792812650916E-02  9.470653659263E-02 -6.036710488099E-02 -6.194717378743E-04 -6.486732507279E-01  2.138741377748E-01 -9.160183638842E-05 -2.340235979670E-03  2.431837816029E-03 -4.729833133552E-03 -2.760065337978E-04 -1.810892400828E-06  9.273166181726E-07  3.827067963867E-07  1.122036593603E-01  1.810892392431E-06  1.649866449642E-02  4.317127105376E-20  1.229620587054E-20 -9.723675521551E-21 -2.805891607380E-04
  5.963700606188E+01  6.034697045092E+01  1.355976661356E+01  3.596890004538E-14 -4.649832067946E-02  1.843927636257E+02  8.516372404833E-02  9.375931532288E-02 -5.701048261324E-02 -5.848675319265E-04 -6.268487482150E-01  2.104525808233E-01 -8.364068368308E-05 -2.248640728616E-03  2.332281412368E-03 -4.288852463988E-03 -3.776291037860E-04  2.042933237545E-06  5.375030002715E-07  1.949944135041E-07  1.010043718428E-01 -2.042933247243E-06  2.275918687379E-02  5.267153215574E-21  1.108150442328E-20 -5.470504535422E-20 -2.563965763424E-04
  6.105693483997E+01  6.176689923554E+01  1.356838014994E+01  3.452345801441E-14 -4.411423850628E-02  1.846115493973E+02  8.250351801579E-02  9.328864278316E-02 -5.358789938391E-02 -5.091806404094E-04 -5.950334808204E-01  2.068612353444E-01 -2.159255442341E-04 -2.140107121980E-03  2.356032666201E-03 -3.931998636190E-03 -5.031055300551E-04  3.600238785008E-06  9.290953041495E-07  1.495922701178E-06  9.367289436956E-02 -3.600238807880E-06  3.150053634818E-02 -2.588352133692E-20 -8.993440294767E-21  1.252047653740E-20 -2.363466245261E-04
  6.247686363111E+01  6.318682865698E+01  1.357639324333E+01  3.265691355371E-14 -4.090677705768E-02  1.848140983222E+02  7.988275483306E-02  9.269736702753E-02 -5.020077786041E-02 -4.702365843956E-04 -5.514830697472E-01  2.031449459193E-01 -2.616243305249E-04 -2.031496834354E-03  2.293121164872E-03 -3.640339706587E-03 -5.161159127586E-04 -2.545365360904E-06  1.718177503716E-08  2.665218330151E-06  8.692776818013E-02  2.545365341698E-06  3.408899024499E-02  9.658197399221E-20  2.237936184191E-20 -5.621180011461E-21 -2.210286209758E-04
  6.389679368284E+01  6.460675809025E+01  1.358380899928E+01  3.106150433942E-14 -3.806356815882E-02  1.850010569355E+02  7.720750348353E-02  9.208329466447E-02 -4.677651035359E-02 -4.234076672820E-04 -5.130236650641E-01  1.999402054619E-01 -3.028150202199E-04 -1.952417094502E-03  2.255232114688E-03 -3.389713441139E-03 -4.834409286150E-04 -2.081004239111E-06 -7.202022379997E-07 -7.584884038361E-08  8.090609627294E-02  2.081004222312E-06  3.420359090761E-02 -1.545332319362E-20 -1.260527131525E-20 -1.865397896557E-20 -2.066979795544E-04
  6.531672249765E+01  6.602668753453E+01  1.359075262060E+01  3.003160333160E-14 -3.483591117487E-02  1.851739707410E+02  7.435276915138E-02  9.146476450494E-02 -4.335334712068E-02 -3.978131635682E-04 -4.695815602978E-01  1.973976668749E-01 -2.946775035570E-04 -1.902212559312E-03  2.196890062861E-03 -3.237849936254E-03 -5.770668336210E-04  2.608313848227E-06  3.761661245203E-07 -5.849754283959E-08  8.034785136286E-02 -2.608313854635E-06  3.156318421796E-02 -4.386303011278E-20  1.386446107104E-20 -6.888546003875E-21 -2.023131602435E-04
  6.673665257141E+01  6.744661698901E+01  1.359807042484E+01  2.926558887400E-14 -3.246101081640E-02  1.853554964977E+02  7.133742660266E-02  9.124807277814E-02 -3.993384450090E-02 -3.812545792562E-04 -4.384765809255E-01  1.945317403043E-01 -2.696076271623E-04 -1.865959011977E-03  2.135566639172E-03 -3.239647575281E-03 -4.771017198323E-04  5.432528869071E-07  5.170680183818E-07 -2.510924623191E-07  7.760338750684E-02 -5.432528977740E-07  2.432631646649E-02 -2.379907599037E-20  2.740391209200E-20  1.255860504758E-20 -1.958225772168E-04
  6.815658140661E+01  6.886654582869E+01  1.360452682037E+01  2.828224524388E-14 -3.051860422569E-02  1.855153780895E+02  6.822854992873E-02  9.089454158034E-02 -3.648912309526E-02 -3.432895588504E-04 -4.132564388376E-01  1.914080087472E-01 -3.259536133893E-04 -1.795982235195E-03  2.121935848592E-03 -2.999395051059E-03 -3.658670222191E-04 -2.467268151879E-07 -6.992638012166E-08 -2.444165345629E-06  7.398749073185E-02  2.467268038361E-07  2.164715505335E-02  4.089720716479E-20 -1.452960991668E-20 -5.111413271107E-21 -1.820074120487E-04
  6.957651025078E+01  7.028647530112E+01  1.361120239575E+01  2.738424738298E-14 -2.861944188212E-02  1.856816402909E+02  6.496137338999E-02  9.100874497119E-02 -3.304658862781E-02 -3.486445885485E-04 -3.890598552937E-01  1.881722580997E-01 -3.319359416282E-04 -1.794779668910E-03  2.126715610596E-03 -2.821501065309E-03 -3.399498152192E-04  2.260099107174E-07 -2.816631415744E-07 -9.406158495553E-07  6.571210302398E-02 -2.260099195917E-07  2.167048687063E-02 -4.941134803099E-20 -6.029820722589E-22  3.888325317912E-21 -1.636256291405E-04
  7.099644035146E+01  7.170640478130E+01  1.361619027225E+01  2.652208579201E-14 -2.667213120523E-02  1.858030521704E+02  6.142660217709E-02  9.076578750927E-02 -2.959818745992E-02 -3.189957192995E-04 -3.640960840043E-01  1.848342368202E-01 -3.751216162515E-04 -1.707009807986E-03  2.082131424241E-03 -2.403941886718E-03 -2.701335427830E-04  5.684625258868E-07 -8.028189262107E-07 -2.246200993517E-06  4.901900356102E-02 -5.684625364880E-07  2.350029399146E-02 -2.742420176214E-20 -1.657480596161E-20 -6.564202135986E-21 -1.355451108851E-04
  7.241636921113E+01  7.312633395632E+01  1.361990289427E+01  2.464702494442E-14 -2.444782135578E-02  1.858920385877E+02  5.747809016644E-02  9.084044588903E-02 -2.615121792182E-02 -2.941017459472E-04 -3.351302042028E-01  1.820578777974E-01 -3.328979812788E-04 -1.675138566167E-03  2.008036547441E-03 -1.951137936413E-03 -2.637827750397E-04  4.835780869508E-08 -1.479334002028E-06 -1.199559497649E-06  3.767905460098E-02 -4.835784037598E-08  2.143148480144E-02 -1.366181953593E-20  6.824030200459E-21 -1.200252010856E-20 -1.167783863922E-04
  7.383629870151E+01  7.454626344955E+01  1.362287769593E+01  2.173736163264E-14 -2.286829018696E-02  1.859594427790E+02  5.305465054121E-02  9.122132588019E-02 -2.267896814562E-02 -2.829944073404E-04 -3.149422646724E-01  1.791933528778E-01 -3.550103888150E-04 -1.558807535129E-03  1.913817923957E-03 -1.783198216580E-03 -2.014758675290E-04  1.535496797978E-06 -1.471059050686E-06 -6.231294658086E-07  3.458916796346E-02 -1.535496831858E-06  1.746211637919E-02  3.936249330007E-20 -2.351550335743E-20 -3.632750897985E-20 -1.054764428999E-04
  7.525622819760E+01  7.596619263600E+01  1.362604182311E+01  1.843509992623E-14 -2.134895365728E-02  1.860335307348E+02  4.805411659391E-02  9.159073455657E-02 -1.921889734751E-02 -2.517126186141E-04 -2.952067307091E-01  1.763162202207E-01 -3.087964589552E-04 -1.558434193444E-03  1.867230652431E-03 -1.627195345215E-03 -2.903726661324E-04  2.034105821931E-06 -6.049581527238E-07  1.494843093689E-06  4.565415791350E-02 -2.034105862490E-06  1.632101196421E-02 -1.518649043700E-20  2.679993064017E-21  1.293541678420E-20 -1.046511029973E-04
  7.667615707440E+01  7.738612182693E+01  1.363098102574E+01  1.563864023851E-14 -1.997149166699E-02  1.861568287219E+02  4.224520251130E-02  9.233181008841E-02 -1.568633483531E-02 -2.122062624242E-04 -2.773063637006E-01  1.727181581445E-01 -2.510885571551E-04 -1.591454493489E-03  1.842543050681E-03 -1.738720621759E-03 -2.419818706040E-04 -7.993331249475E-09 -4.695276320337E-08  2.054637951305E-06  5.585425724933E-02  7.993308768941E-09  1.420141666836E-02 -1.649510925168E-20 -1.327040342917E-20 -3.491541508196E-20 -1.089492431343E-04
  7.809608657946E+01  7.880605133362E+01  1.363595557426E+01  1.303501855972E-14 -1.882800019634E-02  1.862835050173E+02  3.522429772086E-02  9.443555938322E-02 -1.222821648360E-02 -1.773049552631E-04 -2.625542832603E-01  1.685929457329E-01 -2.563264193109E-04 -1.541041483705E-03  1.797367903050E-03 -1.702896511369E-03 -1.995648352231E-04 -1.526749062753E-06  2.283494303100E-07  6.809860549914E-07  6.586912965266E-02  1.526749026548E-06  1.640232762509E-02  1.135538418413E-20  8.781568601324E-21 -2.039281136896E-20 -1.089430763456E-04
  7.951601608778E+01  8.022598068713E+01  1.364267226774E+01  9.599936528529E-15 -1.706022970984E-02  1.864591648903E+02  2.635141884199E-02  9.843526392411E-02 -8.703542624553E-03 -1.062067512865E-04 -2.390472873796E-01  1.659561846481E-01 -1.627749471237E-04 -1.576315370834E-03  1.739090318003E-03 -1.766984844362E-03 -3.406726478356E-04 -1.218735596033E-06  3.774968221734E-07  3.940090320522E-07  6.000934373474E-02  1.218735554833E-06  2.064788529429E-02 -5.309809330735E-20 -3.131701168338E-21  7.415743278786E-21 -9.398239532772E-05
  8.093594528647E+01  8.164590996465E+01  1.364660685898E+01  4.995280244676E-15 -1.516325018358E-02  1.865657271449E+02  1.495928041728E-02  1.073642783418E-01 -5.208055690016E-03 -5.349934469078E-05 -2.139270275000E-01  1.678802223450E-01  1.240108172026E-04 -2.131552031172E-03  2.007541213967E-03 -1.305269017001E-03 -3.884514312379E-04  5.022833826128E-07  1.359918562333E-07  2.195736810519E-06  5.936665546759E-02 -5.022834451887E-07  2.490618134627E-02 -3.141196478148E-20  2.582985103476E-21 -2.326727660314E-20 -9.439723183547E-05
  8.235587464283E+01  8.306583932141E+01  1.365320930612E+01  1.109375369638E-15 -1.263956466343E-02  1.867522025903E+02  2.532393660326E-03  1.317321070534E-01 -1.584375189357E-03 -1.500105253110E-05 -1.812900166180E-01  1.939838987826E-01 -2.748823136679E-04 -4.724182254851E-03  4.999064568487E-03 -1.617099344303E-03 -1.131737122687E-03  5.450696051389E-07 -5.831054226509E-08  4.578507612516E-07  3.719943677534E-02 -5.450696301446E-07  1.421874131495E-02  2.976711812654E-20 -3.233293041031E-21 -2.327127726004E-20 -5.244529207208E-05
