                   y                  ym                   U                   V                   W                 U^2                 V^2                 W^2                  UV                  VW                  UW                VISC               SFSxx               SFSyy               SFSzz               SFSxy               SFSyz                dUdX                dVdX                dWdX                dUdY                dVdY                dWdY                dUdZ                dVdZ                dWdZ              SFSxym
 -1.419929989891E+00 -7.099649949455E-01  0.000000000000E+00  0.000000000000E+00  0.000000000000E+00  0.000000000000E+00  0.000000000000E+00  0.000000000000E+00  0.000000000000E+00  0.000000000000E+00  0.000000000000E+00  0.000000000000E+00  0.000000000000E+00  0.000000000000E+00  0.000000000000E+00  0.000000000000E+00  0.000000000000E+00  0.000000000000E+00  0.000000000000E+00  0.000000000000E+00  0.000000000000E+00  0.000000000000E+00  0.000000000000E+00  0.000000000000E+00  0.000000000000E+00  0.000000000000E+00  0.000000000000E+00
 -6.596869955517E-16  7.099649949455E-01  8.440945405997E+00 -5.311080517783E-14 -8.392771973844E-02  7.233648273864E+01  4.229713548476E-02  3.873139300510E-01 -8.873197112365E-02 -1.109955065733E-03 -7.120701530289E-01  2.145062892126E-01  9.870768940247E-05  2.593613224224E-03 -2.692320913409E-03 -2.589988881015E+00  1.448182011795E-02 -5.041558261846E-04 -1.353584502973E-04 -8.309850946703E-06  1.011604081059E+02  5.041558253490E-04 -1.006291537633E+00 -3.859940135885E-20 -1.833081464313E-20 -6.668381564458E-20 -4.788673666244E-03
  1.419929989891E+00  2.129892511783E+00  9.514154137827E+00 -4.288018649856E-14 -9.468530135947E-02  9.165770073473E+01  1.429156356761E-01  3.880772255849E-01 -1.767614919468E-01 -9.863647696879E-04 -9.069554210518E-01  9.860262219794E-01  1.560499754222E-01 -1.958467345636E-02 -1.364653019667E-01 -5.362969704812E-01  3.116903143921E-02  2.418320506112E-04 -1.855327900105E-04  1.535570669931E-05  8.664640853578E+00 -2.418320492517E-04 -3.291642419047E-02  2.376601600649E-22  1.929582302514E-20  1.627072205844E-20 -4.166800620439E-02
  2.839855033675E+00  3.549820075530E+00  9.978799337052E+00  6.005184037110E-15 -8.976263570511E-02  1.005963734254E+02  1.541399055658E-01  3.545139816955E-01 -1.695324862109E-01 -1.050678023557E-03 -8.988179267738E-01  8.529061544140E-01  7.221291979881E-02 -1.887395307202E-02 -5.333896672782E-02 -4.053608389367E-01 -1.129082484404E-02  1.578447343720E-04 -6.587834920224E-05  1.350700491094E-05  5.057044623421E+00 -1.578447348112E-04  4.871460387527E-02 -1.015876938241E-20 -3.630381183477E-20  8.185014684116E-21 -2.332971014133E-02
  4.259785117385E+00  4.969747685371E+00  1.041175027584E+01  1.230381191523E-14 -8.604192683223E-02  1.094233004860E+02  1.662782035569E-01  3.496149457021E-01 -1.778562770150E-01 -7.898824162149E-04 -8.998461379140E-01  7.886811140886E-01  5.967057483311E-02 -2.387498487801E-02 -3.579558995548E-02 -3.436888111761E-01 -2.146296686958E-03  5.817826134436E-05 -2.009944883737E-05  4.417643102904E-07  4.168466812406E+00 -5.817826090187E-05  3.660412892146E-02  4.585255326793E-20  6.035635157242E-21 -3.855236409335E-20 -1.824266831592E-02
  5.679710253357E+00  6.389675340489E+00  1.071867001908E+01  2.982951535231E-14 -8.326983599097E-02  1.158670517384E+02  1.797790767218E-01  3.429835830429E-01 -1.763268201180E-01 -9.396659504803E-04 -8.967705992428E-01  7.155654273929E-01  4.188839934716E-02 -2.372276808279E-02 -1.816563126499E-02 -2.396790882066E-01 -1.232079518539E-03  2.734332187331E-05 -3.598274752234E-06  1.409533188093E-05  3.199831509151E+00 -2.734332202646E-05  2.732575493480E-02  4.867401102923E-20 -1.416934742094E-20 -5.071271549619E-20 -1.341006647840E-02
  7.099640427622E+00  7.809605536782E+00  1.097969449716E+01  2.929928363288E-14 -8.119011259277E-02  1.215067907093E+02  1.907649812612E-01  3.365774744361E-01 -1.771263486235E-01 -9.434562019044E-04 -8.961160504005E-01  6.684421291262E-01  3.274284841701E-02 -2.291736651125E-02 -9.825481905314E-03 -1.929452851606E-01 -6.167600693257E-04  2.780740317009E-06  4.173033895927E-06  1.312015911368E-05  2.649868704201E+00 -2.780739910996E-06  2.918511460586E-02  5.385135553384E-20 -3.805443416536E-20 -3.316177624796E-20 -1.078220810408E-02
  8.519570645942E+00  9.229533280009E+00  1.118899848829E+01  4.367321635072E-14 -7.808462568647E-02  1.261180178878E+02  1.985224754067E-01  3.272190936377E-01 -1.751744159553E-01 -8.796716852203E-04 -8.802143831430E-01  6.279522401158E-01  2.521690769328E-02 -2.133427543630E-02 -3.882632257010E-03 -1.532335347244E-01 -8.631250486687E-04  2.041855431025E-05  1.099076886215E-05  4.215597573936E-06  2.215641089400E+00 -2.041855377430E-05  4.038954257343E-02 -3.281497397047E-20  2.726250079936E-20  1.813244654458E-20 -8.829977938455E-03
  9.939495914075E+00  1.064946106607E+01  1.137295151091E+01  4.822650320314E-14 -7.402036214243E-02  1.302432042313E+02  2.034495379126E-01  3.183500813446E-01 -1.735849146950E-01 -9.417046122286E-04 -8.500171674518E-01  5.978345752573E-01  2.068319522761E-02 -1.983844069863E-02 -8.447545289580E-04 -1.308298710512E-01 -1.557178945066E-03  1.863869394303E-05  1.385296133135E-05 -5.451612768192E-06  1.951832930266E+00 -1.863869354023E-05  3.617288904729E-02 -3.814730773472E-20  9.366550342596E-21 -3.724264153751E-20 -7.629730617968E-03
  1.135942621806E+01  1.206938889414E+01  1.153543513595E+01  6.134229493720E-14 -7.166609521683E-02  1.339425734280E+02  2.062430655512E-01  3.092305175780E-01 -1.710477203577E-01 -8.988835671325E-04 -8.344360385134E-01  5.716912485362E-01  1.729195665912E-02 -1.775892674291E-02  4.669700836263E-04 -1.138552889657E-01 -7.814568278942E-04 -7.647188368946E-06  8.584145629969E-06 -3.237821106026E-06  1.745900444733E+00  7.647189218538E-06  2.823428091419E-02 -1.488840943000E-20 -1.526348020141E-20 -1.727806670278E-21 -6.722248964323E-03
  1.277935157022E+01  1.348931676341E+01  1.168283245348E+01  7.321706872322E-14 -6.901017047389E-02  1.373468756986E+02  2.072706089647E-01  3.008225547118E-01 -1.685548238591E-01 -8.945235303143E-04 -8.111163340287E-01  5.485232767871E-01  1.478753660164E-02 -1.639036637971E-02  1.602829778075E-03 -1.013729584349E-01 -6.281263226098E-04 -2.273908094282E-05  3.477981871615E-06 -6.613426002194E-06  1.589766213779E+00  2.273908130275E-05  2.390746176194E-02  4.939910019046E-20  8.790676614898E-22  6.570753748210E-21 -5.995804565229E-03
  1.419928195660E+01  1.490924716977E+01  1.181760331156E+01  6.073988460881E-14 -6.742411768509E-02  1.404994633674E+02  2.067614866398E-01  2.917943183237E-01 -1.656576412856E-01 -1.027413986273E-03 -7.971095132396E-01  5.279651228012E-01  1.260875120053E-02 -1.515548278155E-02  2.546731580938E-03 -9.080909849187E-02 -3.036815963102E-04 -2.736876488287E-06  1.884200442847E-06 -1.036968178133E-05  1.468759640003E+00  2.736876994956E-06  1.283271863276E-02  4.420226336264E-20  3.103294528393E-20 -7.853394360191E-21 -5.418243002397E-03
  1.561921238295E+01  1.632917511899E+01  1.194352551391E+01  6.830641018017E-14 -6.673310766066E-02  1.434807661472E+02  2.051371095797E-01  2.828286376004E-01 -1.628291167097E-01 -9.108344250354E-04 -7.935249799369E-01  5.098105192821E-01  1.084510059505E-02 -1.366284428234E-02  2.817743687379E-03 -8.277593242199E-02  2.166851850282E-04  5.144235088966E-06 -2.056933924560E-06 -1.401409236246E-05  1.365768856174E+00 -5.144234263499E-06  1.081490389481E-02  9.254898699688E-20 -3.742588610709E-20  2.290088672436E-20 -4.947436484639E-03
  1.703913785504E+01  1.774910310696E+01  1.206001547567E+01  8.098332846196E-14 -6.550552141182E-02  1.462676312368E+02  2.028076051304E-01  2.742692306250E-01 -1.596824888383E-01 -1.004159333193E-03 -7.836207323423E-01  4.919027870730E-01  9.513517829365E-03 -1.258515780334E-02  3.071639973992E-03 -7.546711862985E-02 -2.177571625420E-05  3.199588699687E-06 -8.151460734493E-06 -2.855150512527E-05  1.268021993719E+00 -3.199587901483E-06  1.364559592590E-02  2.899329413342E-20  3.658753278926E-22 -1.012750974250E-20 -4.508980255099E-03
  1.845906835889E+01  1.916903113287E+01  1.216858686548E+01  8.567256733835E-14 -6.431129866831E-02  1.488919054093E+02  1.999107107108E-01  2.647504299615E-01 -1.566789515088E-01 -8.785436559820E-04 -7.737941079837E-01  4.757668722501E-01  8.298485714208E-03 -1.170322443832E-02  3.404738724130E-03 -6.897042565432E-02 -1.037228859654E-04 -1.116062826964E-07 -1.044260006716E-05 -2.694098274409E-05  1.183051588746E+00  1.116067966330E-07  1.088241491915E-02 -1.614121902238E-20 -6.986938530019E-20 -4.421740662512E-20 -4.130219048775E-03
  1.987899390685E+01  2.058895919590E+01  1.226999541863E+01  9.037494411926E-14 -6.357391396949E-02  1.513643412875E+02  1.964085764920E-01  2.552350268005E-01 -1.534385682640E-01 -9.518528126033E-04 -7.700673003592E-01  4.602324358917E-01  7.336794066803E-03 -1.097672595664E-02  3.639931889530E-03 -6.316713511674E-02  2.289866707802E-04 -6.595745455209E-07 -1.105021842767E-05 -1.206253256649E-05  1.103277515702E+00  6.595749928094E-07  4.904748046684E-03 -5.168898204708E-20  1.034208347927E-20  3.696906056184E-20 -3.778067974121E-03
  2.129892448495E+01  2.200888729523E+01  1.236440950166E+01  9.251100843694E-14 -6.344102046123E-02  1.536847409754E+02  1.921606535471E-01  2.451642603575E-01 -1.501674185990E-01 -8.853229134540E-04 -7.741214608478E-01  4.469359287390E-01  6.334720644954E-03 -1.019920806553E-02  3.864487420508E-03 -5.786559234711E-02  5.305384795296E-04  1.201420461946E-05 -1.281026270105E-05 -2.308204108807E-06  1.031929215406E+00 -1.201420396734E-05  1.491213347703E-04 -7.463240703346E-20 -2.826922467642E-20 -7.925588044815E-21 -3.473405298223E-03
  2.271885010551E+01  2.342881543005E+01  1.245315320924E+01  9.667174504161E-14 -6.354616949502E-02  1.558829685295E+02  1.874715037847E-01  2.357745299300E-01 -1.468853737631E-01 -8.288065925883E-04 -7.811495508668E-01  4.331841152634E-01  5.586957076021E-03 -9.516312949021E-03  3.929355873062E-03 -5.328293664126E-02  5.778653488785E-04  2.583977735028E-06 -1.440887534426E-05  4.688726435182E-06  9.691425325613E-01 -2.583977258281E-06 -6.423640146280E-03 -3.885940041831E-20  5.618150956846E-21  3.375283065067E-20 -3.206906093902E-03
  2.413878075458E+01  2.484874609625E+01  1.253642253646E+01  1.021267162210E-13 -6.457973899750E-02  1.579609425799E+02  1.827946255645E-01  2.276516454270E-01 -1.436232559843E-01 -8.140167588209E-04 -7.987876292141E-01  4.204466020902E-01  5.076832878761E-03 -8.830026908073E-03  3.753194029275E-03 -4.940905517979E-02  7.152181373895E-04  1.639265411364E-06 -1.262797301904E-05  7.777834090105E-06  9.169588036365E-01 -1.639265211277E-06 -1.108640008147E-02 -4.330470478769E-20  1.732881858248E-20  1.456852787146E-20 -2.982559499297E-03
  2.555871143792E+01  2.626867429960E+01  1.261590497332E+01  1.045200382868E-13 -6.551390483005E-02  1.599564979427E+02  1.782612762688E-01  2.190913261273E-01 -1.402535249253E-01 -7.437430531679E-04 -8.147523542040E-01  4.090816413177E-01  4.585912448588E-03 -8.299401801557E-03  3.713489352911E-03 -4.597200498086E-02  5.988647889359E-04 -5.142207553942E-06 -9.649343461590E-06  9.330309963812E-06  8.703711262229E-01  5.142207591721E-06 -1.059491245606E-02  6.252922046586E-21  6.003738497700E-22 -1.752504792635E-20 -2.763922702103E-03
  2.697863716127E+01  2.768860253598E+01  1.269090583697E+01  1.039639793284E-13 -6.645990961994E-02  1.618535477260E+02  1.739088686393E-01  2.103026018516E-01 -1.370205115043E-01 -7.842816072675E-04 -8.306970879697E-01  3.964111817317E-01  4.009430956704E-03 -7.723010145711E-03  3.713579188994E-03 -4.244026691937E-02  6.665527227069E-04 -8.242648409185E-06 -7.926481557658E-06  8.599902047935E-06  8.154320068420E-01  8.242648408179E-06 -1.298308240960E-02 -3.225370158341E-20  2.806245815144E-20 -3.526536592877E-20 -2.537423362228E-03
  2.839856791069E+01  2.910853080460E+01  1.276063694933E+01  1.004730419131E-13 -6.781766062339E-02  1.636244553428E+02  1.696837289361E-01  2.031545166798E-01 -1.336826285387E-01 -7.568760175454E-04 -8.524998788994E-01  3.843226496708E-01  3.507549026197E-03 -7.337260816031E-03  3.829711789803E-03 -3.875380196295E-02  7.319807386475E-04 -3.990221426389E-06 -5.836106200556E-06 -1.529690497088E-06  7.632178902959E-01  3.990221367469E-06 -1.523833205970E-02 -6.769764938316E-20 -4.136142909281E-20 -8.277393070676E-20 -2.323150844876E-03
  2.981849369850E+01  3.052845910462E+01  1.282637026887E+01  9.713702714815E-14 -6.916559593363E-02  1.653019338905E+02  1.655254205846E-01  1.965803689494E-01 -1.304194387460E-01 -7.243707027921E-04 -8.746998575603E-01  3.730428549132E-01  3.211668200690E-03 -7.065330318868E-03  3.853662118156E-03 -3.566320480467E-02  7.140513201991E-04 -4.337257279348E-06 -4.576783153308E-06 -1.720244613036E-06  7.229918611415E-01  4.337257279470E-06 -1.782716411552E-02  3.530558228910E-20 -4.146559558521E-20 -2.794806367456E-20 -2.148449475844E-03
  3.123842451073E+01  3.194838993194E+01  1.288896191505E+01  9.949372929957E-14 -7.098346838062E-02  1.669085741065E+02  1.613824318740E-01  1.893961701672E-01 -1.270394155403E-01 -7.046986967034E-04 -9.036104493472E-01  3.633099505633E-01  3.007578140266E-03 -6.632365296432E-03  3.624787155999E-03 -3.317548364861E-02  9.369787254657E-04 -2.554052858538E-07 -3.736648349709E-06  1.339250360506E-06  6.885802582605E-01  2.554053541609E-07 -1.598855303690E-02 -4.151505990727E-20 -4.988948852967E-20 -3.475581391985E-20 -2.015031014708E-03
  3.265835535315E+01  3.336831829234E+01  1.294858699613E+01  1.011498765731E-13 -7.200468581442E-02  1.684445435836E+02  1.573192543550E-01  1.829227843010E-01 -1.237031176440E-01 -7.077786513718E-04 -9.228397434277E-01  3.537849134992E-01  2.831621492308E-03 -6.331116515995E-03  3.499495023872E-03 -3.126152670110E-02  5.822459259916E-04  8.111775758758E-07 -2.146233930593E-06  7.016793563030E-06  6.548473635406E-01 -8.111775947363E-07 -6.933974093106E-03  1.370750132209E-20  4.535122630498E-21 -5.573666785036E-22 -1.879435648210E-03
  3.407828123152E+01  3.478824668169E+01  1.300519072971E+01  9.976667951922E-14 -7.221370552513E-02  1.699093829196E+02  1.533748175130E-01  1.771008716340E-01 -1.203281329081E-01 -6.217322017483E-04 -9.313539230399E-01  3.437597275155E-01  2.440178279648E-03 -6.136824534448E-03  3.696646254667E-03 -2.874608561827E-02  1.677810038873E-04 -6.051241297673E-06  7.454673706826E-07  1.097642585816E-05  6.092156103374E-01  6.051241294197E-06 -3.453487626629E-03 -5.556870941975E-20 -2.057252621841E-20 -9.154582008698E-20 -1.712467435269E-03
  3.549821213186E+01  3.620817509919E+01  1.305671807805E+01  9.885490132562E-14 -7.261421592832E-02  1.712465331574E+02  1.494849648730E-01  1.709736098179E-01 -1.169454592804E-01 -5.897689796647E-04 -9.407997943321E-01  3.327801708992E-01  2.107833059347E-03 -5.819896679742E-03  3.712063620379E-03 -2.607018806600E-02  3.269059857933E-04 -9.544068328529E-07  2.239155609161E-06  6.820011636532E-06  5.588928831782E-01  9.544068209285E-07  1.340998396816E-03  4.188258637302E-20  6.130688763034E-21  4.389679786474E-20 -1.559463986368E-03
  3.691813806651E+01  3.762810354401E+01  1.310439095638E+01  9.870116845882E-14 -7.197329340286E-02  1.724864713441E+02  1.455710157604E-01  1.648990247574E-01 -1.135687264061E-01 -4.973836000665E-04 -9.349863897064E-01  3.241892599761E-01  1.746041553846E-03 -5.261972930046E-03  3.515931376231E-03 -2.396001351751E-02  1.290548592112E-04  5.905579811342E-07 -1.008588837026E-06  1.109458973448E-06  5.231783021067E-01 -5.905579702403E-07  5.315187000627E-03 -2.648398570575E-20 -4.863474134496E-21 -1.351449064412E-20 -1.453009223002E-03
  3.833806902152E+01  3.904803451207E+01  1.314957824335E+01  9.903741766899E-14 -7.167168264382E-02  1.736648572362E+02  1.417308128093E-01  1.596591070623E-01 -1.100991540958E-01 -4.807791989578E-04 -9.326749442908E-01  3.157970611952E-01  1.489650890395E-03 -4.855714078594E-03  3.366063188145E-03 -2.247473417245E-02  1.360650548600E-04  2.435180334879E-06 -5.589238650440E-06 -1.657489778293E-06  5.027208371969E-01 -2.435180337833E-06  4.199512137340E-03 -2.951540867304E-20 -1.466968942042E-20  2.707036884145E-20 -1.365689049268E-03
  3.975800000263E+01  4.046796300911E+01  1.319361877849E+01  1.003825358471E-13 -7.122871764926E-02  1.748150821455E+02  1.379497409419E-01  1.542889169412E-01 -1.067134576065E-01 -3.522470527496E-04 -9.294249484037E-01  3.074508410175E-01  1.288186319258E-03 -4.699644640441E-03  3.411458321288E-03 -2.117984181047E-02 -1.960760108521E-05  2.702834978516E-06 -8.217157610524E-06 -1.983256680091E-06  4.783507557962E-01 -2.702834946204E-06  1.087316762057E-02  4.074097774095E-20 -1.851096536304E-20 -4.332096589805E-20 -1.270341597224E-03
  4.117792601560E+01  4.188789153103E+01  1.323448030923E+01  1.029469012281E-13 -6.974247537854E-02  1.758816051850E+02  1.343116197444E-01  1.494615036717E-01 -1.032461957360E-01 -4.210591281721E-04 -9.125162539518E-01  3.000593505252E-01  1.084352549923E-03 -4.436254501516E-03  3.351901951625E-03 -1.951408850071E-02 -1.473445619506E-04  3.936866109809E-06 -8.931810043775E-06 -3.596555162575E-06  4.531872389562E-01 -3.936866085576E-06  1.824322026025E-02  8.937864133721E-20 -1.478565029017E-20 -2.182167100527E-20 -1.182874750476E-03
  4.259785704647E+01  4.330782132538E+01  1.327405467646E+01  1.038777494752E-13 -6.799251994258E-02  1.769176768018E+02  1.309003649556E-01  1.449154967518E-01 -9.982683701851E-02 -2.790477500459E-04 -8.922908257899E-01  2.926543481451E-01  9.771865719292E-04 -4.370175410333E-03  3.392988838331E-03 -1.828822171001E-02 -2.875629535574E-04  2.280665697398E-06 -7.328306624083E-06 -5.629284513798E-06  4.237272677730E-01 -2.280665702001E-06  2.202569692405E-02  2.646229525089E-20  3.603873144688E-21  3.070973531788E-20 -1.090860503191E-03
  4.401778560429E+01  4.472774989462E+01  1.330968774527E+01  1.049319803331E-13 -6.583459129422E-02  1.778518148736E+02  1.277192702414E-01  1.403429234480E-01 -9.638072722965E-02 -2.750869128226E-04 -8.654173788731E-01  2.852166516293E-01  7.263258588864E-04 -4.182167652942E-03  3.455841794070E-03 -1.657467325204E-02 -4.094051065893E-04 -2.584267568441E-07 -4.806072604040E-06 -5.333897922168E-06  3.870141032758E-01  2.584267839434E-07  2.447776514282E-02  5.730661695182E-20 -2.549404124795E-20  1.641712249681E-20 -9.882115492808E-04
  4.543771418495E+01  4.614767848630E+01  1.334274675825E+01  1.068965084468E-13 -6.364700168070E-02  1.787203556946E+02  1.246093072388E-01  1.362165683357E-01 -9.295094786895E-02 -1.568925631360E-04 -8.379206908131E-01  2.790838491947E-01  6.707951519832E-04 -4.060198087506E-03  3.389402935590E-03 -1.509946740595E-02 -3.557022451267E-04  1.116000662828E-06 -3.619370168290E-06 -1.531001299533E-06  3.626071190446E-01 -1.116000646780E-06  2.687434232229E-02  4.012455613903E-21  1.427454361198E-20  1.156768644515E-20 -9.155387161664E-04
  4.685764278764E+01  4.756760709959E+01  1.337404758728E+01  1.082334975174E-13 -6.106231971094E-02  1.795410711721E+02  1.214756632249E-01  1.319774375999E-01 -8.948875778283E-02 -1.076101476816E-04 -8.054284107475E-01  2.733765985856E-01  5.054805040922E-04 -3.803633375596E-03  3.298152871494E-03 -1.419205561288E-02 -4.658783356128E-04 -2.533308824471E-07 -3.215172624056E-06 -3.173222233147E-06  3.410970894221E-01  2.533308958409E-07  2.886459360981E-02  1.762664895417E-20  8.132899076659E-21 -3.753908201668E-20 -8.559565781923E-04
  4.827757141154E+01  4.898753698205E+01  1.340328801474E+01  1.090794364951E-13 -5.852248200386E-02  1.803085436547E+02  1.182987269889E-01  1.277022097814E-01 -8.603695273993E-02 -2.635737388166E-05 -7.738387055062E-01  2.680059124381E-01  4.773877919141E-04 -3.633317129909E-03  3.155929338023E-03 -1.324895029098E-02 -5.243341809671E-04  3.211702807365E-06 -1.734013561359E-06 -2.625891553272E-06  3.211053848419E-01 -3.211702802147E-06  3.106711994649E-02 -5.596632707827E-20  2.172051225284E-21  3.667450863023E-20 -8.024219414155E-04
  4.969750255255E+01  5.040746688449E+01  1.343104121114E+01  1.096736763106E-13 -5.554838251757E-02  1.810384128462E+02  1.151642872683E-01  1.237236026476E-01 -8.257514715610E-02 -1.467692177752E-05 -7.358051825093E-01  2.631634375807E-01  5.053276396641E-04 -3.469987222469E-03  2.964659582838E-03 -1.243812830181E-02 -5.958944350382E-04  3.752048211349E-06 -6.873926890059E-07 -3.981458265837E-06  3.083717360719E-01 -3.752048203407E-06  2.715709512307E-02 -4.469621107055E-20  1.565493085009E-20  2.065415155246E-20 -7.569144244602E-04
  5.111743121643E+01  5.182739555775E+01  1.345802162123E+01  1.102192585121E-13 -5.370265390710E-02  1.817477540605E+02  1.122196339040E-01  1.200593352525E-01 -7.910320664768E-02  5.512813525518E-05 -7.130334901789E-01  2.584064181940E-01  4.659989233134E-04 -3.277258969834E-03  2.811260046524E-03 -1.180584030145E-02 -3.086692205985E-04  1.573958394599E-07 -5.553275447417E-07 -7.561709495430E-06  2.919058395221E-01 -1.573958350828E-07  2.112409848261E-02  5.734166415825E-21  2.161080385543E-20 -1.347029063943E-20 -7.153437627588E-04
  5.253735989906E+01  5.324732424936E+01  1.348285140804E+01  1.109254368335E-13 -5.179896616969E-02  1.824017995212E+02  1.095261709769E-01  1.168375656301E-01 -7.567634913569E-02  5.396901560777E-05 -6.891937312807E-01  2.538045536803E-01  4.287673087447E-04 -3.203741073132E-03  2.774973764437E-03 -1.102101967344E-02 -3.511037198508E-04 -2.275313435372E-06  7.646412510787E-07 -1.083783755744E-05  2.664028288943E-01  2.275313447098E-06  1.999830621209E-02  7.543322862722E-20  6.745080070223E-22  3.405233123226E-22 -6.575964455316E-04
  5.395728859965E+01  5.466725295851E+01  1.350530530766E+01  1.115965053563E-13 -5.015401146407E-02  1.829936419974E+02  1.070384784257E-01  1.138744267326E-01 -7.220721003375E-02  1.009020280563E-04 -6.688389669258E-01  2.491416135147E-01  3.667445166193E-04 -3.108804644272E-03  2.742060127572E-03 -1.005559296523E-02 -3.378468875871E-04 -3.364479216960E-06  3.176080633627E-06 -8.417455976797E-06  2.486153504483E-01  3.364479220620E-06  1.520424164221E-02 -9.320623849769E-20  1.500352025990E-20  2.180248647541E-20 -6.113717923301E-04
  5.537721731737E+01  5.608718168439E+01  1.352697878193E+01  1.118226361540E-13 -4.910152639156E-02  1.835656048517E+02  1.046872318587E-01  1.106968989877E-01 -6.885454618105E-02  1.126185405219E-04 -6.562893654600E-01  2.447938323534E-01  2.532262622227E-04 -2.984725771809E-03  2.731499509723E-03 -9.482540068954E-03 -2.205652747975E-04 -1.895977969081E-06  4.692846434178E-06 -4.487050394394E-06  2.357166853022E-01  1.895977970864E-06  7.950327004351E-03 -4.884575361719E-20  2.835875923398E-21 -5.035388246255E-21 -5.681694859822E-04
  5.679714605141E+01  5.750711167453E+01  1.354714339614E+01  1.109807980599E-13 -4.874320937924E-02  1.840986201108E+02  1.024006194199E-01  1.078357621469E-01 -6.537364609273E-02  1.509732434833E-04 -6.537128227826E-01  2.397286109162E-01  1.818021157715E-04 -2.875123420122E-03  2.693321304349E-03 -8.661895584794E-03 -9.513408548366E-05  3.897617052983E-06  5.019419056027E-06 -2.703373313453E-06  2.184288492231E-01 -3.897617073403E-06  9.943508333451E-04  3.474846889339E-20  2.173094067230E-20  2.585525608131E-20 -5.208766564225E-04
  5.821707729766E+01  5.892704167977E+01  1.356574854444E+01  1.092400895550E-13 -4.892526176139E-02  1.845912141242E+02  1.000832242959E-01  1.051984216394E-01 -6.198721970357E-02  1.699273123422E-04 -6.581594980920E-01  2.347580865714E-01  1.349046767814E-04 -2.810205243787E-03  2.675300567045E-03 -7.993256096290E-03  9.202435306857E-05  1.801315829176E-06  4.055824444707E-06  2.998516599610E-06  2.019958756444E-01 -1.801315847586E-06 -3.892943480089E-03 -2.117560317807E-21  9.261732202595E-21  1.876265192246E-21 -4.792341180330E-04
  5.963700606188E+01  6.034697045092E+01  1.358299598670E+01  1.069745366719E-13 -4.943381633228E-02  1.850462928756E+02  9.768511221580E-02  1.025595530652E-01 -5.856790991019E-02  2.096195504761E-04 -6.671831418787E-01  2.305092091829E-01  9.695078418378E-05 -2.660097528031E-03  2.563146743908E-03 -7.390733678762E-03  1.046915147173E-04 -1.386781305999E-06  2.796441910387E-06  6.743812713054E-06  1.851155595564E-01  1.386781273724E-06 -3.884061053220E-03 -2.413394541706E-20  5.702996125200E-21 -4.118562053629E-21 -4.406581592503E-04
  6.105693483997E+01  6.176689923554E+01  1.359860482616E+01  1.023399549258E-13 -4.961356901382E-02  1.854576118783E+02  9.523768081106E-02  9.984716756124E-02 -5.514302823567E-02  1.982846498243E-04 -6.713838025721E-01  2.262971783386E-01  3.536058873255E-05 -2.550305421453E-03  2.514944832757E-03 -6.678653690822E-03  1.131814592076E-04 -2.169153631127E-06  1.743875328586E-06  1.947624059991E-06  1.654064428813E-01  2.169153559386E-06 -5.539183585759E-03 -3.768930414531E-20  2.318230320428E-20 -2.972047185798E-20 -3.959122443519E-04
  6.247686363111E+01  6.318682865698E+01  1.361235461905E+01  9.692440843174E-14 -5.041641615748E-02  1.858195180807E+02  9.271367460543E-02  9.708698637750E-02 -5.170207102452E-02  2.259915789048E-04 -6.843465983202E-01  2.226542107185E-01 -9.903037751691E-05 -2.423888037698E-03  2.522918415193E-03 -5.976218872593E-03  1.418345748119E-04 -1.312939007416E-06 -4.603170049005E-07  2.846811617427E-07  1.519632406329E-01  1.312938957453E-06 -5.783891726655E-03 -5.236287462551E-20 -2.053665112164E-20  8.533214929535E-22 -3.602992893132E-04
  6.389679368284E+01  6.460675809025E+01  1.362557678988E+01  9.218247627098E-14 -5.064045516008E-02  1.861673996981E+02  8.998774162386E-02  9.503351137536E-02 -4.825381242526E-02  2.091156070335E-04 -6.880825433310E-01  2.195166813785E-01 -2.026809098323E-04 -2.288508221029E-03  2.491189130819E-03 -5.561681091045E-03  5.847773837075E-05  2.215367119990E-07 -2.211658216520E-06 -3.035090732851E-06  1.425543025453E-01 -2.215367685406E-07  8.053912160347E-04  6.944116888442E-23 -3.881564777547E-20  3.538550092609E-21 -3.314750053340E-04
  6.531672249765E+01  6.602668753453E+01  1.363765591641E+01  8.866060486173E-14 -5.027419941427E-02  1.864847048326E+02  8.691206607105E-02  9.381607870142E-02 -4.476951747360E-02  2.028707698553E-04 -6.837783920312E-01  2.161680128206E-01 -2.343824861714E-04 -2.214820065463E-03  2.449202551655E-03 -4.988107714631E-03 -6.455176123206E-05  1.555075547559E-06 -1.907396094615E-06 -3.315540626862E-06  1.244346784766E-01 -1.555075570039E-06  3.239342721833E-03  2.139755913086E-20 -2.180509480235E-20 -2.109461834546E-20 -2.891783444406E-04
  6.673665257141E+01  6.744661698901E+01  1.364766248179E+01  8.626906196879E-14 -5.006556616551E-02  1.867461888148E+02  8.346819256424E-02  9.288451224344E-02 -4.127447834155E-02  1.812123650153E-04 -6.813633100132E-01  2.122351178253E-01 -3.296871272719E-04 -2.130039971873E-03  2.459727099083E-03 -4.324853601915E-03  1.171470770553E-05  4.262643994419E-06 -6.719953704619E-07 -7.821739180535E-07  1.088675751519E-01 -4.262644025547E-06  5.913991629830E-04 -8.492897196304E-20 -1.117245941211E-20 -7.129398880543E-21 -2.590701172332E-04
  6.815658140661E+01  6.886654582869E+01  1.365697957944E+01  8.326520028176E-14 -5.016841486279E-02  1.869912328701E+02  7.967378751972E-02  9.215951050775E-02 -3.777350156898E-02  1.848607208092E-04 -6.837231498915E-01  2.089366350031E-01 -4.091161904537E-04 -2.038315397521E-03  2.447431588004E-03 -3.951310675386E-03 -5.472326036722E-06 -1.977041568014E-06 -1.029673539163E-06  1.248729971153E-07  9.308608241784E-02  1.977041531678E-06 -1.045361766149E-04 -1.704652113777E-20 -5.450312890855E-22 -4.102754495460E-21 -2.276475340166E-04
  6.957651025078E+01  7.028647530112E+01  1.366418493941E+01  8.044803934703E-14 -5.008332254364E-02  1.871805002692E+02  7.554080434917E-02  9.164112035189E-02 -3.424555138172E-02  1.518482929988E-04 -6.836215277053E-01  2.055333663208E-01 -4.091173956546E-04 -1.934470481797E-03  2.343587877430E-03 -3.383896080583E-03 -7.747730241363E-06 -1.428579816178E-06 -2.642102697363E-06 -1.628292378473E-06  8.057039623445E-02  1.428579789237E-06 -4.224858862273E-03 -3.918248661724E-21  1.158392795639E-20  1.659601478229E-20 -2.039514427089E-04
  7.099644035146E+01  7.170640478130E+01  1.367127956540E+01  7.823157816428E-14 -5.091838170475E-02  1.873685304574E+02  7.110609543633E-02  9.181089991316E-02 -3.071922721357E-02  1.471141983161E-04 -6.956293493186E-01  2.013243528848E-01 -4.392037011993E-04 -1.898329083502E-03  2.337532784741E-03 -3.133339041083E-03  1.681052654927E-04  1.419839861108E-06 -2.876282462389E-06  4.649341750983E-07  7.613680105988E-02 -1.419839883957E-06 -1.401895295016E-02  1.908456031504E-20 -2.696638370965E-21 -1.748997527447E-20 -1.840996159538E-04
  7.241636921113E+01  7.312633395632E+01  1.367769820584E+01  7.282979674970E-14 -5.257171088841E-02  1.875374393562E+02  6.633703487580E-02  9.213705713800E-02 -2.715522127266E-02  1.230989765021E-04 -7.191502486636E-01  1.972994085438E-01 -5.020460875694E-04 -1.885485860926E-03  2.387531948548E-03 -2.740415896880E-03  4.169555398381E-04  9.770974504545E-07 -2.267235162616E-06  2.013411965542E-06  7.084711457104E-02 -9.770975492756E-07 -2.156305989485E-02 -7.075342341620E-20 -1.312595755322E-20  2.825837485077E-20 -1.596721042405E-04
  7.383629870151E+01  7.454626344955E+01  1.368385446613E+01  6.379757510728E-14 -5.474565120738E-02  1.876989916283E+02  6.113575904459E-02  9.284377124218E-02 -2.355755112113E-02  1.130621058328E-04 -7.494039322183E-01  1.930875550659E-01 -6.059861658266E-04 -1.780042134529E-03  2.386028300418E-03 -2.344440948124E-03  5.280488441853E-04  7.001630424310E-07 -2.057596995661E-06  8.557240043892E-07  6.126309721621E-02 -7.001631471223E-07 -2.184115720146E-02  3.030182469915E-20 -7.321512096437E-22  1.763432622737E-21 -1.332478145393E-04
  7.525622819760E+01  7.596619263600E+01  1.368857196893E+01  5.421232380072E-14 -5.644884816139E-02  1.878210836722E+02  5.534190803366E-02  9.436920829508E-02 -1.998113403325E-02  1.132227401812E-04 -7.725950890561E-01  1.894849897880E-01 -5.817768860938E-04 -1.777544095154E-03  2.359320981261E-03 -1.936778273944E-03  4.022459161037E-04 -1.669631006841E-06 -2.100604935908E-06 -2.114761719633E-06  5.726205813509E-02  1.669630895520E-06 -1.668454400505E-02  6.609766674324E-20  9.173034846626E-22  1.798280888311E-20 -1.181939436312E-04
  7.667615707440E+01  7.738612182693E+01  1.369401784036E+01  4.612635193926E-14 -5.770759003387E-02  1.879636299821E+02  4.857262099126E-02  9.617737010559E-02 -1.635261179288E-02  9.383944499254E-05 -7.901449612478E-01  1.856800738365E-01 -6.149659828293E-04 -1.676999280893E-03  2.291965263705E-03 -1.833191833524E-03  2.381276763580E-04 -1.568060984871E-06 -1.823602509939E-06 -1.833816611400E-06  6.010572582558E-02  1.568060913909E-06 -1.040311070311E-02 -1.382291112866E-20 -1.236529470609E-21  1.800638865113E-20 -1.055310531719E-04
  7.809608657946E+01  7.880605133362E+01  1.369923988896E+01  3.825101995319E-14 -5.829526958573E-02  1.881014767514E+02  4.030257479240E-02  9.914221966730E-02 -1.274164217702E-02  9.247451441787E-05 -7.992836880395E-01  1.815472087922E-01 -5.936424878878E-04 -1.650868522973E-03  2.244511010870E-03 -1.570453640621E-03  1.351333742186E-04 -1.851699126159E-06 -7.622857970911E-07  1.417749509743E-07  5.769015151918E-02  1.851699019584E-06 -1.911770195754E-03  2.566690621434E-20  5.064428345300E-21 -8.823387422717E-21 -9.380313117800E-05
  7.951601608778E+01  8.022598068713E+01  1.370425719567E+01  2.857565330105E-14 -5.804627936877E-02  1.882364873781E+02  2.998913587384E-02  1.038436311964E-01 -9.092219391701E-03  7.899469195286E-05 -7.976972304004E-01  1.784019627887E-01 -4.019209555684E-04 -1.773225374581E-03  2.175146330154E-03 -1.458789963724E-03 -1.058054887098E-04 -5.252665948320E-07  6.502857796676E-07  1.254797599102E-06  5.289766202192E-02  5.252664832692E-07 -2.771204123967E-03  1.916745041568E-20  1.298462647865E-20 -2.101067549573E-20 -8.511559065231E-05
  8.093594528647E+01  8.164590996465E+01  1.370862921923E+01  1.517907732490E-14 -5.878704082271E-02  1.883608327058E+02  1.696300955981E-02  1.139315490682E-01 -5.451999186309E-03  5.007906529573E-05 -8.098625758215E-01  1.808101720618E-01 -7.060716891664E-05 -2.245934286629E-03  2.316541455541E-03 -1.326673496777E-03 -3.584324228858E-05  9.941401865554E-07  9.122053438298E-07  8.096304230629E-07  6.236925069563E-02 -9.941403769955E-07 -1.902306465596E-02  8.507547644545E-21  1.064688203799E-20  6.155778465300E-21 -9.115695142661E-05
  8.235587464283E+01  8.306583932141E+01  1.371532755920E+01  3.365138709087E-15 -6.142320062480E-02  1.885552041028E+02  2.873835718172E-03  1.404631250736E-01 -1.662366088730E-03 -8.439007610817E-06 -8.486030063327E-01  2.087851106827E-01 -4.821891132397E-04 -5.271840969302E-03  5.754030082504E-03 -1.485110717116E-03 -3.917973439394E-04  5.198431084321E-07  2.459995553186E-07  1.595030580260E-06  3.773940429299E-02 -5.198431842784E-07 -1.485094010617E-02  7.111825329445E-20 -3.697552407887E-21 -6.190161519818E-21 -4.976392528424E-05
