                   y                  ym                   U                   V                   W                 U^2                 V^2                 W^2                  UV                  VW                  UW                VISC               SFSxx               SFSyy               SFSzz               SFSxy               SFSyz                dUdX                dVdX                dWdX                dUdY                dVdY                dWdY                dUdZ                dVdZ                dWdZ              SFSxym
 -1.419929989891E+00 -7.099649949455E-01  0.000000000000E+00  0.000000000000E+00  0.000000000000E+00  0.000000000000E+00  0.000000000000E+00  0.000000000000E+00  0.000000000000E+00  0.000000000000E+00  0.000000000000E+00  0.000000000000E+00  0.000000000000E+00  0.000000000000E+00  0.000000000000E+00 -6.985983108098E-03  1.282953824092E-02  0.000000000000E+00  0.000000000000E+00  0.000000000000E+00  0.000000000000E+00  0.000000000000E+00  0.000000000000E+00  0.000000000000E+00  0.000000000000E+00  0.000000000000E+00  0.000000000000E+00
  2.220446049250E-16  7.099649949455E-01  5.009321604692E+00 -1.533329534306E-14 -1.813288224177E+01  2.586234005945E+01  4.900087374366E-02  3.333320894068E+02 -7.063179488721E-02 -6.365119801698E-02 -9.043835969901E+01  1.588790152902E-02  9.618582919577E-05 -2.593738318436E-05 -7.024844601136E-05 -1.071530109040E-01  1.912211007698E-01  1.518281939136E-03 -1.393134939087E-04 -1.456639063828E-04  6.355754469279E+01 -1.518281939479E-03 -2.001573410265E+02  1.114638091172E-20  1.877296569545E-21 -2.487278849153E-20 -7.056903380999E-03
  1.419929989891E+00  2.129892511783E+00  6.271596354291E+00 -1.852630462235E-15 -1.739610516282E+01  4.068449913060E+01  1.837047331127E-01  3.074469914583E+02 -1.865005555688E-01 -1.362354933105E-01 -1.084507124081E+02  6.133435313815E-02  5.233602495806E-03 -9.785026382556E-04 -4.255099857550E-03 -3.636597482929E-02 -2.008634448060E-02 -4.795077897202E-05 -1.915840745280E-04 -6.034268278775E-07  8.606451694658E+00  4.795077962078E-05  5.730781046946E+00  1.037319522412E-20 -2.923184626654E-21  2.039937507174E-19 -3.903581385782E-02
  2.839855033675E+00  3.549820075530E+00  6.536861188320E+00  2.655333093161E-14 -1.711423574552E+01  4.379249760060E+01  2.230113042081E-01  2.977980732989E+02 -1.581683706803E-01 -1.311054652856E-01 -1.112587202918E+02  5.032245398329E-02  1.622832760660E-03 -3.329934706356E-04 -1.289839290020E-03 -1.647097168988E-02 -1.465322349682E-02 -7.149852138643E-04 -6.518012561550E-05 -3.845017184031E-06  3.651462955727E+00  7.149852138555E-04  2.949674834429E+00  3.808432326823E-20  4.078421094420E-21 -8.011745432590E-19 -1.694912876752E-02
  4.259785117385E+00  4.969747685371E+00  6.919704503975E+00  3.761312821534E-14 -1.687194458069E+01  4.894574737375E+01  2.424592197836E-01  2.897428321945E+02 -1.748425107582E-01 -1.347824154053E-01 -1.161138053686E+02  4.629088810255E-02  2.324117083874E-03 -9.638196479018E-04 -1.360297435975E-03 -1.735500958282E-02 -1.148905300296E-02 -3.565961040081E-04 -1.491757109882E-05 -9.117850140581E-06  3.364934917003E+00  3.565961042657E-04  2.346487517019E+00 -1.678271474943E-20 -2.105068410378E-20  3.206296140706E-19 -1.435232924770E-02
  5.679710253357E+00  6.389675340489E+00  7.134114689397E+00  5.522419679752E-14 -1.669742738640E+01  5.188588859528E+01  2.604310125595E-01  2.839995511363E+02 -1.673134019548E-01 -1.342436514877E-01 -1.184901311378E+02  4.169195453914E-02  1.755847335039E-03 -9.155418844349E-04 -8.403054505983E-04 -1.069509803318E-02 -7.840825033478E-03 -1.890648798428E-04 -6.575486646775E-06  3.568112625851E-06  2.408836655192E+00  1.890648799814E-04  1.806338879662E+00 -2.677075141357E-21 -2.513913787424E-20 -1.106283630173E-19 -1.008850711178E-02
  7.099640427622E+00  7.809605536782E+00  7.347252246419E+00  6.719672120982E-14 -1.655116228532E+01  5.493934853744E+01  2.746439739585E-01  2.792467569046E+02 -1.702151780297E-01 -1.338080577518E-01 -1.209772167380E+02  3.918028286963E-02  1.632795830207E-03 -9.620609410453E-04 -6.707348891658E-04 -9.478677700219E-03 -6.353987506354E-03 -9.828424462086E-05 -4.668243291785E-06 -1.366185517233E-05  2.085144174712E+00  9.828424475340E-05  1.518720966065E+00 -1.093182907521E-19  8.325238842241E-21  6.303133832220E-20 -8.467447311124E-03
  8.519570645942E+00  9.229533280009E+00  7.504205112721E+00  7.972861347500E-14 -1.642777293609E+01  5.722763406481E+01  2.847345093403E-01  2.752636103430E+02 -1.658463891187E-01 -1.324734995850E-01 -1.226570974625E+02  3.690326022547E-02  1.360435757392E-03 -8.378933793959E-04 -5.225423779975E-04 -7.273211833376E-03 -5.154307774114E-03 -6.193414901401E-05  7.861803707242E-06 -1.611290965863E-05  1.735327869080E+00  6.193414916677E-05  1.300205498309E+00  4.961601172832E-20 -1.707890078970E-20 -2.880641840289E-19 -6.939230030691E-03
  9.939495914075E+00  1.064946106607E+01  7.655257118490E+00  8.875561257696E-14 -1.632034249027E+01  5.948643086603E+01  2.908689588575E-01  2.718237446094E+02 -1.649619127215E-01 -1.307891003501E-01 -1.243238838350E+02  3.531832515555E-02  1.227803499650E-03 -7.739143008480E-04 -4.538891988075E-04 -6.567484159340E-03 -4.398020428390E-03 -2.845820997430E-05  1.902514790523E-05 -4.442777909962E-06  1.564495398761E+00  2.845821002972E-05  1.147388768603E+00 -1.562349846296E-20 -4.430495126286E-21 -1.695631234476E-19 -6.123281504833E-03
  1.135942621806E+01  1.206938889414E+01  7.781893670878E+00  1.013510729708E-13 -1.622409428998E+01  6.140467609896E+01  2.942571745129E-01  2.687593939932E+02 -1.612170792566E-01 -1.290882728275E-01 -1.256538949527E+02  3.385556507612E-02  1.087059408288E-03 -6.835462805377E-04 -4.035131277563E-04 -5.588273251500E-03 -3.846848001380E-03 -6.471027188808E-06  1.928701443938E-05 -7.291573708959E-06  1.397398315919E+00  6.471027422181E-06  1.040910444736E+00  1.238851157605E-20  1.399921105276E-20  2.937251102503E-19 -5.392970281891E-03
  1.277935157022E+01  1.348931676341E+01  7.903283811602E+00  1.142619532934E-13 -1.613557443598E+01  6.327758511803E+01  2.954280055796E-01  2.659557884999E+02 -1.588481569988E-01 -1.270010096315E-01 -1.269390754931E+02  3.271457726486E-02  1.016326761331E-03 -6.239792473147E-04 -3.923475140150E-04 -5.156697272934E-03 -3.445167766836E-03 -3.137957583099E-06  1.579086046988E-05  4.532916454184E-06  1.299737366145E+00  3.137957645062E-06  9.457242094310E-01 -2.947716996671E-20 -1.456826319666E-21  5.130111686110E-19 -4.917998203114E-03
  1.419928195660E+01  1.490924716977E+01  8.012584644822E+00  1.181256084261E-13 -1.605622754700E+01  6.498509365015E+01  2.950547674425E-01  2.634497122268E+02 -1.553501330476E-01 -1.248405123812E-01 -1.280848850835E+02  3.161892942014E-02  9.245272607845E-04 -5.449549275954E-04 -3.795723331888E-04 -4.619001717753E-03 -3.065806955638E-03 -7.081149528598E-06  1.465450180882E-05  6.147644660871E-06  1.206902000404E+00  7.081149558853E-06  8.678458013509E-01 -3.893039955851E-21 -2.728871484856E-20  4.286628417940E-19 -4.475789854006E-03
  1.561921238295E+01  1.632917511899E+01  8.117498653103E+00  1.279919073292E-13 -1.598153289063E+01  6.664893344368E+01  2.933817029292E-01  2.610998376068E+02 -1.525420877447E-01 -1.225954507222E-01 -1.291845066059E+02  3.068050904276E-02  8.617742939059E-04 -4.932623265688E-04 -3.685119673367E-04 -4.305385965328E-03 -2.790596957466E-03  3.844169460681E-06  1.273473089353E-05  1.190634253549E-06  1.136842892789E+00 -3.844169264005E-06  8.166851363668E-01 -2.079101552215E-20 -8.543998306066E-21  9.297120962963E-19 -4.153604165788E-03
  1.703913785504E+01  1.774910310696E+01  8.214365080811E+00  1.419431696071E-13 -1.591127306921E+01  6.820220844336E+01  2.907756622837E-01  2.588952377775E+02 -1.491306418342E-01 -1.203423313819E-01 -1.301738632540E+02  2.981707097045E-02  7.842293668350E-04 -4.415935151726E-04 -3.426358516630E-04 -3.962778377837E-03 -2.560502271261E-03  4.323435286078E-06  7.681207096059E-06  2.726410793638E-06  1.071081411204E+00 -4.323435163370E-06  7.686495789066E-01  5.351168124117E-21 -2.369684125263E-20  5.647242258652E-19 -3.851431560935E-03
  1.845906835889E+01  1.916903113287E+01  8.307607394283E+00  1.533553560491E-13 -1.584510610952E+01  6.971668000724E+01  2.878972876337E-01  2.568206471474E+02 -1.461103631708E-01 -1.178117320661E-01 -1.311305220912E+02  2.897195412810E-02  7.231044944870E-04 -3.897494076803E-04 -3.333550868048E-04 -3.485031157294E-03 -2.224381317682E-03 -1.360768638880E-07 -1.590727046295E-08  2.154486997296E-05  1.014661838363E+00  1.360770035467E-07  7.255975148886E-01 -2.459800759474E-21 -4.836127473294E-21  4.386651129712E-19 -3.576775493898E-03
  1.987899390685E+01  2.058895919590E+01  8.394457433122E+00  1.619736061940E-13 -1.578248630765E+01  7.114233908568E+01  2.846898941181E-01  2.548566282127E+02 -1.427297092053E-01 -1.156067083306E-01 -1.320043303857E+02  2.820532730395E-02  6.698282147235E-04 -3.569396805976E-04 -3.128885341270E-04 -3.422651933210E-03 -2.202363245945E-03 -1.179954081314E-06 -5.779597983791E-06  2.456679635979E-05  9.660557630802E-01  1.179954137736E-06  6.906574156261E-01  1.186804999503E-20 -5.872582785414E-21  1.109979848657E-19 -3.333648116939E-03
  2.129892448495E+01  2.200888729523E+01  8.479071536618E+00  1.670900082591E-13 -1.572251941336E+01  7.254762834958E+01  2.810420184721E-01  2.529824213057E+02 -1.395082008863E-01 -1.130796515405E-01 -1.328599743343E+02  2.752521389069E-02  6.357324624147E-04 -3.290364655918E-04 -3.066959968211E-04 -3.214297692848E-03 -2.049993667791E-03  1.249741632386E-06 -5.117062754277E-06  1.095623522770E-05  9.125258476170E-01 -1.249741572105E-06  6.532469100584E-01  2.232853948512E-20 -3.955505115600E-21 -3.353862778411E-19 -3.094202103676E-03
  2.271885010551E+01  2.342881543005E+01  8.556420167570E+00  1.721683914621E-13 -1.566653874584E+01  7.384306732986E+01  2.771756532062E-01  2.512393727561E+02 -1.362066884578E-01 -1.106880404181E-01 -1.336221715090E+02  2.679217754006E-02  5.671818484542E-04 -2.926992973676E-04 -2.744825510868E-04 -2.936957091106E-03 -1.903694600899E-03  7.712440044890E-06  4.567378179992E-07  1.294804727888E-06  8.566228998784E-01 -7.712439987797E-06  6.178955534225E-01 -2.258283889515E-20 -2.636002994666E-20  2.693678602109E-19 -2.855735495258E-03
  2.413878075458E+01  2.484874609625E+01  8.631114807120E+00  1.759128081786E-13 -1.561284495008E+01  7.510626264200E+01  2.729645176438E-01  2.495666978140E+02 -1.329607819812E-01 -1.081466987848E-01 -1.343578404528E+02  2.609722282735E-02  5.393659899138E-04 -2.636972591839E-04 -2.756687307313E-04 -2.748128151156E-03 -1.775071604113E-03 -6.022623223761E-06  4.994629031552E-06  6.611689177931E-06  8.062140961354E-01  6.022623253010E-06  5.943876876110E-01 -7.065398926657E-21 -2.914857075383E-20  5.144365054676E-19 -2.648347328647E-03
  2.555871143792E+01  2.626867429960E+01  8.699518416387E+00  1.774799252748E-13 -1.556103890750E+01  7.627305935385E+01  2.684038488851E-01  2.479621764279E+02 -1.297062117732E-01 -1.056685371555E-01 -1.350006712787E+02  2.547761168083E-02  5.165236713927E-04 -2.510622423099E-04 -2.654614290855E-04 -2.535822816924E-03 -1.675745728665E-03 -1.009172137394E-05  4.013380500641E-06  7.044716751943E-06  7.637509885199E-01  1.009172138053E-05  5.707127372950E-01 -2.117857820649E-20  3.561509573084E-21  8.910237207269E-20 -2.487281371784E-03
  2.697863716127E+01  2.768860253598E+01  8.766675740867E+00  1.780238952863E-13 -1.551155014251E+01  7.742800654377E+01  2.635055781276E-01  2.464301674311E+02 -1.263337983009E-01 -1.031266421887E-01 -1.356433435063E+02  2.496614210926E-02  4.906615469101E-04 -2.119875749859E-04 -2.786739719218E-04 -2.431386853315E-03 -1.580156040020E-03 -1.116753918771E-05 -2.170813762816E-06 -6.270257149754E-06  7.439383620065E-01  1.116753919368E-05  5.469551191291E-01  2.105402778543E-21  3.319749327593E-21  4.726731884546E-19 -2.382973283882E-03
  2.839856791069E+01  2.910853080460E+01  8.831560781332E+00  1.782375936521E-13 -1.546395802862E+01  7.855255904867E+01  2.585980218260E-01  2.449608514279E+02 -1.230297068034E-01 -1.005451685590E-01 -1.362607536605E+02  2.444802855148E-02  4.636998989072E-04 -1.893334189729E-04 -2.743664799352E-04 -2.314428241342E-03 -1.492483320219E-03 -3.410400334222E-06 -7.800002984172E-06 -9.966692850690E-06  7.252269506785E-01  3.410400333145E-06  5.237710259372E-01  1.243475910948E-20 -1.810191067105E-20 -1.838557249987E-19 -2.269622425202E-03
  2.981849369850E+01  3.052845910462E+01  8.895394824286E+00  1.792332109484E-13 -1.541858370245E+01  7.966699265770E+01  2.538578163689E-01  2.435647349752E+02 -1.197470596691E-01 -9.803864619146E-02 -1.368796986995E+02  2.389844312843E-02  4.315835015856E-04 -1.681788192668E-04 -2.634046823200E-04 -2.215099110345E-03 -1.402138559927E-03  4.647360673481E-06 -8.594918223897E-06 -4.275064343770E-06  7.035233159912E-01 -4.647360649930E-06  5.038150466997E-01  3.939895106751E-21 -1.954007712765E-20  2.654319132879E-19 -2.166458754629E-03
  3.123842451073E+01  3.194838993194E+01  8.956428739397E+00  1.811142388255E-13 -1.537453614768E+01  8.074022399227E+01  2.491441590711E-01  2.422060983557E+02 -1.164193075356E-01 -9.544454859412E-02 -1.374626766126E+02  2.331235964360E-02  3.990403141353E-04 -1.554192115451E-04 -2.436211025902E-04 -2.090768016037E-03 -1.326478715460E-03  7.141465616104E-07 -5.862851221434E-06 -8.214987111236E-06  6.697675968879E-01 -7.141465427262E-07  4.847545142554E-01 -2.170387089048E-20 -9.946485247540E-21  3.151070755130E-19 -2.030232513448E-03
  3.265835535315E+01  3.336831829234E+01  9.014273614984E+00  1.811699117600E-13 -1.533254650686E+01  8.176314476885E+01  2.444803524660E-01  2.409089773736E+02 -1.131457727787E-01 -9.282216717586E-02 -1.380125995503E+02  2.279919937913E-02  3.709359074027E-04 -1.375051730628E-04 -2.334307343381E-04 -1.955661317207E-03 -1.252367878547E-03 -3.907532829525E-06 -5.061074910456E-06 -1.579374342421E-05  6.376563307667E-01  3.907532811864E-06  4.588712503106E-01 -1.392705751077E-20 -2.167132983432E-20 -5.688794683837E-20 -1.906326832742E-03
  3.407828123152E+01  3.478824668169E+01  9.069607402620E+00  1.800063785993E-13 -1.529309183942E+01  8.274776770888E+01  2.399882990494E-01  2.396901444328E+02 -1.098639685570E-01 -9.031738879970E-02 -1.385417029882E+02  2.231673830290E-02  3.535643762647E-04 -1.233664703919E-04 -2.301979058742E-04 -1.848406563814E-03 -1.157826670322E-03 -1.088880268584E-05 -5.739369361073E-06 -4.325233724100E-06  6.157317581766E-01  1.088880267737E-05  4.431869671933E-01  1.681256947010E-20  8.768703715168E-21 -1.725487538622E-20 -1.816024024461E-03
  3.549821213186E+01  3.620817509919E+01  9.123559508082E+00  1.790443161426E-13 -1.525388445816E+01  8.371517189145E+01  2.353215948978E-01  2.384791512863E+02 -1.065050866727E-01 -8.759321539657E-02 -1.390475666800E+02  2.185161698214E-02  3.432782095521E-04 -1.105043646129E-04 -2.327738449399E-04 -1.774208173680E-03 -1.131065796186E-03 -1.226001745310E-06 -3.462772001531E-06  3.319925291478E-06  5.991087653930E-01  1.226001732179E-06  4.271340635925E-01  1.453558759726E-20 -1.865782015804E-20 -2.331162324407E-19 -1.737825334803E-03
  3.691813806651E+01  3.762810354401E+01  9.175943057698E+00  1.782884478691E-13 -1.521728029975E+01  8.465806452141E+01  2.301972153127E-01  2.373474814580E+02 -1.031721582265E-01 -8.514108594027E-02 -1.395494468590E+02  2.142427912506E-02  3.236104648829E-04 -9.402391635978E-05 -2.295865485230E-04 -1.685695983107E-03 -1.046125281973E-03  2.590343963085E-06  2.420022890110E-07  6.836955114387E-06  5.792218396612E-01 -2.590343966912E-06  4.134920160521E-01 -7.088320993585E-21 -1.935898705803E-21  3.054574133015E-19 -1.648077455026E-03
  3.833806902152E+01  3.904803451207E+01  9.226367262174E+00  1.783567966517E-13 -1.518049290296E+01  8.557168580540E+01  2.249407003443E-01  2.362153823456E+02 -9.983780526576E-02 -8.237880501607E-02 -1.400141343291E+02  2.099479362519E-02  3.012275735182E-04 -8.915260687568E-05 -2.120749666417E-04 -1.600255405094E-03 -1.017447522816E-03  6.040981651991E-06  1.524030388990E-06  8.695659948182E-07  5.568954182536E-01 -6.040981646420E-06  4.103261960041E-01  2.821901327573E-20 -1.382002804487E-20 -2.670892002412E-19 -1.561410604070E-03
  3.975800000263E+01  4.046796300911E+01  9.274788635160E+00  1.797674763446E-13 -1.514444817970E+01  8.645520647968E+01  2.196916437613E-01  2.351118927567E+02 -9.661338384859E-02 -7.982306428026E-02 -1.404498339869E+02  2.052537812411E-02  2.832343559859E-04 -8.173448266873E-05 -2.014998733174E-04 -1.630139722879E-03 -1.053499815044E-03  1.123532121781E-06 -6.241979423363E-07 -1.747903136404E-06  5.400323386638E-01 -1.123532095326E-06  4.027691576620E-01 -2.948722598228E-20 -3.994207952223E-20  2.411559558394E-19 -1.477489746591E-03
  4.117792601560E+01  4.188789153103E+01  9.322218243949E+00  1.822222858225E-13 -1.510900338353E+01  8.732473928098E+01  2.145628868994E-01  2.340287911239E+02 -9.330311511755E-02 -7.721603637001E-02 -1.408720951808E+02  2.007661005423E-02  2.613141262705E-04 -6.744507374994E-05 -1.938690525210E-04 -1.438810311034E-03 -9.275674350259E-04  2.721535794784E-06 -3.235280034693E-06 -7.028816631540E-06  5.194989294458E-01 -2.721535765613E-06  3.854844596195E-01  2.307876151168E-21  2.730409648469E-21  7.047649324090E-20 -1.399068172038E-03
  4.259785704647E+01  4.330782132538E+01  9.366994270658E+00  1.842379794444E-13 -1.507602905630E+01  8.814912249258E+01  2.096232604737E-01  2.330226481523E+02 -9.006185501587E-02 -7.460678732793E-02 -1.412699433963E+02  1.961984366284E-02  2.488281666382E-04 -6.069204665102E-05 -1.881361199878E-04 -1.348982914297E-03 -8.657787551173E-04 -3.215003706732E-07 -3.576447178980E-06 -8.456200355339E-06  4.921739515471E-01  3.215003872467E-07  3.657176251444E-01 -2.296496775330E-20 -1.337668236363E-20  4.309480222120E-20 -1.312185078884E-03
  4.401778560429E+01  4.472774989462E+01  9.409573461763E+00  1.867578144240E-13 -1.504409329176E+01  8.893724089529E+01  2.047053968095E-01  2.320520257299E+02 -8.673928577129E-02 -7.198536902338E-02 -1.416427253127E+02  1.922125720116E-02  2.387475954665E-04 -5.412997425074E-05 -1.846176212153E-04 -1.263508669084E-03 -8.251002736776E-04  6.962015247259E-07 -8.100641419411E-07 -5.175045738857E-06  4.684145121209E-01 -6.962014841832E-07  3.531620661934E-01  1.347247800045E-20 -1.588256918400E-20 -1.725018445787E-19 -1.228062178823E-03
  4.543771418495E+01  4.614767848630E+01  9.450133824459E+00  1.898619364364E-13 -1.501334583441E+01  8.969100488401E+01  1.998278363534E-01  2.311146624047E+02 -8.355029433220E-02 -6.936895797339E-02 -1.419920746987E+02  1.875604188213E-02  2.175343138784E-04 -4.918322345054E-05 -1.683510904267E-04 -1.171294623389E-03 -7.860256146463E-04  1.089333591006E-06  1.555666620354E-06 -1.983010181810E-06  4.415876975203E-01 -1.089333561476E-06  3.440805888586E-01 -1.941795456541E-20  8.209850777296E-21 -3.697921245092E-19 -1.130148639173E-03
  4.685764278764E+01  4.756760709959E+01  9.487951870657E+00  1.927641349527E-13 -1.498302061259E+01  9.039693874921E+01  1.948720045176E-01  2.301964292869E+02 -8.027874377601E-02 -6.673612507148E-02 -1.423017663748E+02  1.835517211949E-02  2.061369169646E-04 -3.531196251328E-05 -1.708249544527E-04 -1.084479730094E-03 -7.506833714473E-04 -1.505902892148E-06  2.640718761448E-06  1.178626588432E-06  4.192339978854E-01  1.505902928378E-06  3.336793423997E-01 -1.456431805441E-20  2.017832988862E-20 -2.167739851740E-19 -1.059091635592E-03
  4.827757141154E+01  4.898753698205E+01  9.524544562782E+00  1.950643220600E-13 -1.495412015468E+01  9.108306058253E+01  1.897849283287E-01  2.293229661187E+02 -7.709054423007E-02 -6.415404355347E-02 -1.426005391831E+02  1.801414798747E-02  1.934633011251E-04 -2.130044523181E-05 -1.721628558926E-04 -1.028663963185E-03 -7.133029509341E-04  9.867518438130E-07  2.607326920270E-06  2.145027115992E-06  4.004525449412E-01 -9.867518278697E-07  3.251637266282E-01  1.043221720967E-20  2.243543840581E-21 -4.279916673369E-19 -1.001960402501E-03
  4.969750255255E+01  5.040746688449E+01  9.559029926570E+00  1.964008752528E-13 -1.492530653646E+01  9.173295547997E+01  1.846000456043E-01  2.284541662599E+02 -7.385739157718E-02 -6.153784391601E-02 -1.428655184899E+02  1.762451651248E-02  1.861051994755E-04 -1.937013267436E-05 -1.667350668020E-04 -9.635458879703E-04 -6.891908071286E-04  1.468686704748E-06 -3.135268551265E-07  5.613456237948E-06  3.801377766742E-01 -1.468686690228E-06  3.147853084681E-01  1.362683386871E-20 -6.752821234685E-21 -3.292717629801E-19 -9.376113294346E-04
  5.111743121643E+01  5.182739555775E+01  9.592015753461E+00  1.974585929285E-13 -1.489824857034E+01  9.235526076728E+01  1.794153462435E-01  2.276395340068E+02 -7.062589591322E-02 -5.891742884434E-02 -1.431217096490E+02  1.718614430544E-02  1.701377029940E-04 -8.025731192464E-06 -1.621119717997E-04 -9.034026210040E-04 -6.489358733354E-04 -1.299205271002E-07 -3.511408672282E-06 -6.889558120090E-06  3.635258707723E-01  1.299205367679E-07  2.983240375060E-01 -1.468824605188E-20  2.830543977892E-21 -1.731029032049E-19 -8.757113784188E-04
  5.253735989906E+01  5.324732424936E+01  9.623551255638E+00  1.986528852437E-13 -1.487235740802E+01  9.295210510627E+01  1.741660298043E-01  2.268618381592E+02 -6.738093079689E-02 -5.630254204397E-02 -1.433662777586E+02  1.679803771866E-02  1.517129184016E-04 -9.084005203512E-07 -1.508045178808E-04 -8.428428917753E-04 -6.145919684393E-04  3.687738438849E-06 -3.629932860734E-06 -4.900856384624E-06  3.451643833797E-01 -3.687738421372E-06  2.923309965788E-01  1.585822454695E-20 -2.651998713892E-20  6.996157959286E-19 -8.170825649416E-04
  5.395728859965E+01  5.466725295851E+01  9.653279038556E+00  1.997818284376E-13 -1.484636267111E+01  9.351515998050E+01  1.687725407474E-01  2.260848755237E+02 -6.422691298392E-02 -5.371029562388E-02 -1.435809965254E+02  1.644233547727E-02  1.463621524025E-04  4.681208055600E-06 -1.510433604576E-04 -7.828964308972E-04 -5.922003971085E-04  6.814714364099E-06 -3.034190168693E-06  1.066189464189E-06  3.253395291613E-01 -6.814714355854E-06  2.836546092501E-01  9.921978364701E-21  2.048449375703E-22  5.213970997377E-19 -7.608985471099E-04
  5.537721731737E+01  5.608718168439E+01  9.681296756599E+00  1.998245485443E-13 -1.482201030711E+01  9.404781623916E+01  1.632122912152E-01  2.253587992392E+02 -6.095875457472E-02 -5.107490587745E-02 -1.437840919855E+02  1.606049330848E-02  1.387582593587E-04  9.700863442302E-06 -1.484591228015E-04 -7.329473919499E-04 -5.536134371622E-04  8.963729450926E-07 -3.932340697023E-06  1.131310550390E-06  3.108650429937E-01 -8.963729521863E-07  2.732585767145E-01  4.143563613671E-21 -3.663695978938E-21 -1.356166026344E-19 -7.174162917589E-04
  5.679714605141E+01  5.750711167453E+01  9.708453711758E+00  1.983433471116E-13 -1.479786127108E+01  9.456440790389E+01  1.575933532441E-01  2.246387239836E+02 -5.780270564864E-02 -4.844016635660E-02 -1.439743382222E+02  1.572077435716E-02  1.267886807697E-04  1.938242236689E-05 -1.461711031369E-04 -6.970759018834E-04 -5.357635910020E-04 -5.598708111018E-07 -2.036705478500E-06 -4.040263788028E-07  2.988886641155E-01  5.598707849850E-07  2.673763584137E-01 -7.615736941445E-21  1.772919455234E-20 -4.389338471944E-19 -6.781992568055E-04
  5.821707729766E+01  5.892704167977E+01  9.734346607958E+00  1.951971827777E-13 -1.477455462579E+01  9.505907001163E+01  1.519847141369E-01  2.239437003725E+02 -5.461058571908E-02 -4.581368382407E-02 -1.441538770762E+02  1.531688702458E-02  1.113610605200E-04  3.279519505209E-05 -1.441562555718E-04 -6.536993405896E-04 -5.089613376809E-04  7.616376375420E-07  6.713022279310E-07 -6.351146538635E-06  2.898553100401E-01 -7.616376821780E-07  2.608483994743E-01  1.121214053088E-20 -2.434618056834E-20  2.347259312027E-20 -6.393453802606E-04
  5.963700606188E+01  6.034697045092E+01  9.759901694887E+00  1.908673634860E-13 -1.475156473459E+01  9.554912307811E+01  1.463013061125E-01  2.232625811464E+02 -5.146325899474E-02 -4.317812929931E-02 -1.443300085941E+02  1.494169771377E-02  9.634646431361E-05  3.958635650919E-05 -1.359328208235E-04 -6.175633645685E-04 -4.898362556471E-04  3.362042421185E-06  2.544588722140E-07 -7.007752300039E-06  2.792229281697E-01 -3.362042473910E-06  2.496211195416E-01 -5.243231776458E-21  1.103667307398E-20  4.210526728380E-19 -6.000805866531E-04
  6.105693483997E+01  6.176689923554E+01  9.783906732818E+00  1.830776267071E-13 -1.473024992565E+01  9.601104222514E+01  1.404993833887E-01  2.226294255581E+02 -4.825391396675E-02 -4.057987909563E-02 -1.444943125126E+02  1.456219379161E-02  8.869375795771E-05  4.286322746806E-05 -1.315569854261E-04 -6.297766826754E-04 -4.806611519453E-04  1.430732687406E-06 -1.595703740002E-06  1.448809596475E-06  2.651757637853E-01 -1.430732810068E-06  2.245866689504E-01  1.570633871071E-20  1.126125929891E-20  1.536515518106E-19 -5.579979951570E-04
  6.247686363111E+01  6.318682865698E+01  9.806968000786E+00  1.732475497916E-13 -1.471170245720E+01  9.645508615987E+01  1.346608464490E-01  2.220843437181E+02 -4.516916445090E-02 -3.794347682143E-02 -1.446715049238E+02  1.422603527133E-02  8.539511687657E-05  4.689582528788E-05 -1.322909421650E-04 -5.370310605435E-04 -3.988950349165E-04 -2.443277935790E-06 -3.344764575166E-06  2.654141025452E-06  2.476594771656E-01  2.443277837116E-06  2.122054854762E-01 -1.295824938799E-20 -4.191196391735E-22  2.324820726544E-19 -5.143156775357E-04
  6.389679368284E+01  6.460675809025E+01  9.827863351719E+00  1.648731713378E-13 -1.469258477517E+01  9.685799849467E+01  1.287504236494E-01  2.215173440422E+02 -4.195662821793E-02 -3.528681813822E-02 -1.448056790179E+02  1.389392393255E-02  7.236144776288E-05  5.088316075088E-05 -1.232446085134E-04 -4.849865588633E-04 -3.815027153741E-04 -2.959352591443E-06 -3.117646356625E-06  8.092296316391E-07  2.282070065411E-01  2.959352501590E-06  2.060892586948E-01  1.212648985334E-20 -4.626262258759E-21 -1.291916400608E-19 -4.658196140839E-04
  6.531672249765E+01  6.602668753453E+01  9.847471950781E+00  1.593335009268E-13 -1.467512271622E+01  9.723650652641E+01  1.226841025488E-01  2.210002515359E+02 -3.884975666995E-02 -3.266406580057E-02 -1.449366211441E+02  1.349718741335E-02  5.769000975159E-05  5.413319663132E-05 -1.118232063830E-04 -4.415709995797E-04 -3.521164653678E-04 -1.559009759983E-06 -1.021291122641E-06  2.228633607480E-06  2.089249725856E-01  1.559009725168E-06  1.877571707639E-01  9.455539292784E-21 -9.636087004354E-21  3.175540076192E-19 -4.221267495465E-04
  6.673665257141E+01  6.744661698901E+01  9.864945411723E+00  1.553116412948E-13 -1.465925886938E+01  9.757429072955E+01  1.163943968023E-01  2.205291467219E+02 -3.565408744114E-02 -3.000850110425E-02 -1.450491753544E+02  1.315478035268E-02  5.419640667000E-05  5.446318341745E-05 -1.086595900878E-04 -3.977571887108E-04 -3.191487786574E-04 -2.614775880934E-06  1.810955266901E-06  4.297898202345E-06  2.037891236113E-01  2.614775825197E-06  1.717821034432E-01 -2.733134313514E-21 -1.138188716481E-20  1.655939676316E-19 -3.902195068204E-04
  6.815658140661E+01  6.886654582869E+01  9.883643291055E+00  1.500882353310E-13 -1.464463267531E+01  9.793726364574E+01  1.099330546326E-01  2.200996954276E+02 -3.254362200185E-02 -2.739795692423E-02 -1.451919070316E+02  1.281337282736E-02  4.735838547638E-05  5.975117830617E-05 -1.071095637817E-04 -3.789776002987E-04 -2.898187582414E-04 -2.424457522176E-06  3.222107385045E-06  1.794308357662E-06  1.964939334031E-01  2.424457460378E-06  1.555266793904E-01  2.373682395699E-21 -1.385474971636E-20 -1.537275786839E-19 -3.606206430976E-04
  6.957651025078E+01  7.028647530112E+01  9.899822107270E+00  1.451599226758E-13 -1.463165523083E+01  9.825162062561E+01  1.032695764944E-01  2.197185458786E+02 -2.938414523245E-02 -2.473969243787E-02 -1.453110752341E+02  1.246650246878E-02  4.172831255637E-05  6.072700463216E-05 -1.024553171880E-04 -3.407242457479E-04 -2.540265096777E-04  2.113563084677E-07  2.710175680722E-06  3.459922165407E-06  1.848445241632E-01 -2.113563575203E-07  1.385970459255E-01 -1.834612550030E-20  8.399736592622E-21  5.636759713021E-20 -3.382405702018E-04
  7.099644035146E+01  7.170640478130E+01  9.916450928447E+00  1.409517544942E-13 -1.462003478466E+01  9.857468623981E+01  9.624853850806E-02  2.193777429139E+02 -2.624680274158E-02 -2.216820347243E-02 -1.454493642673E+02  1.215746586764E-02  3.593139310247E-05  6.472551082859E-05 -1.006569039315E-04 -3.336944000046E-04 -2.216991131710E-04  5.002579908400E-06  3.814083302385E-06  4.214263435311E-06  1.803256515083E-01 -5.002579954004E-06  1.237144528344E-01  3.453259729685E-21 -9.400944339988E-21  5.121077857679E-19 -3.227517863377E-04
  7.241636921113E+01  7.312633395632E+01  9.931827735208E+00  1.313529395167E-13 -1.460969776155E+01  9.887448044366E+01  8.877092857333E-02  2.190785699078E+02 -2.312389779273E-02 -1.954369176354E-02 -1.455777510371E+02  1.183187892456E-02  2.521640967461E-05  6.766220612174E-05 -9.287861579647E-05 -3.051610100090E-04 -1.943538460250E-04  9.293728594238E-06  6.334439155459E-06  3.671333356061E-06  1.711590287490E-01 -9.293728764853E-06  1.098651588402E-01 -1.716673433316E-20  4.714457701178E-21  1.205867176556E-19 -2.937678691936E-04
  7.383629870151E+01  7.454626344955E+01  9.946831119213E+00  1.154958637748E-13 -1.460053412681E+01  9.916942526582E+01  8.078482037029E-02  2.188125228306E+02 -1.998333462889E-02 -1.693148729447E-02 -1.457160722173E+02  1.153488471295E-02  1.801334605420E-05  7.251348134731E-05 -9.052682740145E-05 -2.828005083375E-04 -1.687735350617E-04  1.463275599069E-06  6.420182584147E-06  1.745464939222E-06  1.673296938117E-01 -1.463275785742E-06  9.668873699472E-02  2.521985915176E-21 -7.329560228271E-21  9.849594898299E-20 -2.764836612716E-04
  7.525622819760E+01  7.596619263600E+01  9.961528095458E+00  9.807942316080E-14 -1.459253638060E+01  9.945934866038E+01  7.227138748082E-02  2.185799881448E+02 -1.688433787190E-02 -1.434576108044E-02 -1.458595319423E+02  1.127849469739E-02  1.273951385795E-05  7.518469590071E-05 -8.792420975934E-05 -2.674328929576E-04 -1.513658736241E-04 -5.427639928605E-06  4.488638577742E-06 -9.892631860805E-08  1.621728114986E-01  5.427639722794E-06  8.067262480255E-02  9.088411791335E-21  1.150883001810E-21  1.351571481439E-19 -2.585217356388E-04
  7.667615707440E+01  7.738612182693E+01  9.975614993782E+00  8.337778964811E-14 -1.458621513169E+01  9.973919312779E+01  6.289660799361E-02  2.183929556389E+02 -1.373548863289E-02 -1.172439411030E-02 -1.460117511403E+02  1.098684177666E-02  3.386131766194E-06  7.256119437118E-05 -7.594732613728E-05 -2.469255559116E-04 -1.261397291233E-04 -3.978380700616E-06  3.449017539762E-06  2.002406478629E-06  1.614902598399E-01  3.978380575100E-06  6.667311110175E-02 -5.954606516809E-21  7.854846570181E-21  2.489957851075E-19 -2.426815367706E-04
  7.809608657946E+01  7.880605133362E+01  9.990191048414E+00  6.927693358282E-14 -1.458070200596E+01  1.000310823826E+02  5.201219824030E-02  2.182378471251E+02 -1.062431818139E-02 -9.082753116657E-03 -1.461746322805E+02  1.080485334776E-02  5.320951539644E-07  7.159220076558E-05 -7.212429591934E-05 -2.358627961719E-04 -1.076880312284E-04  2.777973384892E-06  2.776844867709E-06  2.241886586200E-06  1.702533950446E-01 -2.777973577167E-06  6.200179477285E-02 -9.470266349618E-21 -2.300957732017E-21 -1.522061703494E-19 -2.353299300402E-04
  7.951601608778E+01  8.022598068713E+01  1.000583347076E+01  5.163963854449E-14 -1.457521043600E+01  1.003472911332E+02  3.879622532378E-02  2.180868454964E+02 -7.469266114173E-03 -6.449727190064E-03 -1.463557723455E+02  1.069577345076E-02 -1.976954121860E-05  8.388965354527E-05 -6.412011232707E-05 -2.379525065824E-04 -9.962375121309E-05  1.361489979267E-06  2.112481160079E-06  2.314911741650E-07  1.827966737712E-01 -1.361490184513E-06  7.484445352421E-02  4.330849964153E-21  6.239540205703E-22 -6.243932773211E-19 -2.448701035799E-04
  8.093594528647E+01  8.164590996465E+01  1.002263584223E+01  2.740348367658E-14 -1.456741760366E+01  1.006930139316E+02  2.212432713699E-02  2.178780684058E+02 -4.395211160114E-03 -3.725490088599E-03 -1.465292344744E+02  1.100252132081E-02 -5.016291821495E-05  1.331907900219E-04 -8.302787180731E-05 -2.650858099603E-04 -1.101258168310E-04 -1.327162917432E-06  1.424423987593E-06 -8.228361006732E-07  2.193806925483E-01  1.327162576458E-06  1.001214375172E-01  3.401739911827E-21 -1.101599956581E-21  1.821652021984E-21 -2.981045784564E-04
  8.235587464283E+01  8.306583932141E+01  1.004477171338E+01  6.137302490872E-15 -1.455743948919E+01  1.011700268532E+02  3.776726873105E-03  2.176208994131E+02 -1.160635726642E-03 -1.302474084757E-03 -1.467605502850E+02  1.277795366195E-02  1.142588142105E-04 -1.471300004105E-04  3.287118620100E-05 -3.424285338072E-04 -1.471185734013E-04 -7.310166361562E-06  4.679255031583E-07  1.819691301159E-06  1.247153635632E-01  7.310166223234E-06  5.621623907148E-02 -8.968236541007E-21 -3.383451694099E-22  3.914708264657E-19 -1.686104478155E-04
