                   y                  ym                   U                   V                   W                 U^2                 V^2                 W^2                  UV                  VW                  UW                VISC               SFSxx               SFSyy               SFSzz               SFSxy               SFSyz                dUdX                dVdX                dWdX                dUdY                dVdY                dWdY                dUdZ                dVdZ                dWdZ              SFSxym
 -2.935484632180E-01 -1.467742316090E-01  0.000000000000E+00  0.000000000000E+00  0.000000000000E+00  0.000000000000E+00  0.000000000000E+00  0.000000000000E+00  0.000000000000E+00  0.000000000000E+00  0.000000000000E+00  0.000000000000E+00  0.000000000000E+00  0.000000000000E+00  0.000000000000E+00  0.000000000000E+00  0.000000000000E+00  0.000000000000E+00  0.000000000000E+00  0.000000000000E+00  0.000000000000E+00  0.000000000000E+00  0.000000000000E+00  0.000000000000E+00  0.000000000000E+00  0.000000000000E+00  0.000000000000E+00
  1.262680539254E-16  1.467742316090E-01  6.346785677625E+00  2.124643171257E-14 -2.132859356427E-01  4.110601239675E+01  3.653318249781E-02  3.664156519475E-01 -7.834399534942E-02 -2.006663877661E-03 -1.346671219088E+00  4.931431595015E-02  8.697606801363E-04  3.216629126855E-03 -4.086389807191E-03 -2.169823676847E+00  3.831832935638E-02 -3.787442494162E-03 -4.143134204715E-04 -2.292057570296E-05  3.772398856843E+02  3.787442496317E-03 -1.267534983506E+01  4.123389707476E-19  1.168027422140E-19 -2.056344849885E-21 -5.698751814967E-03
  2.935484632180E-01  4.403227039908E-01  7.495492421382E+00  2.265162654953E-14 -2.518398711194E-01  5.714449530585E+01  1.235919193851E-01  3.703495978801E-01 -1.628573703918E-01  3.855965648746E-04 -1.897621284354E+00  2.069792390998E-01  1.714908104370E-01 -3.204363894438E-02 -1.394471714926E-01 -5.740389856564E-01  4.336402450028E-02  1.769952688390E-03 -5.819746494635E-04 -2.633629992763E-06  4.346263336716E+01 -1.769952690083E-03 -8.717025827469E-01 -2.978048150345E-19 -2.496629704186E-20 -1.615853416786E-19 -4.262375353929E-02
  5.870969447636E-01  7.338709231938E-01  7.941570138447E+00  3.447561949937E-15 -2.452570533346E-01  6.389769785213E+01  1.329008147404E-01  3.343448845964E-01 -1.512611394258E-01 -4.450274254263E-04 -1.957895993015E+00  1.787743954923E-01  7.723066964242E-02 -3.043475727736E-02 -4.679591236627E-02 -3.841742950575E-01 -1.237522046856E-02  1.170122461580E-03 -2.183676724107E-04 -1.586366723082E-05  2.424370347010E+01 -1.170122461034E-03  2.881050881135E-01  3.940718543271E-20  1.719522362871E-20 -2.432050186328E-19 -2.256805016501E-02
  8.806449016241E-01  1.027418888607E+00  8.385084681401E+00  2.010041794603E-15 -2.412625666862E-01  7.112854428992E+01  1.404856908915E-01  3.235305423690E-01 -1.559742879288E-01 -2.106258209958E-05 -2.032312651198E+00  1.670190783788E-01  6.572052844185E-02 -3.130253617259E-02 -3.441799226913E-02 -3.455864835061E-01 -4.461904544400E-04  4.883924628077E-04 -7.991924852523E-05 -3.806597332768E-05  2.084257420312E+01 -4.883924622750E-04  1.822848470262E-01 -6.691477363072E-20 -5.518215029760E-20 -7.236527202975E-21 -1.846991982174E-02
  1.174192875590E+00  1.320967142022E+00  8.706359472908E+00 -2.115774799826E-15 -2.385687190160E-01  7.656401575841E+01  1.483904120477E-01  3.187369818475E-01 -1.516320849232E-01 -2.213163209095E-04 -2.084771798809E+00  1.517000491107E-01  4.828136022289E-02 -3.088272902626E-02 -1.739863119696E-02 -2.442949019706E-01 -1.705606403353E-04  2.179885669279E-04 -3.089381473281E-05 -2.135024706441E-05  1.622344874784E+01 -2.179885660927E-04 -8.412479524959E-02 -6.002896870539E-19  1.908981764816E-19  9.150406317643E-20 -1.367374542355E-02
  1.467741408453E+00  1.614515682827E+00  8.980381471658E+00  9.942049218397E-18 -2.443490010103E-01  8.137412028176E+01  1.540694749403E-01  3.153644641372E-01 -1.489928903576E-01 -3.480713174477E-04 -2.200428121997E+00  1.410032011050E-01  3.864419488045E-02 -2.964687456833E-02 -8.997320312814E-03 -1.960849014033E-01  3.822458811119E-03  1.022160690549E-04 -3.911057819888E-06  5.044574090428E-06  1.345097531593E+01 -1.022160670799E-04 -3.163865576026E-01  6.485111238507E-20  9.266635738835E-20  4.261815846583E-19 -1.090051802291E-02
  1.761289957201E+00  1.908063968010E+00  9.199924314017E+00 -4.120588707079E-16 -2.501777064393E-01  8.532202360664E+01  1.576225151550E-01  3.084160562469E-01 -1.438968904373E-01 -2.152965808312E-04 -2.309359531795E+00  1.316365753169E-01  3.074429289335E-02 -2.750360441982E-02 -3.240688473697E-03 -1.544113159608E-01  3.260976520486E-03  2.272172422030E-05  2.415873127782E-06 -4.040171944855E-07  1.114154814662E+01 -2.272172294752E-05 -1.970631196301E-01  2.103590665456E-19  6.590044145332E-20 -6.686103485749E-21 -8.792915645765E-03
  2.054837978819E+00  2.201611996959E+00  9.389204013360E+00  9.679370537168E-16 -2.515794106290E-01  8.880646807916E+01  1.592602162125E-01  2.978418369764E-01 -1.393203564239E-01 -4.258893836429E-05 -2.372156870937E+00  1.242695255602E-01  2.483798780417E-02 -2.490449616949E-02  6.650836559363E-05 -1.282369745195E-01  5.978258780870E-04  2.025655051448E-05  4.480274669853E-06  2.710639348719E-06  9.696581122318E+00 -2.025654780936E-05 -2.341307024564E-02 -2.190819286142E-19  2.766139390340E-20  5.720707157373E-20 -7.430309334531E-03
  2.348386015099E+00  2.495160311466E+00  9.555726161249E+00  3.023837741480E-16 -2.510365901695E-01  9.192833366559E+01  1.590408262695E-01  2.885558868588E-01 -1.341038062750E-01 -3.249268213320E-04 -2.407820281657E+00  1.183227609852E-01  2.116913043959E-02 -2.200209217015E-02  8.329617307171E-04 -1.109876110769E-01  8.761401738399E-05  4.557538472112E-06 -4.749380490941E-06  1.448750049667E-05  8.734391540711E+00 -4.557536767941E-06  1.275859043186E-01 -3.925412997346E-19 -1.641592946083E-20  3.599759634050E-20 -6.586956013031E-03
  2.641934607833E+00  2.788708910920E+00  9.709699915895E+00 -5.640927297073E-15 -2.468974747949E-01  9.486133610196E+01  1.572719577112E-01  2.760745174326E-01 -1.286799557302E-01 -8.845691211793E-05 -2.407920788228E+00  1.130299749412E-01  1.848931124385E-02 -2.011840767301E-02  1.629096428738E-03 -9.949842388514E-02 -1.475366173779E-03 -1.479390335716E-05 -8.752553315765E-06 -9.564230360044E-06  7.990449605579E+00  1.479390598638E-05  3.943592084570E-01 -1.231061255461E-19 -1.820231261822E-19 -1.316149314463E-19 -5.830702264572E-03
  2.935483214007E+00  3.082257252307E+00  9.848924203856E+00 -5.851998166649E-16 -2.365660972915E-01  9.755861131566E+01  1.541735500724E-01  2.575120191203E-01 -1.228273400476E-01 -1.228334066118E-04 -2.341867329510E+00  1.072559178485E-01  1.530362809834E-02 -1.833620091121E-02  3.032572813038E-03 -8.709621255757E-02 -3.670948439720E-03  2.341803997653E-06 -8.092863338798E-06 -8.217238080657E-07  7.182121653348E+00 -2.341800806573E-06  4.946193127658E-01 -1.192487152720E-19 -1.162103158451E-19  1.419381949985E-19 -5.075271842892E-03
  3.229031290608E+00  3.375805335017E+00  9.973237173103E+00  3.827381899640E-16 -2.287483506633E-01  9.999433449934E+01  1.498448005034E-01  2.386516647817E-01 -1.175141469988E-01 -2.969616950092E-05 -2.292365861877E+00  1.014252528142E-01  1.381166942427E-02 -1.701688534750E-02  3.205215923150E-03 -7.590653708259E-02 -2.447057007022E-03 -5.076266348309E-06 -7.713839418140E-06  5.271795307887E-06  6.324420863107E+00  5.076268483195E-06  4.558929812933E-01 -2.703298700131E-19  1.881920171839E-19 -1.431060838245E-19 -4.416410655166E-03
  3.522579379427E+00  3.669353700842E+00  1.008098930168E+01  9.324858661381E-17 -2.198377356554E-01  1.021246222018E+02  1.450836060528E-01  2.232572869530E-01 -1.116110252885E-01  1.417413061083E-04 -2.225106092209E+00  9.632601774110E-02  1.179710145858E-02 -1.527348077137E-02  3.476379312602E-03 -6.550356018370E-02 -2.726741456110E-03 -1.226177361791E-06 -3.270811650643E-06  1.934143508726E-06  5.671390690084E+00  1.226180108911E-06  3.767478583286E-01  1.319695203262E-19  1.098127799492E-19 -1.189167705649E-19 -3.879818982783E-03
  3.816128022257E+00  3.962902349169E+00  1.018134075110E+01  2.815467001180E-15 -2.149239756764E-01  1.041298206760E+02  1.395333346064E-01  2.097998316227E-01 -1.060620344559E-01  1.291725083523E-04 -2.195182972706E+00  9.253259821627E-02  1.051042873868E-02 -1.364409466072E-02  3.133665921993E-03 -5.894580938516E-02 -1.837820128041E-03  1.003256283784E-05  3.105152358738E-06  2.184298718226E-07  5.287417854456E+00 -1.003256045903E-05  2.938625700441E-01 -1.399400143050E-20 -9.994616769060E-20 -2.420331360876E-19 -3.500120289367E-03
  4.109676676082E+00  4.256450736987E+00  1.027500376789E+01  6.239706322431E-16 -2.090548398971E-01  1.060180461458E+02  1.335560334916E-01  1.961452498979E-01 -9.993465566749E-02  2.968903028653E-04 -2.153167559014E+00  8.868729128895E-02  9.247350090095E-03 -1.273088510254E-02  3.483535012491E-03 -5.302329070195E-02 -2.345514593687E-03  4.783452046350E-06  3.272419483459E-06  3.145409857256E-06  5.013436361603E+00 -4.783450404665E-06  3.106920642616E-01 -1.617937189242E-19 -4.498557130103E-20  1.308000019497E-20 -3.156116012405E-03
  4.403224797892E+00  4.549998999284E+00  1.036530146225E+01  1.024442939266E-16 -2.035236308137E-01  1.078562840987E+02  1.276191769758E-01  1.857432790116E-01 -9.405103648258E-02  3.221619541597E-04 -2.114498459605E+00  8.518083679249E-02  7.369481264309E-03 -1.175468374376E-02  4.385202479507E-03 -4.805664238402E-02 -2.130539656514E-03 -5.427662293064E-06 -5.628000748410E-07  6.346885414511E-07  4.769195536098E+00  5.427663734675E-06  2.391598806895E-01  1.147586024373E-19  2.105218561024E-19  8.099166670992E-20 -2.870638599730E-03
  4.696773200677E+00  4.843547406652E+00  1.045000245314E+01  2.209097925339E-16 -2.002792556973E-01  1.095947588768E+02  1.218636788950E-01  1.762535576994E-01 -8.790623265023E-02  4.906996620342E-04 -2.099532153306E+00  8.156791957864E-02  6.399982588173E-03 -1.038737849694E-02  3.987395908881E-03 -4.415458125011E-02 -7.246386255228E-04  2.592697032516E-07 -3.235623839447E-06 -2.268032297538E-06  4.516362420986E+00 -2.592687619010E-07  1.444551367969E-01  1.177486385982E-19 -1.527983243680E-19 -6.081560286687E-23 -2.670398018541E-03
  4.990321612626E+00  5.137095822877E+00  1.053102274188E+01 -8.800292745333E-16 -1.982230028848E-01  1.112727435597E+02  1.157783524948E-01  1.655547074297E-01 -8.195559455942E-02  4.103838098146E-04 -2.094082767975E+00  7.769871203432E-02  5.889436161647E-03 -9.423581619071E-03  3.534145457299E-03 -4.110934177854E-02 -4.312913249852E-04 -7.705735524842E-07 -2.286720516374E-06 -1.126678461658E-06  4.155200740297E+00  7.705743178406E-07  1.594101748988E-01  1.275269931143E-19  5.346058467546E-20  1.341285527192E-19 -2.427017003538E-03
  5.283870033128E+00  5.430644247350E+00  1.060247150172E+01 -5.583025028700E-16 -1.944298285555E-01  1.127597797559E+02  1.091488289443E-01  1.563906680407E-01 -7.571422589021E-02  6.017838615306E-04 -2.067510396714E+00  7.413885437096E-02  5.039292746139E-03 -8.434702396745E-03  3.395409650744E-03 -3.622592845805E-02 -9.492023500360E-04 -1.102042694587E-06 -2.900554897023E-07 -3.543200305410E-06  3.837708554964E+00  1.102043102456E-06  8.612599475336E-02  2.338327433162E-19 -7.840607277387E-20  1.054433886632E-19 -2.158350149634E-03
  5.577418461572E+00  5.724192679460E+00  1.067184194181E+01 -1.337610389127E-15 -1.950627372882E-01  1.142145169116E+02  1.026287027019E-01  1.505828470403E-01 -6.980451181107E-02  3.876414106941E-04 -2.086445611393E+00  7.099053759601E-02  4.325979453260E-03 -7.456584362250E-03  3.130604909043E-03 -3.336922183406E-02  4.561131114383E-04 -2.755190617178E-06  3.853776712102E-07 -1.973244089743E-06  3.633054675259E+00  2.755190634876E-06  7.194741561404E-02  3.035768491238E-19 -6.999744011825E-20 -7.245749264141E-20 -2.008918657614E-03
  5.870966897347E+00  6.017741118595E+00  1.073578122268E+01 -6.426433279816E-16 -1.917898943302E-01  1.155670475849E+02  9.652364557046E-02  1.421775065196E-01 -6.369583915146E-02  5.014101158312E-04 -2.063828970712E+00  6.769516800033E-02  3.816825667560E-03 -6.977366778171E-03  3.160541110818E-03 -3.055528372473E-02 -6.069159855251E-04  2.129427276259E-06 -1.036994191995E-07  3.014832130118E-07  3.360490085947E+00 -2.129427064991E-06  2.160820502357E-01  7.620158652912E-20 -7.313216989774E-20  1.718778224527E-19 -1.798197739214E-03
  6.164515339842E+00  6.311289564145E+00  1.079515025569E+01  8.239151417227E-16 -1.871339536042E-01  1.168301020699E+02  9.094947435477E-02  1.334088091009E-01 -5.766734385374E-02  3.283516139668E-04 -2.024567276944E+00  6.489254650957E-02  3.191562811297E-03 -6.309078066447E-03  3.117515255076E-03 -2.699825759477E-02 -9.544857849612E-04 -1.229706191517E-07 -3.652365209291E-08 -4.370211307898E-07  3.042134148762E+00  1.229705926709E-07  1.633012743777E-01 -1.945953963212E-19  6.672669456636E-22 -3.727129605492E-20 -1.571598284439E-03
  6.458063788447E+00  6.604838015498E+00  1.084740792236E+01 -6.244374003366E-16 -1.857977774522E-01  1.179472533618E+02  8.528858973240E-02  1.270361758103E-01 -5.147439861550E-02  3.552512987799E-04 -2.019719492044E+00  6.155338646890E-02  2.667327252319E-03 -5.812344622337E-03  3.145017370053E-03 -2.311571549211E-02 -1.392428273469E-04  1.942792984106E-06  7.848363403495E-07  8.628092589399E-07  2.737281944249E+00 -1.942793117950E-06  2.623227816050E-02 -1.765325718212E-19 -3.117145177741E-20  5.929021521307E-20 -1.354644577344E-03
  6.751612242550E+00  6.898386472045E+00  1.089559088090E+01 -1.069222818330E-15 -1.861713674769E-01  1.189792164281E+02  7.892114584419E-02  1.211750562272E-01 -4.558301839255E-02  1.842544460010E-04 -2.031078330081E+00  5.904029680024E-02  2.138841000209E-03 -5.137851670417E-03  2.999010670180E-03 -2.053224417005E-02  3.654660563056E-04  1.091187328157E-06  1.055771923479E-06  6.587983302485E-07  2.480706550243E+00 -1.091187247636E-06 -9.516948168935E-02  5.712310204885E-21 -1.365712048054E-19  3.845905831198E-20 -1.198787913662E-03
  7.045160701540E+00  7.191934933173E+00  1.093843386076E+01 -8.558725830918E-16 -1.892898667863E-01  1.198994717449E+02  7.192408385161E-02  1.179898786002E-01 -3.936877570091E-02  3.333951189524E-04 -2.071848183329E+00  5.611347538002E-02  1.574036868485E-03 -5.003899816627E-03  3.429862948081E-03 -1.751873451451E-02  7.076455595496E-04 -7.407040329530E-07  1.688574796042E-06 -3.935795098170E-07  2.164309995306E+00  7.407039714392E-07 -2.091187447910E-01  2.863607054978E-20  7.161114387812E-20  4.951687485170E-20 -9.963316408249E-04
  7.338709164806E+00  7.485483398272E+00  1.097500713682E+01 -1.168978629682E-15 -1.938446859627E-01  1.206869160066E+02  6.464965689100E-02  1.151643321446E-01 -3.342121780119E-02  2.817320993221E-04 -2.129565071618E+00  5.364438774483E-02  1.316619943611E-03 -4.614878004917E-03  3.298258061224E-03 -1.453516413475E-02  7.961383046635E-04  6.821644784918E-07  1.511932378886E-06  6.561460087632E-08  1.919826524381E+00 -6.821644550561E-07 -1.699448941236E-01  1.561306144876E-19 -2.541455320745E-20  3.868403743583E-20 -8.439270436816E-04
  7.632257631739E+00  7.779031866732E+00  1.100887914961E+01 -6.007417065768E-16 -1.955257910681E-01  1.214199667616E+02  5.687194535246E-02  1.127657334947E-01 -2.735139586876E-02  3.552783458353E-04 -2.153784680794E+00  5.068579075236E-02  6.909306781135E-04 -3.559353278302E-03  2.868422600183E-03 -1.270047702124E-02  4.146853927159E-04 -1.915952067262E-06  5.093184825572E-07  6.628444747325E-07  1.785263125612E+00  1.915952101413E-06 -5.808437886761E-02  8.597630194537E-20 -7.909153503940E-20  1.568926965809E-20 -7.421997008183E-04
  7.925806101725E+00  8.072580337941E+00  1.104051477173E+01 -4.864097287520E-17 -1.959760107896E-01  1.221074225415E+02  4.760805146488E-02  1.122533707206E-01 -2.133484158981E-02  3.821172570872E-04 -2.163759044224E+00  4.858101222373E-02  6.108418477239E-04 -3.340161210000E-03  2.729319362346E-03 -1.095758095701E-02 -1.349880009185E-04  7.886147498472E-07  3.418729456263E-07  8.378679521024E-07  1.594451815186E+00 -7.886147278566E-07 -1.829271482686E-02 -2.505706055263E-19 -9.875672834365E-20 -9.392611759688E-20 -6.262713996567E-04
  8.219354574156E+00  8.366128811287E+00  1.106738526190E+01 -3.098293525730E-16 -1.961970082268E-01  1.226900938883E+02  3.571698843713E-02  1.151909078464E-01 -1.495892015600E-02  2.447470786774E-04 -2.170696636116E+00  4.618411902880E-02  6.226738550409E-04 -3.082024631082E-03  2.459350776114E-03 -9.088963766721E-03 -1.501825140181E-04  4.517512165542E-08  1.575303580556E-07  1.611712217411E-07  1.344382010665E+00 -4.517517661550E-08  1.022391963413E-01  2.319987582692E-19 -1.568461737112E-20 -2.539831205027E-20 -5.165957976491E-04
  8.512903048419E+00  8.659677286161E+00  1.108984493244E+01 -5.940133135951E-16 -1.922244756167E-01  1.231845625261E+02  2.053587389927E-02  1.194092597918E-01 -9.096553205754E-03  2.411640458335E-04 -2.130926724245E+00  4.491710927027E-02  9.078792483635E-04 -3.804995995214E-03  2.897116746983E-03 -7.342665082157E-03 -1.208043730380E-03  5.965229363495E-07 -1.586850465975E-08 -5.503595621901E-07  1.320702376383E+00 -5.965229159625E-07  6.914639382260E-02 -2.109697703607E-19 -2.720949550901E-20 -4.100360548917E-20 -4.421350294348E-04
  8.806451523904E+00  8.953225761952E+00  1.111584652268E+01 -1.966576411411E-16 -1.936597136699E-01  1.237697698103E+02  3.568833800828E-03  1.445547747323E-01 -2.515608784929E-03  2.237346499447E-05 -2.152440826179E+00  5.133715115302E-02 -6.174291419075E-05 -8.633076272801E-03  8.694819187268E-03 -6.179674309972E-03 -1.489208984958E-03  4.756343948652E-07  1.959099128148E-07  2.170604854246E-07  7.086141094988E-01 -4.756343743618E-07 -3.911494706421E-02 -4.526987556552E-20  1.127618627704E-20 -1.760921727665E-19 -1.650470329053E-04
