                   y                  ym                   U                   V                   W                 U^2                 V^2                 W^2                  UV                  VW                  UW                VISC               SFSxx               SFSyy               SFSzz               SFSxy               SFSyz                dUdX                dVdX                dWdX                dUdY                dVdY                dWdY                dUdZ                dVdZ                dWdZ              SFSxym
 -4.000000000000E+00 -2.000000000000E+00  0.000000000000E+00  0.000000000000E+00  0.000000000000E+00  0.000000000000E+00  0.000000000000E+00  0.000000000000E+00  0.000000000000E+00  0.000000000000E+00  0.000000000000E+00  0.000000000000E+00  0.000000000000E+00  0.000000000000E+00  0.000000000000E+00  0.000000000000E+00  0.000000000000E+00  0.000000000000E+00  0.000000000000E+00  0.000000000000E+00  0.000000000000E+00  0.000000000000E+00  0.000000000000E+00  0.000000000000E+00  0.000000000000E+00  0.000000000000E+00  0.000000000000E+00
  2.220446049250E-16  2.000000000000E+00  6.930591483767E+00  2.899509191773E-15 -6.389661962518E-02  5.005390848013E+01  4.476404258113E-02  5.846224669970E-01 -1.351893662653E-01 -9.655797166560E-04 -4.472685539828E-01  1.371811830708E+00 -1.981802082707E-03  8.721860811878E-03 -6.740058730374E-03 -4.918997767479E+00  3.393985281297E-02 -1.275712794894E-03 -1.171113542619E-04  1.345262717772E-05  3.111940548480E+01  1.275712794981E-03 -2.719243884437E-01  2.248353418584E-20 -7.896055375829E-21 -1.046596735748E-20 -1.728750995804E-02
  4.000000000000E+00  6.000000000000E+00  8.629320082918E+00  7.823632656075E-15 -7.205313053411E-02  7.687361427986E+01  1.792810182251E-01  6.340959744172E-01 -2.889840925135E-01 -5.551975800866E-04 -6.321170070898E-01  5.406033127536E+00  2.682861178178E-01 -2.328854441249E-01 -3.540067368764E-02 -1.350109611464E+00 -5.381069559771E-02  3.282859699113E-04 -1.898259870129E-04 -8.101625043971E-06  4.450370287092E+00 -3.282859698297E-04 -8.573544470701E-03  3.685464785637E-20  1.132639945409E-20 -9.142064534034E-20 -8.869190892072E-02
  8.000000000000E+00  1.000000000000E+01  9.155373325350E+00  1.140977272153E-14 -6.823535680481E-02  8.585074773120E+01  2.262564447702E-01  6.011589437757E-01 -2.794572660846E-01 -6.083030142497E-04 -6.354264331786E-01  5.715387854602E+00  1.350083704875E-01 -3.060588214922E-01  1.710504510027E-01 -6.754537643501E-01 -2.530548223511E-02  2.299263445242E-04 -1.066269616190E-04  6.922982607602E-06  2.028818123181E+00 -2.299263445023E-04  1.307414421753E-02  4.881975470980E-20  2.491220785540E-20  4.520813181866E-20 -4.055003869958E-02
  1.200000000000E+01  1.400000000000E+01  9.643896375406E+00  1.368865799068E-14 -6.534438858809E-02  9.500898689457E+01  2.533595354243E-01  5.921515685118E-01 -3.037984265893E-01 -5.862800952184E-04 -6.378915805818E-01  5.646999311121E+00  1.270048123343E-01 -2.827446024181E-01  1.557397900830E-01 -6.367263939299E-01 -3.516239589900E-03  1.992294753449E-04 -5.576482845532E-05 -2.464726454855E-06  1.663169956804E+00 -1.992294751714E-04  8.010273023377E-03  7.492798049195E-20 -2.920327689724E-20  5.639608123404E-20 -3.439523089881E-02
  1.600000000000E+01  1.800000000000E+01  9.987058454239E+00  1.287119860925E-14 -6.430977681521E-02  1.016538981625E+02  2.745368356598E-01  5.865009056802E-01 -3.036144096286E-01 -6.546240055336E-04 -6.459803743278E-01  5.332885329091E+00  1.045825952248E-01 -2.547357503135E-01  1.501531550894E-01 -4.548896233428E-01 -2.416807564960E-04  1.274595786872E-04 -3.354257912783E-05 -1.446009122648E-05  1.279695022167E+00 -1.274595787282E-04  3.384670425144E-03  3.640410366491E-20  2.049683151907E-21  7.077908025271E-20 -2.609716369888E-02
  2.000000000000E+01  2.200000000000E+01  1.028369738792E+01  9.334752516683E-15 -6.380796749383E-02  1.076256916016E+02  2.921533078623E-01  5.856133891855E-01 -3.104392225920E-01 -6.595853875867E-04 -6.575510848862E-01  5.118545728318E+00  9.313614201255E-02 -2.332362479672E-01  1.401001059571E-01 -3.875907797025E-01 -5.775563486793E-04  2.692845994529E-05 -2.285601378135E-05  3.395521655195E-05  1.075353868701E+00 -2.692845980985E-05  3.824303483254E-03  1.150251287871E-19  1.265951023029E-20  8.392030238963E-20 -2.192773102457E-02
  2.400000000000E+01  2.600000000000E+01  1.052475535399E+01  5.163133285352E-15 -6.227736595873E-02  1.125941256558E+02  3.067843877642E-01  5.835337893534E-01 -3.109453228494E-01 -6.047832306488E-04 -6.556159166483E-01  4.891545597566E+00  8.115366214441E-02 -2.134544961583E-01  1.323008340108E-01 -3.147504536087E-01 -1.063307055107E-03  5.367786582765E-05 -2.216013263158E-05  4.463445182699E-05  9.068448256900E-01 -5.367786592301E-05  4.389852791434E-03  3.360575832322E-20 -7.857889976760E-21  6.505770556519E-20 -1.830269070023E-02
  2.800000000000E+01  3.000000000000E+01  1.073690530823E+01  6.313110479985E-16 -6.143559235264E-02  1.170783049420E+02  3.184894021930E-01  5.799009527728E-01 -3.131768170389E-01 -6.057978412247E-04 -6.596292764099E-01  4.709544740426E+00  7.249558840609E-02 -1.978373866410E-01  1.253417982367E-01 -2.737638164378E-01 -1.606338555449E-03  4.876041480704E-05 -1.626527080403E-05  9.244920696639E-06  7.933136240200E-01 -4.876041469688E-05  3.646074158944E-03  3.415438097442E-20 -1.657863360580E-20  1.653438682366E-19 -1.592394549488E-02
  3.200000000000E+01  3.400000000000E+01  1.092131831437E+01 -4.517195500755E-15 -6.054967070530E-02  1.210457968285E+02  3.276443875694E-01  5.761194206208E-01 -3.131747421079E-01 -4.524264404423E-04 -6.620405563598E-01  4.532393971425E+00  6.467123844771E-02 -1.839767273382E-01  1.193054888920E-01 -2.367723057218E-01 -1.639759563287E-03  5.452297990533E-05 -7.667424584016E-06 -5.174177329600E-07  7.020535016167E-01 -5.452298010123E-05  5.204362889889E-03  5.116213983883E-20 -2.821214041028E-21  1.292280033897E-19 -1.399205989802E-02
  3.600000000000E+01  3.800000000000E+01  1.108810745339E+01 -9.558716809975E-15 -5.892981764187E-02  1.246992507193E+02  3.347869526928E-01  5.725622887301E-01 -3.137911283771E-01 -3.911212360278E-04 -6.555931798116E-01  4.378073764967E+00  5.827385927810E-02 -1.721569743619E-01  1.138831150837E-01 -2.112901268578E-01 -2.267784425876E-03  4.102542270409E-05 -7.344894692735E-06 -1.730028121000E-05  6.335622768191E-01 -4.102542262370E-05  6.615839266492E-03  5.474305937337E-20 -2.577971147962E-20  1.293946299816E-19 -1.250315902310E-02
  4.000000000000E+01  4.200000000000E+01  1.123821563345E+01 -1.196528625601E-14 -5.717169902231E-02  1.280365467452E+02  3.404186471947E-01  5.687861516418E-01 -3.135220106085E-01 -2.780163935365E-04 -6.458367768907E-01  4.233823037922E+00  5.313974025426E-02 -1.613628050669E-01  1.082230648129E-01 -1.891479488104E-01 -2.124629753695E-03  5.796306529629E-05 -1.090397772451E-05 -8.152082274456E-06  5.788868051990E-01 -5.796306545825E-05  6.892493345570E-03  2.296671517445E-20  7.383356498463E-22  1.289008571206E-19 -1.131390698469E-02
  4.400000000000E+01  4.600000000000E+01  1.137751326646E+01 -1.071582810911E-14 -5.549350918271E-02  1.311768602902E+02  3.449003315255E-01  5.650522714007E-01 -3.133534993744E-01 -2.036959425148E-04 -6.352928660212E-01  4.110318959910E+00  4.903953167390E-02 -1.524574371188E-01  1.034179054434E-01 -1.730400353893E-01 -2.230347704230E-03  1.002682828311E-05 -1.550830818653E-05 -9.213214912505E-06  5.346978187041E-01 -1.002682825617E-05  6.475736990899E-03 -6.981740211826E-21 -1.870606183984E-20  7.935708006029E-20 -1.032150128827E-02
  4.800000000000E+01  5.000000000000E+01  1.150561525760E+01 -1.021338309065E-14 -5.406919699668E-02  1.341005519099E+02  3.484784914080E-01  5.603407913086E-01 -3.128787668989E-01 -3.563637352209E-05 -6.266310750956E-01  3.994285723068E+00  4.545621143775E-02 -1.441320658035E-01  9.867585436176E-02 -1.579122005306E-01 -2.061101972120E-03 -3.652787265533E-05 -2.357072238279E-05 -1.110041165348E-05  4.941117228615E-01  3.652787270852E-05  4.804668371762E-03  1.045161645296E-20 -7.138660193438E-21  9.772617029873E-20 -9.465735047574E-03
  5.200000000000E+01  5.400000000000E+01  1.162469424131E+01 -1.279705363668E-14 -5.319077320180E-02  1.368462806322E+02  3.512110958048E-01  5.551301802851E-01 -3.122837596748E-01  5.725220651970E-05 -6.242894754340E-01  3.889052007851E+00  4.205729559224E-02 -1.369676483294E-01  9.491035273658E-02 -1.450849926370E-01 -1.923247997299E-03  4.041456021770E-06 -3.199493656391E-05  1.115341249069E-05  4.603274182661E-01 -4.041456257307E-06  3.090708742225E-03 -4.543801820557E-21 -4.758095333745E-21  7.736563137742E-20 -8.729653598563E-03
  5.600000000000E+01  5.800000000000E+01  1.173570364974E+01 -1.418733858692E-14 -5.249366935654E-02  1.394294937456E+02  3.532687099251E-01  5.494873461757E-01 -3.115702943386E-01  2.123725740461E-04 -6.245491357874E-01  3.791332212812E+00  3.912062857564E-02 -1.306041289454E-01  9.148350037012E-02 -1.344584869896E-01 -2.092776220203E-03 -2.446782315666E-05 -3.406025354854E-05 -2.101391359988E-05  4.326944135004E-01  2.446782330887E-05  3.143145406562E-03 -6.067111840223E-22 -1.032140474939E-20  8.399089676105E-20 -8.130012562964E-03
  6.000000000000E+01  6.200000000000E+01  1.184092089605E+01 -1.301780514981E-14 -5.158923762816E-02  1.419005380680E+02  3.546657016433E-01  5.431166224580E-01 -3.107903809276E-01  2.231263226204E-04 -6.226302521304E-01  3.705871069941E+00  3.637387583688E-02 -1.248741963219E-01  8.850032048562E-02 -1.261302990970E-01 -2.012028794301E-03 -4.220936753223E-05 -3.047009200759E-05 -3.086725668976E-05  4.094036061663E-01  4.220936774130E-05  2.977300286576E-03  4.780290544378E-21  1.111075503854E-20  1.172403028015E-19 -7.643615265641E-03
  6.400000000000E+01  6.600000000000E+01  1.194054096124E+01 -1.166959577292E-14 -5.103425205680E-02  1.442615666434E+02  3.554522458899E-01  5.367692057897E-01 -3.099103653474E-01  3.354082757638E-04 -6.241197093611E-01  3.622018348757E+00  3.394812115431E-02 -1.196583686410E-01  8.571024748578E-02 -1.182041065683E-01 -1.150250350070E-03  3.388382214641E-05 -3.099638780734E-05 -2.122882369880E-05  3.867538383978E-01 -3.388382190577E-05  1.613410603031E-03 -4.911196678206E-20 -3.751018969041E-20  1.416276247987E-19 -7.178260929268E-03
  6.800000000000E+01  7.000000000000E+01  1.203441673171E+01 -1.174141628831E-14 -5.082570557832E-02  1.465046103733E+02  3.558866582750E-01  5.315841097824E-01 -3.089742626421E-01  3.870341859781E-04 -6.285489565643E-01  3.548331597341E+00  3.244329684820E-02 -1.151575474114E-01  8.271425056319E-02 -1.110950135251E-01 -1.015755913689E-03  3.599917661108E-05 -3.270217568273E-05 -2.822897697108E-05  3.652839332988E-01 -3.599917672839E-05  5.975595960728E-04 -8.653921723430E-21 -8.815762519177E-21  1.124629354776E-19 -6.749928179925E-03
  7.200000000000E+01  7.400000000000E+01  1.212316939485E+01 -1.554125838438E-14 -5.076759341163E-02  1.486423060896E+02  3.562676180861E-01  5.268242522566E-01 -3.080479150162E-01  4.703161825280E-04 -6.334676634540E-01  3.476707604070E+00  3.049816748469E-02 -1.106277192853E-01  8.012955179808E-02 -1.045111416380E-01 -4.040010613827E-04 -1.467590852956E-05 -3.029091877158E-05 -2.133436661953E-05  3.477314654399E-01  1.467590855040E-05  7.910012437234E-04 -5.892473961967E-20 -7.752369165273E-21  8.678552927099E-20 -6.351382323408E-03
  7.600000000000E+01  7.800000000000E+01  1.220820474280E+01 -2.267260157107E-14 -5.040849111445E-02  1.507064472983E+02  3.565988557452E-01  5.234058489797E-01 -3.069851986666E-01  5.595465704909E-04 -6.347700825519E-01  3.404960784633E+00  2.840997336149E-02 -1.060857937810E-01  7.767582041611E-02 -9.869737677280E-02 -5.213290359569E-04  1.462537173926E-05 -2.581728426936E-05 -2.245514461506E-05  3.315479128112E-01 -1.462537196165E-05  2.336557793311E-03 -3.017464100601E-20 -5.966541518121E-21  7.121305647487E-20 -5.998672356081E-03
  8.000000000000E+01  8.200000000000E+01  1.228885530813E+01 -2.670397254740E-14 -4.953870288609E-02  1.526787345701E+02  3.567494350368E-01  5.206595740001E-01 -3.058707328520E-01  6.618140921565E-04 -6.283801175867E-01  3.336806018789E+00  2.655093673274E-02 -1.019456902721E-01  7.539475353757E-02 -9.333451667617E-02 -9.042129665308E-04  9.795973416090E-06 -2.056754298324E-05 -3.208769412230E-05  3.159715203302E-01 -9.795973254450E-06  3.374705741096E-03  8.279111096646E-21  6.959878546636E-21  6.845127842294E-20 -5.671285503069E-03
  8.400000000000E+01  8.600000000000E+01  1.236617889514E+01 -3.178682369765E-14 -4.869901203806E-02  1.545816375361E+02  3.567432331416E-01  5.181861155391E-01 -3.047847095771E-01  6.938257704124E-04 -6.210968473472E-01  3.276217730535E+00  2.484621964265E-02 -9.813953862267E-02  7.329331898090E-02 -8.849990667581E-02 -1.057800521965E-03  2.885382500544E-05 -1.669078964379E-05 -4.897280460185E-05  3.037767062180E-01 -2.885382512551E-05  2.810708349916E-03 -2.081327603952E-20 -8.417879348037E-22  9.203229714433E-20 -5.400208797366E-03
  8.800000000000E+01  9.000000000000E+01  1.244084877406E+01 -4.269019920372E-14 -4.817803493609E-02  1.564295910482E+02  3.566451995933E-01  5.164715084145E-01 -3.035607464364E-01  7.499506181333E-04 -6.169199092246E-01  3.222058371365E+00  2.409101188413E-02 -9.537639784269E-02  7.128538595843E-02 -8.427839149435E-02 -7.475464865018E-04  3.823492949990E-05 -1.783665299343E-05 -3.879830116422E-05  2.928631459200E-01 -3.823492947186E-05  5.766103817687E-04 -3.503965134197E-20 -2.582689425231E-20  7.993131224030E-20 -5.148367718356E-03
  9.200000000000E+01  9.400000000000E+01  1.251268387486E+01 -4.877857984429E-14 -4.843421486552E-02  1.582180967302E+02  3.564910317665E-01  5.149370441271E-01 -3.023930661523E-01  8.055062752456E-04 -6.215902514358E-01  3.168461665312E+00  2.294962126636E-02 -9.255671893486E-02  6.960709766835E-02 -8.038763541561E-02 -2.849931326577E-04  1.121322476012E-06 -2.163775741696E-05 -3.163634783481E-05  2.813764389366E-01 -1.121322598447E-06 -6.877693508894E-04 -6.143450632898E-20 -1.370392370029E-20  9.034987717644E-20 -4.890605177384E-03
  9.600000000000E+01  9.800000000000E+01  1.258142075959E+01 -5.220205344381E-14 -4.848991902631E-02  1.599379852933E+02  3.563863572134E-01  5.130632748857E-01 -3.011698263170E-01  9.161420417597E-04 -6.235002359604E-01  3.119412167238E+00  2.188161997823E-02 -8.979006704313E-02  6.790844706532E-02 -7.631586338449E-02 -5.451490417663E-04  1.895816183435E-05 -2.037962816818E-05 -4.028095095116E-05  2.721786464782E-01 -1.895816179796E-05  1.734386205896E-04 -5.739923916114E-20 -5.003967631464E-21  9.433641233362E-20 -4.677849736745E-03
  1.000000000000E+02  1.020000000000E+02  1.264873759317E+01 -6.132320382104E-14 -4.831984431638E-02  1.616304119637E+02  3.564065191543E-01  5.108512696318E-01 -2.999024698560E-01  9.191235474733E-04 -6.218276471581E-01  3.073117484030E+00  2.096826519819E-02 -8.726247795610E-02  6.629421275720E-02 -7.366948553628E-02 -4.983022393040E-04 -6.916281859826E-06 -1.626305406455E-05 -2.651395078195E-05  2.640984447999E-01  6.916281751442E-06  8.008160010848E-04 -1.940192769006E-20 -1.017554417508E-20  5.401550456099E-20 -4.499292846151E-03
  1.040000000000E+02  1.060000000000E+02  1.271356102851E+01 -6.496021385735E-14 -4.808351465100E-02  1.632673261878E+02  3.565646232688E-01  5.082478050574E-01 -2.986222937975E-01  9.565717655358E-04 -6.186741178948E-01  3.021990329354E+00  1.979593028615E-02 -8.456285444374E-02  6.476692415496E-02 -7.011229621087E-02 -2.510847667391E-04 -3.785273975276E-05 -1.459540033308E-05 -5.085327422084E-07  2.546115279134E-01  3.785273984838E-05  3.398565736758E-04 -6.430022158412E-20  2.983592410588E-21  8.030183482270E-20 -4.294586820134E-03
  1.080000000000E+02  1.100000000000E+02  1.277603952819E+01 -6.211902115379E-14 -4.814499824724E-02  1.648508250891E+02  3.567193309638E-01  5.053824085014E-01 -2.972846746381E-01  9.552585205387E-04 -6.192489089602E-01  2.973261275361E+00  1.869891325359E-02 -8.175779208108E-02  6.305887882685E-02 -6.728668558505E-02 -6.292692345398E-05 -3.476295884099E-05 -1.296574203354E-05 -7.624969763300E-06  2.453062622799E-01  3.476295877524E-05 -1.072745972174E-03  1.300036324988E-21 -5.839270169557E-21  9.673955093914E-20 -4.118651209524E-03
  1.120000000000E+02  1.140000000000E+02  1.283618992663E+01 -6.375486582532E-14 -4.861330326122E-02  1.663820349918E+02  3.567250847347E-01  5.021236960757E-01 -2.960466358362E-01  9.381827647984E-04 -6.245880194201E-01  2.928075572040E+00  1.770288845537E-02 -7.934735058881E-02  6.164446213250E-02 -6.455705839842E-02  1.114237540352E-04  4.816405037048E-06 -1.106915849380E-05 -1.248520598563E-05  2.367427293497E-01 -4.816404935326E-06 -1.935046972124E-03 -9.308592638865E-20 -3.340456916271E-21  7.601335467376E-20 -3.951600010243E-03
  1.160000000000E+02  1.180000000000E+02  1.289448519838E+01 -6.484959834754E-14 -4.913551359331E-02  1.678718553171E+02  3.566281861078E-01  4.985561707977E-01 -2.946684150686E-01  9.794686570035E-04 -6.311637325570E-01  2.888827219534E+00  1.697399605004E-02 -7.728828311958E-02  6.031428707019E-02 -6.190713513539E-02  7.567748027354E-05  1.463229613934E-05 -1.318282477093E-05 -1.122623078625E-05  2.294283146153E-01 -1.463229626564E-05 -1.836009043076E-03 -7.406628233454E-20  1.213916818507E-21  6.296228639343E-20 -3.789423852546E-03
  1.200000000000E+02  1.220000000000E+02  1.295093840947E+01 -6.397466454158E-14 -4.956174442639E-02  1.693203984399E+02  3.564802833566E-01  4.950461077032E-01 -2.933309031654E-01  9.702438735023E-04 -6.366332204539E-01  2.851131793535E+00  1.636775128508E-02 -7.548935927821E-02  5.912160799394E-02 -5.939538507943E-02 -1.403235492495E-06 -2.904452043795E-05 -1.700458904624E-05 -1.375966158508E-05  2.215933960159E-01  2.904452045539E-05 -5.977128402023E-04 -3.943797466068E-20 -2.501922679094E-20  7.680768466344E-20 -3.633423511606E-03
  1.240000000000E+02  1.260000000000E+02  1.300522050166E+01 -6.654383583512E-14 -4.945287780565E-02  1.707171447256E+02  3.562470372585E-01  4.917595899237E-01 -2.918916174074E-01  9.671429401455E-04 -6.349712861469E-01  2.813053234334E+00  1.563034931499E-02 -7.370987545058E-02  5.807952613556E-02 -5.687288727265E-02 -7.197188612764E-05 -2.883732239601E-05 -1.876083292096E-05  1.509878720560E-06  2.146119067698E-01  2.883732225046E-05  9.536710685416E-04 -6.084467227245E-20 -2.160916354287E-21  5.855173755405E-20 -3.489072345397E-03
  1.280000000000E+02  1.300000000000E+02  1.305816550416E+01 -6.771101561387E-14 -4.910717912497E-02  1.720853144812E+02  3.559038980275E-01  4.880475484216E-01 -2.905071202616E-01  9.475448282530E-04 -6.301175159152E-01  2.774749120307E+00  1.504318789510E-02 -7.176974307869E-02  5.672655518448E-02 -5.486504135193E-02 -6.082080696410E-05  5.237484669209E-06 -1.846552567858E-05  1.320947424989E-05  2.076639672742E-01 -5.237484443601E-06  9.090436482228E-04 -6.554168891602E-20 -2.250740915685E-21  6.475473949614E-20 -3.355836907206E-03
  1.320000000000E+02  1.340000000000E+02  1.310902718683E+01 -6.747180606471E-14 -4.897424532012E-02  1.734028631488E+02  3.555013190628E-01  4.846093705434E-01 -2.890404346077E-01  9.711145885767E-04 -6.284760895509E-01  2.740690966664E+00  1.458862130447E-02 -7.017242126865E-02  5.558379996371E-02 -5.261190806534E-02 -2.412836322079E-05  1.717123803773E-05 -1.702565097837E-05  3.682924057951E-06  2.007334911632E-01 -1.717123830183E-05  1.248347512749E-03 -5.470554388679E-20 -1.481080103128E-20  3.808368374791E-20 -3.231326921007E-03
  1.360000000000E+02  1.380000000000E+02  1.315856264361E+01 -7.732265695781E-14 -4.845743482212E-02  1.746896014202E+02  3.550532689237E-01  4.809287710613E-01 -2.876009447806E-01  9.751174201038E-04 -6.212805296436E-01  2.706203769101E+00  1.397114684262E-02 -6.873083181712E-02  5.475968497437E-02 -5.074117135969E-02 -5.170512960351E-04  1.071137161001E-05 -1.525640498403E-05 -7.883617627514E-06  1.943532175541E-01 -1.071137139241E-05  3.011664127803E-03 -4.450518023418E-20 -6.723976145019E-21  7.592347331530E-20 -3.110557598702E-03
  1.400000000000E+02  1.420000000000E+02  1.320620422251E+01 -9.089667357918E-14 -4.749345837595E-02  1.759320453249E+02  3.546404180050E-01  4.771078570937E-01 -2.861344014699E-01  9.305080444769E-04 -6.087086453686E-01  2.672653616948E+00  1.352442144930E-02 -6.723549540883E-02  5.371107396086E-02 -4.869930773895E-02 -8.767462625074E-04  3.278656806506E-05 -1.259202725681E-05 -9.017212031375E-07  1.871773176547E-01 -3.278656849940E-05  5.110209122782E-03 -4.291853345996E-20 -2.350165691887E-20  5.240546776971E-20 -2.990292470889E-03
  1.440000000000E+02  1.460000000000E+02  1.325218295609E+01 -9.560253341293E-14 -4.589025017527E-02  1.771355136974E+02  3.543069373111E-01  4.736331962651E-01 -2.846252304011E-01  9.090224074348E-04 -5.879642001374E-01  2.640163990712E+00  1.301999023282E-02 -6.573981818454E-02  5.271982795243E-02 -4.679336042160E-02 -9.971531310047E-04  3.052896039387E-05 -1.072038755048E-05 -3.657143309226E-06  1.801407810383E-01 -3.052896038628E-05  7.674238249171E-03 -7.017777061063E-20 -5.297572942605E-21  8.509493616152E-20 -2.860441468158E-03
  1.480000000000E+02  1.500000000000E+02  1.329630386781E+01 -9.801038655434E-14 -4.361085140531E-02  1.782945882524E+02  3.539481492017E-01  4.711221947333E-01 -2.831048413394E-01  8.434319116372E-04 -5.578808218574E-01  2.605835742341E+00  1.240771998995E-02 -6.426545890222E-02  5.185773891259E-02 -4.477826133717E-02 -1.222108308004E-03 -5.635478734942E-06 -1.075407104650E-05 -2.140128913545E-05  1.730004959537E-01  5.635478583697E-06  9.171315397267E-03 -2.780742490959E-20 -8.551972910971E-21  7.617297868107E-20 -2.730655513940E-03
  1.520000000000E+02  1.540000000000E+02  1.333866918753E+01 -1.001019816806E-13 -4.132404844876E-02  1.794100036586E+02  3.535670630517E-01  4.689542160696E-01 -2.815685448875E-01  7.603622086526E-04 -5.271719289045E-01  2.571653161986E+00  1.159688323959E-02 -6.277793492059E-02  5.118105168075E-02 -4.275222052503E-02 -1.379448674070E-03  2.518883416243E-05 -1.191828979577E-05 -1.596699365291E-05  1.669810067753E-01 -2.518883414100E-05  9.571235701558E-03 -4.135501221718E-20  1.657189569275E-20  7.127851630238E-20 -2.621010430183E-03
  1.560000000000E+02  1.580000000000E+02  1.337980967927E+01 -9.882812725010E-14 -3.885703070403E-02  1.804963109419E+02  3.531530628725E-01  4.671235847404E-01 -2.800198044967E-01  6.595376604471E-04 -4.940678944133E-01  2.539707498245E+00  1.100083828654E-02 -6.127714024746E-02  5.027630196148E-02 -4.113083516944E-02 -1.581904641942E-03  2.973734393790E-05 -1.337316887103E-05  3.454441842089E-06  1.625294589790E-01 -2.973734400995E-05  9.779620197026E-03 -9.893708293041E-20 -1.976080528110E-20  7.059513723017E-20 -2.532009743323E-03
  1.600000000000E+02  1.620000000000E+02  1.341994988144E+01 -9.732323295065E-14 -3.637623572610E-02  1.815602095945E+02  3.527002959132E-01  4.659551108964E-01 -2.784321280796E-01  5.481967389319E-04 -4.604542412623E-01  2.512380024118E+00  1.058691373192E-02 -6.001864311914E-02  4.943172938623E-02 -3.996986430913E-02 -1.585817087787E-03  2.354104135691E-06 -1.374690849069E-05  1.420089621728E-05  1.579139520164E-01 -2.354104074423E-06  9.924553061666E-03 -9.381695034335E-20 -1.140876234691E-20  4.665758648604E-20 -2.459241154553E-03
  1.640000000000E+02  1.660000000000E+02  1.345878343466E+01 -9.387195679343E-14 -3.380674517065E-02  1.825921112577E+02  3.522392671717E-01  4.648103155598E-01 -2.768318015393E-01  4.257506413322E-04 -4.255532628950E-01  2.488973769715E+00  1.035175548952E-02 -5.898903597245E-02  4.863728048316E-02 -3.878727987683E-02 -1.641184999978E-03 -5.328119468713E-07 -1.416788379762E-05  1.649273953678E-05  1.530979109998E-01  5.328119568822E-07  1.022848641413E-02 -6.277363337833E-20  5.877562905584E-21  4.267162658643E-20 -2.389786755467E-03
  1.680000000000E+02  1.700000000000E+02  1.349652143067E+01 -8.831411022041E-14 -3.122182095427E-02  1.835964727241E+02  3.517670391264E-01  4.635459263184E-01 -2.752195755578E-01  2.924320419112E-04 -3.904413788210E-01  2.462456777829E+00  9.960478042288E-03 -5.795889609921E-02  4.799841805691E-02 -3.751684114015E-02 -1.467708782848E-03  5.248637125236E-06 -1.570006221938E-05  1.605102966637E-05  1.489774240894E-01 -5.248637058055E-06  1.039441717747E-02 -5.739969323701E-20 -2.393544772926E-20  5.770224414262E-20 -2.305853766595E-03
  1.720000000000E+02  1.740000000000E+02  1.353327950417E+01 -8.595983994053E-14 -2.861106657296E-02  1.845779668937E+02  3.512569902377E-01  4.623817014817E-01 -2.735965518501E-01  1.905512432978E-04 -3.549690229087E-01  2.436135288286E+00  9.561510803833E-03 -5.681997017272E-02  4.725845936934E-02 -3.622279001622E-02 -1.465102618176E-03 -9.435657683509E-06 -1.688104245287E-05  2.244877460606E-05  1.435725472176E-01  9.435657678488E-06  1.090704124817E-02 -4.815320942957E-21 -1.544949187656E-20  7.469641649388E-20 -2.221521197286E-03
  1.760000000000E+02  1.780000000000E+02  1.356827475100E+01 -8.386514356237E-14 -2.576327012656E-02  1.855142233509E+02  3.506628911298E-01  4.607925690926E-01 -2.719372418224E-01  6.352236435189E-05 -3.165792402338E-01  2.413938386711E+00  9.190089253718E-03 -5.596104654867E-02  4.677095729474E-02 -3.477127588263E-02 -1.665405041739E-03 -1.382273739962E-05 -1.593853652270E-05  2.400562098594E-05  1.383240912028E-01  1.382273746194E-05  1.172639000367E-02 -5.608927025903E-20  1.587563732464E-21  5.814961513681E-20 -2.139240975640E-03
  1.800000000000E+02  1.820000000000E+02  1.360241916312E+01 -7.871510344579E-14 -2.272597483347E-02  1.864294462714E+02  3.500966200614E-01  4.590920991075E-01 -2.703576746947E-01 -5.180225794274E-05 -2.756297286414E-01  2.393305395807E+00  9.109675864684E-03 -5.513923644500E-02  4.602956058048E-02 -3.378830871824E-02 -1.755384276454E-03  9.505856924599E-06 -1.410150218648E-05  1.080511860586E-05  1.347922985611E-01 -9.505856964137E-06  1.162714197315E-02 -3.386287995857E-20 -1.468892791423E-20  6.238253094576E-20 -2.081316636870E-03
  1.840000000000E+02  1.860000000000E+02  1.363571949595E+01 -7.434842209479E-14 -1.993957876570E-02  1.873238537303E+02  3.495290731114E-01  4.571890578726E-01 -2.686676215854E-01 -2.063161935751E-04 -2.376140256199E-01  2.370206992005E+00  8.818756771315E-03 -5.424728220695E-02  4.542852543572E-02 -3.272594057148E-02 -1.615683707129E-03  7.405903120690E-06 -1.490125636971E-05  2.096196565841E-05  1.300269847429E-01 -7.405903084073E-06  1.090951777152E-02 -1.883791069714E-20 -2.215767931633E-21  7.110599787004E-20 -2.003130625282E-03
  1.880000000000E+02  1.900000000000E+02  1.366742980258E+01 -7.101507084930E-14 -1.724184920570E-02  1.881787775096E+02  3.488770104788E-01  4.557768489238E-01 -2.670955936784E-01 -3.252488373624E-04 -2.010134726230E-01  2.349898044356E+00  8.530511697081E-03 -5.343201314690E-02  4.490150144980E-02 -3.137905502011E-02 -1.681693864295E-03 -8.301335932731E-06 -1.626658033407E-05  1.328040457897E-05  1.267501709125E-01  8.301335922285E-06  1.108807061603E-02  8.139247182459E-21 -1.652053179719E-21  4.541761647226E-20 -1.936302905625E-03
  1.920000000000E+02  1.940000000000E+02  1.369903562976E+01 -6.671071623351E-14 -1.436291021032E-02  1.890319975009E+02  3.481531932425E-01  4.537458740232E-01 -2.654078457815E-01 -4.618799052858E-04 -1.622573420927E-01  2.328869926268E+00  8.185439659842E-03 -5.241942392468E-02  4.423398426316E-02 -3.063481627385E-02 -1.836633311891E-03  3.477466452630E-06 -1.504038834713E-05  2.180056203207E-06  1.246345499997E-01 -3.477466424750E-06  1.107185629073E-02 -2.651561194291E-20 -1.412112281785E-20  3.904350593114E-20 -1.881639799887E-03
  1.960000000000E+02  1.980000000000E+02  1.372977292348E+01 -6.271662500677E-14 -1.170089772197E-02  1.898645521947E+02  3.474344016383E-01  4.517393430716E-01 -2.639286551682E-01 -6.581051816957E-04 -1.262741348305E-01  2.308169835551E+00  7.979663035830E-03 -5.154938542836E-02  4.356972239258E-02 -2.954700718765E-02 -1.915244543261E-03  5.530913548980E-06 -1.527099973903E-05  9.904030973611E-06  1.221112547651E-01 -5.530913490918E-06  9.936835953102E-03 -7.097536785687E-20  5.206147111257E-22  6.042568074757E-20 -1.820865385276E-03
  2.000000000000E+02  2.020600000000E+02  1.376017496030E+01 -5.891681355748E-14 -9.382432139877E-03  1.906891809883E+02  3.466833330922E-01  4.501316666926E-01 -2.621863076274E-01 -8.274334705802E-04 -9.464452782479E-02  2.286950355595E+00  7.241067667394E-03 -4.967196604829E-02  4.243089838168E-02 -2.880849161637E-02 -1.628547307892E-03 -5.455648864112E-06 -1.985208036799E-05  5.405620323575E-06  1.178312599726E-01  5.455648937648E-06  1.023799118890E-02 -5.829615702693E-20 -1.956073611623E-20  6.325263886033E-20 -1.781778946344E-03
  2.041200000000E+02  2.062418000000E+02  1.379044099648E+01 -5.469519802348E-14 -6.443789061338E-03  1.915139066293E+02  3.459507205083E-01  4.482953985611E-01 -2.605885179034E-01 -1.025383481275E-03 -5.429451350141E-02  2.270557694639E+00  6.712682670021E-03 -4.790929999429E-02  4.119661732380E-02 -2.827823610413E-02 -1.861594007216E-03 -1.157088467320E-05 -2.309550992047E-05 -8.708409908992E-06  1.134736588833E-01  1.157088460152E-05  1.145865751385E-02 -1.524707669704E-20 -1.961048652035E-21  9.494448890068E-20 -1.737666480464E-03
  2.083636000000E+02  2.105490540000E+02  1.382028197793E+01 -5.134946952599E-14 -3.375605295290E-03  1.923287434509E+02  3.450959789883E-01  4.458466789145E-01 -2.588335505673E-01 -1.259533676839E-03 -1.200445559701E-02  2.252653288552E+00  5.919757470172E-03 -4.591494823117E-02  3.999519076133E-02 -2.731225062976E-02 -1.831199420667E-03  1.037622962723E-05 -2.277542524964E-05 -1.264068314347E-05  1.097247651573E-01 -1.037622928037E-05  1.140920637307E-02  5.636638658290E-21 -1.692659289154E-20  3.079430477153E-20 -1.685276382639E-03
  2.127345080000E+02  2.149855256200E+02  1.385038876833E+01 -4.726721965220E-14 -2.585109125542E-04  1.931527636253E+02  3.441101437114E-01  4.433531862577E-01 -2.571391007813E-01 -1.485165536637E-03  3.152576854100E-02  2.236543108313E+00  5.209261721782E-03 -4.418184172703E-02  3.897258000533E-02 -2.668399982675E-02 -1.828425877042E-03  2.384442235986E-05 -2.270967071400E-05  1.101787422167E-06  1.078568297476E-01 -2.384442250567E-05  1.112398772737E-02 -1.946611110948E-20 -1.515176920985E-21  3.717750072420E-20 -1.655628981534E-03
  2.172365432400E+02  2.195550913886E+02  1.388103393404E+01 -4.223127779192E-14  2.881027172635E-03  1.939926344300E+02  3.430181736585E-01  4.412814529874E-01 -2.552084993871E-01 -1.769490768724E-03  7.616246282109E-02  2.221724713933E+00  4.687397330028E-03 -4.248557265876E-02  3.779817532893E-02 -2.631715150417E-02 -1.628378756114E-03 -6.812789582885E-06 -2.490246641870E-05  1.408315373305E-05  1.061358791266E-01  6.812789687290E-06  1.064688829437E-02 -5.577231065176E-20  3.330570610340E-21  6.464098662426E-20 -1.628105979787E-03
  2.218736395372E+02  2.242617441303E+02  1.391187380483E+01 -4.032796521493E-14  5.913669808569E-03  1.948398898811E+02  3.418007199316E-01  4.391677322850E-01 -2.533889351899E-01 -2.102527451294E-03  1.199710531353E-01  2.209913079191E+00  3.998678537500E-03 -4.079426169311E-02  3.679558315515E-02 -2.579470910271E-02 -1.429632082057E-03 -2.644485018216E-05 -2.454184193304E-05  2.749813586423E-05  1.045436126234E-01  2.644485004686E-05  1.010690206120E-02 -9.098961123288E-22 -9.516849487889E-21  5.803879188929E-20 -1.596658437528E-03
  2.266498487233E+02  2.291095964542E+02  1.394337598724E+01 -4.179815694949E-14  8.922619059536E-03  1.957076083474E+02  3.404817999274E-01  4.368586807270E-01 -2.514040715003E-01 -2.398160752318E-03  1.632803960822E-01  2.198917634945E+00  3.452744263033E-03 -3.917225264681E-02  3.571950838368E-02 -2.541736189596E-02 -1.428120214634E-03 -8.318325838857E-07 -1.996851065696E-05  3.415664655109E-05  1.038908660627E-01  8.318326781035E-07  9.502420842908E-03  8.433542671057E-22 -5.897856531682E-21  7.236262823300E-20 -1.584865279900E-03
  2.315693441850E+02  2.341028843478E+02  1.397576434175E+01 -4.379551987270E-14  1.177131269860E-02  1.966006440186E+02  3.391213342613E-01  4.343284175351E-01 -2.494776990757E-01 -2.779894545111E-03  2.045353224827E-01  2.185800544843E+00  2.730049387147E-03 -3.715361862453E-02  3.442356923696E-02 -2.527144400315E-02 -1.261835275854E-03  2.376371693594E-06 -1.864446792088E-05  3.874814745744E-05  1.015772295996E-01 -2.376371752234E-06  9.176502048448E-03 -2.606871846377E-20  1.118142665512E-20  4.232010081451E-20 -1.565450483224E-03
  2.366364245106E+02  2.392459708782E+02  1.400775840604E+01 -4.513802873141E-14  1.472538399801E-02  1.974842261924E+02  3.377531863262E-01  4.311861156524E-01 -2.473939249665E-01 -3.084579106429E-03  2.464080660117E-01  2.169020130795E+00  1.920044053797E-03 -3.529044578610E-02  3.337040173303E-02 -2.460973949741E-02 -1.273022496727E-03 -3.907826214262E-06 -2.139387450654E-05  2.416003485281E-05  9.794834103717E-02  3.907826163567E-06  8.355063725412E-03  4.466698723397E-21 -1.926983054979E-20  3.479670369127E-20 -1.511134502394E-03
  2.418555172459E+02  2.445433500046E+02  1.403966486906E+01 -4.598557241016E-14  1.717351012762E-02  1.983668449524E+02  3.364259913849E-01  4.285555714184E-01 -2.453839270238E-01 -3.498414474999E-03  2.813960352971E-01  2.156403320250E+00  1.201073906060E-03 -3.339746903666E-02  3.219639513109E-02 -2.390492303182E-02 -9.834442911966E-04 -1.024805371119E-05 -2.314358844211E-05  1.065640591004E-05  9.572460584992E-02  1.024805365801E-05  6.917535442419E-03  1.630136558863E-20 -3.224817716214E-20  3.063390407550E-20 -1.481028247352E-03
  2.472311827633E+02  2.499996505047E+02  1.407201522163E+01 -4.772676698295E-14  1.932122700062E-02  1.992637929611E+02  3.351215315163E-01  4.253733074924E-01 -2.431249078220E-01 -3.811476710893E-03  3.109077787390E-01  2.147296966035E+00  3.937530485609E-04 -3.154015027215E-02  3.114639722425E-02 -2.353332586397E-02 -8.728206495428E-04  6.538735786718E-07 -2.144684566791E-05  4.350930199099E-06  9.502647584634E-02 -6.538735543153E-07  6.561406304905E-03 -2.094831616021E-20 -3.765619602535E-21  4.070355483380E-20 -1.462496268635E-03
  2.527681182462E+02  2.556196400198E+02  1.410539799858E+01 -5.071151889617E-14  2.168326330681E-02  2.001903380582E+02  3.337080789949E-01  4.218419207478E-01 -2.410384777259E-01 -4.203973899168E-03  3.419893815602E-01  2.136942041687E+00 -3.891032187640E-04 -2.959449860816E-02  2.998360182775E-02 -2.338008877645E-02 -9.069835669078E-04  1.233286355583E-05 -1.899551816783E-05 -1.340263932960E-05  9.394058703801E-02 -1.233286364447E-05  6.587655958701E-03 -2.912800073081E-21 -9.776538143687E-21  2.554959263167E-20 -1.456910272811E-03
  2.584711617935E+02  2.614082292204E+02  1.413900234080E+01 -5.310361525512E-14  2.400099515298E-02  2.011235799209E+02  3.321364988175E-01  4.175375164961E-01 -2.387114093723E-01 -4.579480551765E-03  3.727170235528E-01  2.130077429772E+00 -1.109814841774E-03 -2.752886277520E-02  2.863867761652E-02 -2.322018789230E-02 -8.541880050357E-04  1.348819700000E-05 -1.722928223293E-05 -2.265498170257E-05  9.161432013238E-02 -1.348819697217E-05  6.923417421619E-03 -1.382234493095E-20 -1.047168902848E-20  3.901389902492E-20 -1.444129784391E-03
  2.643452966473E+02  2.673704760971E+02  1.417268298025E+01 -5.333682743155E-14  2.676034510882E-02  2.020605950453E+02  3.303822548034E-01  4.137906092274E-01 -2.364046004416E-01 -5.024044612142E-03  4.104971380316E-01  2.120980126474E+00 -1.821004935477E-03 -2.555071476155E-02  2.737171969662E-02 -2.285425994204E-02 -1.042918611741E-03  1.006148914587E-05 -1.451953935954E-05 -2.751352241945E-05  8.886626309501E-02 -1.006148916109E-05  8.367531340047E-03  3.083083485552E-20 -1.949037178541E-20  4.226827593165E-20 -1.417502026098E-03
  2.703956555468E+02  2.735115903800E+02  1.420620553963E+01 -5.093718444723E-14  3.031991433484E-02  2.029954071706E+02  3.283729368172E-01  4.105991755780E-01 -2.340455059721E-01 -5.414874794691E-03  4.593510090701E-01  2.110659063915E+00 -2.350845207303E-03 -2.335205220440E-02  2.570289741193E-02 -2.261120772973E-02 -1.413483561658E-03  4.979116544397E-06 -1.248161798981E-05 -2.906822324984E-05  8.822904375594E-02 -4.979116505624E-06  8.394919154109E-03 -1.094111621977E-20 -2.174918338433E-20  3.332394958199E-20 -1.413115053694E-03
  2.766275252132E+02  2.798369380914E+02  1.424140963546E+01 -4.764862520749E-14  3.330059323076E-02  2.039777525124E+02  3.261370170441E-01  4.071508441283E-01 -2.314762613165E-01 -5.873041085911E-03  5.007847472295E-01  2.107910124330E+00 -3.025131162895E-03 -2.143251185572E-02  2.445764301839E-02 -2.272826940229E-02 -1.284595488784E-03  2.896738553012E-07 -1.239537575725E-05 -3.891900109933E-05  8.766077723612E-02 -2.896738076896E-07  7.340701448705E-03  1.620914174858E-20 -1.580753923560E-20  4.704813367937E-20 -1.424969071344E-03
  2.830463509696E+02  2.863520462341E+02  1.427654691415E+01 -4.526375397181E-14  3.623505084321E-02  2.049599081280E+02  3.239082119562E-01  4.019577685236E-01 -2.290075937378E-01 -6.411906572266E-03  5.414661940123E-01  2.102304903384E+00 -3.706036620940E-03 -1.945561024224E-02  2.316164686321E-02 -2.282982105233E-02 -1.384919729209E-03 -2.763384817987E-06 -1.396732852232E-05 -4.096685056444E-05  8.704689036305E-02  2.763384806899E-06  8.680429761723E-03  7.566519909678E-21 -1.947241170679E-21  2.681633902696E-20 -1.437571235805E-03
  2.896577414987E+02  2.930626076211E+02  1.431332665788E+01 -4.301231824414E-14  4.051129109301E-02  2.059904984788E+02  3.219031144751E-01  3.974000625167E-01 -2.263367339974E-01 -6.903718331471E-03  6.027324698260E-01  2.098538910629E+00 -4.405405854976E-03 -1.739555310992E-02  2.180095896440E-02 -2.320277927525E-02 -1.768877152486E-03 -8.607692969090E-06 -1.572242495947E-05 -2.898695929483E-05  8.687575315360E-02  8.607693026552E-06  9.568547644902E-03  2.047696759858E-20 -6.618973256431E-21  3.129770485603E-20 -1.442301044089E-03
  2.964674737436E+02  2.999744858498E+02  1.435046265447E+01 -4.164490338225E-14  4.443009325335E-02  2.070338826713E+02  3.201247801084E-01  3.923905325298E-01 -2.237781621435E-01 -7.590531258121E-03  6.598807206192E-01  2.100105645289E+00 -4.843097316865E-03 -1.543853433765E-02  2.028163165438E-02 -2.309229494732E-02 -1.740243841555E-03  2.643589000896E-06 -1.663110496659E-05 -1.508567290721E-05  8.550910889646E-02 -2.643588962727E-06  1.078196218179E-02  3.001881687892E-20 -1.355419363686E-20  2.766977024616E-20 -1.450854112586E-03
  3.034814979559E+02  3.070937204253E+02  1.438828263095E+01 -4.166205459325E-14  5.002087067512E-02  2.081014465972E+02  3.186172042080E-01  3.871313080038E-01 -2.211037646106E-01 -8.099826375549E-03  7.423196251247E-01  2.095120056388E+00 -5.561112990981E-03 -1.330048552862E-02  1.886159851992E-02 -2.318634290464E-02 -2.359546683490E-03  2.270291745220E-06 -1.662309652950E-05  3.121773384086E-06  8.374211890436E-02 -2.270291706242E-06  1.179399639644E-02  8.397994533669E-21  1.827202520120E-20  1.085352539094E-20 -1.438703009194E-03
  3.107059428946E+02  3.144265320380E+02  1.442607261752E+01 -4.170955941740E-14  5.512548158198E-02  2.091676590035E+02  3.171040307915E-01  3.807353293362E-01 -2.183894090097E-01 -8.836483862811E-03  8.203221117213E-01  2.088393817920E+00 -6.008338620798E-03 -1.126597228533E-02  1.727431090605E-02 -2.286052338465E-02 -2.217327586594E-03  2.232764556667E-06 -1.584161467510E-05  1.270180190741E-05  8.095983374204E-02 -2.232764545269E-06  9.720980957017E-03  2.435646374499E-21 -9.631159094918E-21  3.080390713068E-21 -1.420412551881E-03
  3.181471211814E+02  3.219793279992E+02  1.446357073479E+01 -4.036223554456E-14  5.908570774525E-02  2.102301441785E+02  3.154198684255E-01  3.752497446878E-01 -2.155042333481E-01 -9.568161995366E-03  8.820759731378E-01  2.079759925211E+00 -6.513505491631E-03 -9.475152561411E-03  1.598865805311E-02 -2.247149651840E-02 -1.900671302450E-03  9.522554862901E-07 -1.556915402699E-05  9.169370604905E-06  7.755955756911E-02 -9.522553889554E-07  7.372600160105E-03 -8.234122583626E-21 -1.657824255065E-20 -2.319882603823E-20 -1.374167034410E-03
  3.258115348169E+02  3.297587078391E+02  1.450036674980E+01 -3.676182275258E-14  6.217556021312E-02  2.112728321990E+02  3.134982335380E-01  3.691787444781E-01 -2.126182529371E-01 -1.038938196791E-02  9.317045559422E-01  2.071929337670E+00 -7.021852779910E-03 -7.627854460688E-03  1.464970724071E-02 -2.162971696099E-02 -1.429893340790E-03  8.438398366454E-06 -1.650984939526E-05  7.662296169773E-06  7.365942774351E-02 -8.438398378721E-06  6.208835498453E-03 -3.561528900736E-20 -3.463946974372E-20 -7.745371831906E-21 -1.334842406720E-03
  3.337058808614E+02  3.377714690743E+02  1.453624170923E+01 -3.284003740241E-14  6.516730474100E-02  2.122923570254E+02  3.112305745454E-01  3.624543380993E-01 -2.096209932876E-01 -1.121600252873E-02  9.787809173982E-01  2.068598947775E+00 -7.409637835996E-03 -5.917682400974E-03  1.332732023683E-02 -2.102839177118E-02 -1.270091368865E-03  1.056887116308E-05 -1.809857777340E-05  1.455078876261E-05  7.004894273041E-02 -1.056887111841E-05  5.466495557542E-03 -2.078952011464E-20 -2.333698892233E-20  1.199834722168E-20 -1.292781422890E-03
  3.418370572872E+02  3.460246131465E+02  1.457153513332E+01 -3.172080653702E-14  6.769015027718E-02  2.132954684564E+02  3.086852209296E-01  3.560713185327E-01 -2.065389042952E-01 -1.202031068079E-02  1.019699328801E+00  2.071070992399E+00 -7.800793908053E-03 -4.031521656653E-03  1.183231556477E-02 -2.043349207355E-02 -1.027442647372E-03  6.452644527257E-06 -1.980931061173E-05  1.923049808039E-05  6.871786510851E-02 -6.452644525910E-06  3.707504864173E-03  3.382235396819E-20 -3.996541581464E-20 -2.146727916935E-20 -1.284500667336E-03
  3.502121690058E+02  3.545253515409E+02  1.460815157411E+01 -3.248043269529E-14  6.900819607956E-02  2.143405605799E+02  3.059354614839E-01  3.497606035228E-01 -2.032266059352E-01 -1.276197004981E-02  1.043549074291E+00  2.071156699798E+00 -8.174899908630E-03 -2.242321240920E-03  1.041722114942E-02 -2.056069820651E-02 -3.518616971001E-04 -2.602445043524E-06 -2.062163103697E-05  2.375776120243E-05  6.803808329166E-02  2.602445058523E-06  2.018936214275E-03  3.295682364345E-20 -7.398869644369E-21 -3.100389032309E-21 -1.277090029828E-03
  3.588385340760E+02  3.632811120872E+02  1.464485753792E+01 -3.306444470071E-14  6.983350866126E-02  2.153885598997E+02  3.031974122567E-01  3.442908765911E-01 -1.998976528112E-01 -1.342382927645E-02  1.061822544008E+00  2.078794426939E+00 -8.668746586707E-03 -5.659095598391E-04  9.234656146836E-03 -2.031969406935E-02 -2.378690186241E-04  1.661570349430E-06 -2.080564290110E-05  2.803521049137E-05  6.645141716240E-02 -1.661570312327E-06  1.298586757662E-03  5.094472760236E-20 -6.192277114810E-21 -3.669516593527E-20 -1.256376100944E-03
  3.677236900983E+02  3.722995454498E+02  1.468188772803E+01 -3.409126800302E-14  7.044479177481E-02  2.164500568366E+02  3.007619846447E-01  3.394003986434E-01 -1.961535253649E-01 -1.382347037505E-02  1.075858744704E+00  2.090336975022E+00 -9.123980211709E-03  1.348371893124E-03  7.775608318573E-03 -1.998520216354E-02 -1.484229213926E-04  9.126573063415E-07 -2.123393296330E-05  8.491621647705E-06  6.496883613355E-02 -9.126573228267E-07  5.580759333345E-04  1.641295593506E-20 -9.064266091126E-22 -3.240512156224E-20 -1.240539217778E-03
  3.768754008012E+02  3.815885318133E+02  1.471915253800E+01 -3.504041963994E-14  7.043249218001E-02  2.175194754991E+02  2.985762989777E-01  3.358229219332E-01 -1.926768227136E-01 -1.409439324488E-02  1.081805937816E+00  2.105936658273E+00 -9.810004127585E-03  3.195373165942E-03  6.614630961115E-03 -1.973321825302E-02  3.995525319378E-04 -6.267169419501E-06 -2.192605053215E-05 -7.254662710095E-06  6.380825798813E-02  6.267169411683E-06  2.438066450675E-04  2.434697373804E-20 -2.579230900701E-21 -1.989332724089E-20 -1.236409829603E-03
  3.863016628253E+02  3.911561877677E+02  1.475706856684E+01 -3.265309087933E-14  7.068609690016E-02  2.186102852951E+02  2.967463881261E-01  3.338109872259E-01 -1.889434535374E-01 -1.424641399367E-02  1.090175579525E+00  2.116883572832E+00 -1.035953140402E-02  5.032607128013E-03  5.326924275712E-03 -1.980046766790E-02  1.808246771027E-06 -1.439825769115E-05 -2.223896503510E-05  5.302721057286E-06  6.245420851668E-02  1.439825773135E-05  2.797827493599E-03  4.892862858695E-20  3.512802447861E-21 -3.750014610561E-20 -1.228475912982E-03
  3.960107127100E+02  4.010108734007E+02  1.479496084823E+01 -2.991783672653E-14  7.384184210992E-02  2.197015223495E+02  2.949958263013E-01  3.349678607150E-01 -1.853073378194E-01 -1.417668302601E-02  1.139553716837E+00  2.133495756403E+00 -1.059315355737E-02  6.670462321064E-03  3.922691236454E-03 -1.960231406895E-02 -8.619755580990E-04 -1.110124172962E-05 -2.101047149355E-05  1.726983656267E-05  6.181573224345E-02  1.110124177738E-05  4.236672492260E-03  5.677200971168E-20 -9.074172620266E-21 -1.105114128080E-20 -1.235160162229E-03
  4.060110340913E+02  4.111611996027E+02  1.483438213712E+01 -3.310376509950E-14  7.606820412127E-02  2.208387817284E+02  2.930752823542E-01  3.353613813204E-01 -1.814395531890E-01 -1.399209507907E-02  1.175634907675E+00  2.145612697353E+00 -1.073427719965E-02  8.176562282811E-03  2.557714916686E-03 -1.983410235399E-02 -5.502767427881E-04  2.218308513713E-06 -1.733594896989E-05  2.237533631547E-05  6.152793342861E-02 -2.218308570534E-06  2.605936689303E-03  4.045278597084E-20 -6.091369153849E-21 -4.179694330566E-20 -1.247876714382E-03
  4.163113651141E+02  4.216160355908E+02  1.487422093209E+01 -3.854375730620E-14  7.729359080272E-02  2.219942316063E+02  2.907146494543E-01  3.352483069782E-01 -1.777426434649E-01 -1.371607231100E-02  1.196359917479E+00  2.165741097800E+00 -1.075822494511E-02  9.397755241170E-03  1.360469703733E-03 -2.008081742097E-02 -7.724669191429E-04  7.288436491962E-06 -1.356252967534E-05  1.457872378647E-05  6.144281240920E-02 -7.288436510066E-06  2.061436498112E-03  6.980145311323E-20  1.723444599309E-20 -2.554195166438E-20 -1.272944379061E-03
  4.269207060675E+02  4.323845166585E+02  1.491590226249E+01 -4.204438244319E-14  7.885299679855E-02  2.232050271266E+02  2.877902826516E-01  3.341389735551E-01 -1.737785491862E-01 -1.329126546154E-02  1.220968262091E+00  2.183485106313E+00 -1.127601496940E-02  1.074687956463E-02  5.291354042538E-04 -2.051791644356E-02 -6.212878794056E-04  3.628187250305E-07 -9.395071092998E-06  8.515062394120E-06  6.024201980520E-02 -3.628187774536E-07  2.865903798616E-03  4.441364465779E-20 -8.535207728159E-21 -4.932641245424E-20 -1.261036636999E-03
  4.378483272495E+02  4.434760521583E+02  1.495652254254E+01 -4.629073571220E-14  8.124961196255E-02  2.243915885144E+02  2.842644449431E-01  3.337483018015E-01 -1.702014418092E-01 -1.284886715335E-02  1.257097682600E+00  2.208445386665E+00 -1.169490280836E-02  1.203889916206E-02 -3.439963537118E-04 -1.991107000344E-02 -1.129774284078E-03 -6.944172829555E-07 -3.518373905058E-06  1.300832294509E-05  6.035552020135E-02  6.944173206173E-07  1.811550052380E-03  6.955860158622E-20 -2.163088972396E-20 -5.405725976989E-20 -1.270052004951E-03
  4.491037770670E+02  4.549003337230E+02  1.500080141147E+01 -5.188888265821E-14  8.141001522224E-02  2.256917779293E+02  2.796521343020E-01  3.333997638024E-01 -1.664205545763E-01 -1.213781232228E-02  1.258713446458E+00  2.240454408780E+00 -1.183366442851E-02  1.359851577223E-02 -1.764851343455E-03 -2.087624759954E-02 -4.187643264804E-04  1.538147148618E-06  8.171242646074E-07  8.023519160369E-06  6.074196043730E-02 -1.538147237105E-06 -3.574158724425E-04  4.017289436514E-20 -1.458709041403E-20 -7.276097652120E-20 -1.309972760601E-03
  4.606968903790E+02  4.666673437347E+02  1.504450409533E+01 -5.412153075239E-14  8.073575952620E-02  2.269802581929E+02  2.741481959896E-01  3.299855351795E-01 -1.629056047236E-01 -1.189799858331E-02  1.250436733859E+00  2.279326886591E+00 -1.224580297151E-02  1.532644469802E-02 -3.080641726181E-03 -2.094276728851E-02  2.571020399500E-04  3.593665313181E-06  3.056475610297E-06  1.948969793389E-05  5.906209185704E-02 -3.593665332027E-06 -1.793314202993E-03  4.178667430658E-20  7.339616670725E-22 -6.116748761344E-20 -1.307784160718E-03
  4.726377970904E+02  4.787873640468E+02  1.508895815046E+01 -4.980292711796E-14  7.876531654335E-02  2.282920696973E+02  2.683288130515E-01  3.258948868998E-01 -1.593419558346E-01 -1.120819208850E-02  1.221321174043E+00  2.301151308261E+00 -1.223470738878E-02  1.650578413314E-02 -4.271076743822E-03 -2.093003154905E-02  5.839876519360E-04 -2.507158139368E-06  5.210042730748E-06  1.044350264696E-05  5.753725541870E-02  2.507158162156E-06 -3.605786179686E-03  5.133363831873E-20 -2.479693805757E-20 -4.838848993570E-20 -1.291622321126E-03
  4.849369310031E+02  4.912709849682E+02  1.513301682975E+01 -3.950576353319E-14  7.520946716799E-02  2.295976424057E+02  2.628434314207E-01  3.187073464129E-01 -1.560277106846E-01 -1.081047390569E-02  1.167928931196E+00  2.323003648747E+00 -1.256600104089E-02  1.753394822958E-02 -4.967947188055E-03 -2.026999575684E-02  7.479393619290E-04 -8.155803854282E-06  6.048324922743E-06  1.311706134910E-07  5.528160253636E-02  8.155803907018E-06 -5.449903840873E-03  6.208268084443E-20 -1.223821685952E-20 -6.899640798384E-20 -1.253475536402E-03
  4.976050389332E+02  5.041291145172E+02  1.517651422313E+01 -2.246604754082E-14  7.010572752854E-02  2.308918246347E+02  2.581674717529E-01  3.102215808071E-01 -1.524476257552E-01 -1.032893947759E-02  1.090339679599E+00  2.333775438808E+00 -1.311757059543E-02  1.854779550786E-02 -5.430224912748E-03 -1.959391607851E-02  7.649628922779E-04 -5.040695080747E-07  4.285955421127E-06  6.390307383572E-07  4.988282247607E-02  5.040695636935E-07 -8.608012230709E-03  3.679878280475E-20  1.739031896107E-21 -3.332339573063E-20 -1.161971016425E-03
  5.106531901012E+02  5.173729879527E+02  1.521439096781E+01 -9.170553494827E-15  6.111857934131E-02  2.320215029536E+02  2.539374779075E-01  3.000474371819E-01 -1.493011979664E-01 -9.871720532553E-03  9.537930700698E-01  2.355474016992E+00 -1.365827778530E-02  1.954038911545E-02 -5.882111329866E-03 -1.758438140828E-02  1.805688138938E-03  2.562298179208E-06  1.347728252633E-07 -5.519106093770E-06  4.579813460787E-02 -2.562298119363E-06 -1.087578455065E-02  6.584707538627E-20 -1.035460000384E-20 -5.245886112504E-20 -1.091441501649E-03
  5.240927858042E+02  5.310141775913E+02  1.525347322394E+01 -5.793734488118E-15  5.180920184810E-02  2.331874043044E+02  2.497968696650E-01  2.912901754654E-01 -1.457682623203E-01 -9.317090704922E-03  8.138253026546E-01  2.382920809963E+00 -1.393866119403E-02  2.049277752547E-02 -6.554116331674E-03 -1.759225514852E-02  1.769692383458E-03  8.150857019768E-06 -5.105353260296E-06  4.619318278771E-06  4.492112183085E-02 -8.150857003614E-06 -8.041056638545E-03  1.469332049796E-20 -8.744986571031E-22 -7.255691491431E-20 -1.077070650283E-03
  5.379355693784E+02  5.450646029190E+02  1.529212562384E+01 -3.770381720956E-15  4.721364601595E-02  2.343457744257E+02  2.452673358490E-01  2.847603863060E-01 -1.426930915048E-01 -9.032381376712E-03  7.447809865877E-01  2.401588485805E+00 -1.428443918201E-02  2.098695702238E-02 -6.702517839399E-03 -1.641373394725E-02  7.242846652769E-04  2.276452088967E-05 -7.491136105996E-06  1.168412849307E-05  4.002581459850E-02 -2.276452086782E-05 -6.731153083307E-03  3.967032658528E-20 -7.433002569522E-21 -3.121019011724E-20 -9.634547098663E-04
  5.521936364597E+02  5.595365410066E+02  1.532483488264E+01  2.164416233770E-15  3.980653459084E-02  2.353289367559E+02  2.404849278267E-01  2.766531007511E-01 -1.390963039002E-01 -8.456796871325E-03  6.317710586281E-01  2.414135595176E+00 -1.419873720033E-02  2.145453488242E-02 -7.255797682360E-03 -1.434135226248E-02  1.710891033781E-03 -7.487059407692E-09 -7.573838638530E-06  2.884047610543E-06  3.314197104772E-02  7.487067355004E-09 -9.120228939530E-03  4.457674855707E-20  7.147427700921E-21 -1.981217404330E-20 -8.361414821796E-04
  5.668794455535E+02  5.743794455535E+02  1.535300716985E+01  8.870652548736E-15  3.045357375797E-02  2.361777811905E+02  2.362329841979E-01  2.672159721614E-01 -1.353611469654E-01 -7.792965903648E-03  4.883353483038E-01  2.440538737466E+00 -1.452672599472E-02  2.226046702082E-02 -7.733741026163E-03 -1.253898285544E-02  2.468509212068E-03 -8.243621998521E-06 -8.457498581954E-06 -1.919657856711E-05  3.010520955637E-02  8.243622045923E-06 -1.232911838693E-02  4.890951422639E-20 -9.724570170088E-21 -3.341272663084E-20 -7.693828503660E-04
  5.818794455535E+02  5.893794455535E+02  1.538129681379E+01  1.219772662505E-14  1.669286155791E-02  2.370354278919E+02  2.330239402303E-01  2.606677931104E-01 -1.319627443171E-01 -7.254151026357E-03  2.784412337588E-01  2.410831352136E+00 -1.383713242960E-02  2.137658341850E-02 -7.539450988411E-03 -1.193347630606E-02  3.669671676433E-03 -1.292874613537E-05 -9.376978107882E-06 -1.029567693037E-05  2.857896690034E-02  1.292874614173E-05 -1.397788069546E-02  1.468257311855E-20 -3.544179785770E-21 -4.839397387213E-20 -7.025119947700E-04
  5.968794455535E+02  6.043794455535E+02  1.540658435637E+01  1.316945380872E-14  4.237681282326E-03  2.378007101669E+02  2.303836841370E-01  2.541468909976E-01 -1.286596717384E-01 -6.682471823964E-03  8.512774180816E-02  2.390444499201E+00 -1.350508668211E-02  2.123492321881E-02 -7.729836536657E-03 -1.058632344495E-02  3.294816328680E-03 -2.725793954645E-06 -1.094104730095E-05 -7.249730746828E-07  2.610238176702E-02  2.725793979886E-06 -1.351724522438E-02  9.651214460963E-21  7.704115150554E-21 -1.780323968039E-20 -6.562601905653E-04
  6.118794455535E+02  6.193794455535E+02  1.543025799233E+01  1.625807026622E-14 -8.676515537070E-03  2.385168892417E+02  2.280359440216E-01  2.469293803581E-01 -1.252618250848E-01 -6.184323701979E-03 -1.127619589593E-01  2.360419270872E+00 -1.325335790134E-02  2.058116655762E-02 -7.327808656573E-03 -1.063365888769E-02  3.289801132216E-03 -6.476640288779E-06 -1.585550197283E-05  7.250540265139E-06  2.470710249470E-02  6.476640272862E-06 -1.419294121731E-02  2.904355981672E-20  9.436157693611E-22 -3.350049712608E-20 -6.567685235404E-04
  6.268794455535E+02  6.343794455535E+02  1.545292488038E+01  1.870844176915E-14 -2.237971856912E-02  2.392023236511E+02  2.257671908218E-01  2.402367516137E-01 -1.218302967866E-01 -5.859415239852E-03 -3.247948664434E-01  2.333395976246E+00 -1.324736716447E-02  2.003276275360E-02 -6.785395589204E-03 -1.010598643208E-02  3.496412847727E-03 -2.479891140321E-06 -1.948091641354E-05  1.545889602293E-05  2.310346628697E-02  2.479891135709E-06 -1.568946566391E-02  9.273324463598E-21  2.186018527114E-20 -4.277631038885E-20 -6.056242786886E-04
  6.418794455535E+02  6.493794455535E+02  1.547360364404E+01  1.710136669139E-14 -3.804268550813E-02  2.398306332707E+02  2.228751466475E-01  2.346117788508E-01 -1.183532968004E-01 -5.170184829890E-03 -5.673264405083E-01  2.315746461729E+00 -1.292833033139E-02  1.973881285672E-02 -6.810482525452E-03 -9.454729848795E-03  3.680934627650E-03  4.428947779413E-06 -2.335527933180E-05  1.326537889509E-05  2.274843685597E-02 -4.428947812954E-06 -1.571199501032E-02  3.057228331455E-20  1.151597222995E-20 -3.390940391674E-20 -5.957017359715E-04
  6.568794455535E+02  6.643794455535E+02  1.549557291464E+01  1.641203073328E-14 -5.179445251396E-02  2.405005206203E+02  2.198834848780E-01  2.307827549745E-01 -1.144862587821E-01 -5.257183568042E-03 -7.819309483056E-01  2.307299485147E+00 -1.272325831754E-02  1.946800682911E-02 -6.744748511387E-03 -9.635845354302E-03  3.336864101037E-03 -1.381772913884E-06 -2.593346158263E-05  1.661507892922E-05  2.315236743021E-02  1.381772934621E-06 -1.683481700106E-02  4.496837290273E-20  7.904997009572E-21 -4.275061224572E-20 -5.893874391050E-04
  6.718794455535E+02  6.793794455535E+02  1.551697285520E+01  1.896597288942E-14 -6.960557797683E-02  2.411555465950E+02  2.170749592445E-01  2.274032996192E-01 -1.107121326792E-01 -5.043700505091E-03 -1.056922460798E+00  2.285219834140E+00 -1.226242354732E-02  1.894717201149E-02 -6.684748464106E-03 -9.405373442208E-03  3.917753092412E-03  6.188888817656E-06 -2.372219812548E-05  2.130622314973E-05  2.481696939703E-02 -6.188888823840E-06 -1.649184021740E-02  3.735960725620E-20  4.216154149435E-21 -3.083749788807E-20 -6.183058269789E-04
  6.868794455535E+02  6.943794455535E+02  1.554209618363E+01  1.957613122531E-14 -8.269781575964E-02  2.419263747872E+02  2.138090590537E-01  2.225020375615E-01 -1.067234369069E-01 -5.429921517291E-03 -1.257067096561E+00  2.245974518016E+00 -1.196301837618E-02  1.837542074159E-02 -6.412402365110E-03 -1.008674453080E-02  2.968550065229E-03  1.147927306087E-05 -2.236391644528E-05  1.379163136969E-05  2.621321909853E-02 -1.147927306404E-05 -1.374696762786E-02  1.735922622228E-20  1.669034533768E-20 -2.072688187304E-20 -6.053694066891E-04
  7.018794455535E+02  7.093794455535E+02  1.556605479399E+01  1.578815781815E-14 -9.536221802988E-02  2.426611043730E+02  2.095352996508E-01  2.189150331477E-01 -1.024024097051E-01 -5.608729823588E-03 -1.452598936462E+00  2.219920579900E+00 -1.161541957945E-02  1.811861738772E-02 -6.503197808684E-03 -9.393304354195E-03  2.652477671859E-03  1.017544652498E-05 -1.838618475775E-05  1.084961674788E-05  2.497365406916E-02 -1.017544657637E-05 -1.164049715476E-02  1.966338174631E-20 -1.472527604387E-21 -7.377537731254E-21 -5.909841937321E-04
  7.168794455535E+02  7.243794455535E+02  1.558887088316E+01  1.453899963385E-14 -1.045257584919E-01  2.433573497514E+02  2.037928866236E-01  2.171585145401E-01 -9.788896478953E-02 -6.560712516162E-03 -1.593341988814E+00  2.223257340783E+00 -1.138794943366E-02  1.805141602834E-02 -6.663466594341E-03 -9.600780685699E-03  2.157731382839E-03  5.511043991472E-07 -1.448292950213E-05  6.001100645607E-06  2.570379086875E-02 -5.511043865549E-07 -9.678843329544E-03  3.445491540782E-20  1.029531652468E-20 -5.535399743576E-20 -6.073735201937E-04
  7.318794455535E+02  7.393794455535E+02  1.561427552169E+01  1.514660301118E-14 -1.134911590443E-01  2.441355864260E+02  1.964423251375E-01  2.193322022990E-01 -9.334068317502E-02 -6.955533902668E-03 -1.734492967713E+00  2.196525870891E+00 -1.126910642193E-02  1.809603409615E-02 -6.826927674274E-03 -9.867478237682E-03  1.910047955130E-03 -1.833972740887E-06 -1.332248914206E-05 -2.224792464043E-06  2.669508722820E-02  1.833972735170E-06 -6.384986079366E-03  2.288365847615E-20 -1.153123011879E-20 -3.594346025429E-20 -6.188200192911E-04
  7.468794455535E+02  7.543794455535E+02  1.563894153488E+01  1.541545855086E-14 -1.164625275421E-01  2.448902614968E+02  1.879174265886E-01  2.218612576439E-01 -8.854103822010E-02 -8.069843970267E-03 -1.782358988681E+00  2.162517757064E+00 -1.104475446671E-02  1.762189099007E-02 -6.577136523143E-03 -9.908882510625E-03  5.732600750612E-04 -1.195808051641E-06 -1.379002679858E-05 -9.304651998147E-06  2.869932305543E-02  1.195808068833E-06 -4.264597481538E-03 -6.723589430825E-21  1.039956669564E-20 -7.613447498305E-21 -6.380228919560E-04
  7.618794455535E+02  7.693794455535E+02  1.566809210146E+01  1.653459198262E-14 -1.214850529247E-01  2.457896966180E+02  1.787213595051E-01  2.218792574585E-01 -8.402628562907E-02 -8.552214933404E-03 -1.862902851777E+00  2.141644946025E+00 -1.075792916910E-02  1.734169938762E-02 -6.583770218585E-03 -1.046901898150E-02  7.972434816839E-04  2.881235896367E-06 -1.430401608498E-05 -3.493753974902E-06  3.032126520130E-02 -2.881235914817E-06 -3.688486757467E-03  2.716320501518E-20  7.880035285365E-21 -1.270519439507E-20 -6.659178335856E-04
  7.768794455535E+02  7.843794455535E+02  1.569578674367E+01  1.636797627412E-14 -1.234273500085E-01  2.466383816395E+02  1.694950091861E-01  2.221910361803E-01 -7.887899170548E-02 -9.421494587383E-03 -1.899706585499E+00  2.124903334299E+00 -1.074767812528E-02  1.734170576088E-02 -6.594027635516E-03 -1.067069690006E-02  2.503793505469E-04  1.795005820918E-06 -1.209264947360E-05  1.117155943748E-05  3.035053096128E-02 -1.795005832403E-06 -1.606554546296E-03  2.130830142288E-20 -1.452738036667E-20 -9.618320596508E-21 -6.685164750977E-04
  7.918794455535E+02  7.993794455535E+02  1.572499943260E+01  1.657213443441E-14 -1.245295727990E-01  2.475388114555E+02  1.600864575814E-01  2.189377106068E-01 -7.390564068067E-02 -1.010262308087E-02 -1.924493869496E+00  2.089510022604E+00 -1.060528554327E-02  1.707193880054E-02 -6.466653256723E-03 -1.089150554063E-02  1.474996357123E-04 -3.340738871499E-06 -7.758642000087E-06  9.762567820142E-06  3.249022866678E-02  3.340738918061E-06 -1.289971105849E-03  1.527435306980E-20  5.797211112833E-21 -1.343473864156E-20 -6.990865813318E-04
  8.068794455535E+02  8.143794455535E+02  1.575672276783E+01  1.729015657500E-14 -1.258303716538E-01  2.485222857621E+02  1.507862887281E-01  2.163553345260E-01 -6.876564515038E-02 -1.045015232796E-02 -1.951696495424E+00  2.053441590796E+00 -1.049813240988E-02  1.644192407281E-02 -5.943791662667E-03 -1.127662184829E-02 -1.265199019646E-05 -1.264454426028E-05 -5.252519202720E-06  5.137035974604E-06  3.239884661191E-02  1.264454424698E-05  1.810333681011E-03  6.296036209064E-21  1.228623580652E-20 -1.326513573142E-20 -6.886258126443E-04
  8.218794455535E+02  8.293794455535E+02  1.578574087255E+01  1.521916042265E-14 -1.211239517647E-01  2.494224656336E+02  1.415938452536E-01  2.119415979581E-01 -6.350450107989E-02 -1.085026911706E-02 -1.884781577566E+00  2.018093173326E+00 -1.038437588565E-02  1.575309124557E-02 -5.368715360252E-03 -1.055518252891E-02 -1.347933559677E-03 -1.366297000761E-06 -6.694211187547E-06  8.783726885348E-06  3.034106842424E-02  1.366297001811E-06  5.280335240148E-03  6.412021840192E-21 -7.875184953324E-21 -9.526906432077E-21 -6.429711546026E-04
  8.368794455535E+02  8.443794455535E+02  1.581357242972E+01  1.510172976255E-14 -1.159252753193E-01  2.502853411105E+02  1.325685970784E-01  2.073402560012E-01 -5.810059180984E-02 -1.100925270398E-02 -1.809401742136E+00  1.989220467604E+00 -1.021628694600E-02  1.530983480891E-02 -5.093547862841E-03 -1.010062621744E-02 -2.082512804569E-03 -6.582393820555E-06 -8.133054184484E-06  1.083200203472E-05  2.913892701782E-02  6.582393807155E-06  8.850849428816E-03  1.174878797161E-20 -4.971554987092E-21 -1.119721244343E-20 -6.131719993161E-04
  8.518794455535E+02  8.593794455535E+02  1.584033980655E+01  1.919632732575E-14 -1.045308024363E-01  2.511176091165E+02  1.233428294791E-01  2.045800558090E-01 -5.250848312613E-02 -1.099458571282E-02 -1.635943753614E+00  1.947907105287E+00 -9.509436450971E-03  1.447627459995E-02 -4.966838149087E-03 -9.474552263613E-03 -2.576947752820E-03 -5.134196656823E-06 -7.349773551782E-06  5.382543006415E-06  2.731510875239E-02  5.134196668857E-06  1.172206256560E-02  7.932769820390E-22  1.645349935689E-20 -4.690014927194E-20 -5.740547054277E-04
  8.668794455535E+02  8.743794455535E+02  1.586476411291E+01  2.223405015872E-14 -9.396491926172E-02  2.518781393709E+02  1.135435590635E-01  1.995800046936E-01 -4.672253931981E-02 -1.080774356923E-02 -1.475013918958E+00  1.898924315051E+00 -9.036355842652E-03  1.399993544712E-02 -4.963579604587E-03 -8.939408945406E-03 -2.471599361689E-03 -4.759125778737E-06 -5.113284228547E-06  1.271259901660E-06  2.509664078398E-02  4.759125723395E-06  1.405991395929E-02  1.009122994613E-20 -2.197292347857E-21 -1.781520398264E-20 -5.381995013885E-04
  8.818794455535E+02  8.893794455535E+02  1.588740212468E+01  2.121984568673E-14 -7.817278468778E-02  2.525840963591E+02  1.033533265744E-01  1.953706734200E-01 -4.129020045978E-02 -1.044679218658E-02 -1.229178849154E+00  1.861990858253E+00 -8.890756023846E-03  1.373032559584E-02 -4.839569571970E-03 -8.292429322397E-03 -3.263604914370E-03 -5.404040351123E-07 -2.945385146498E-06  5.239756736557E-06  2.138696627583E-02  5.404040388836E-07  1.468643632957E-02  4.705285394131E-21  1.469781993445E-21 -3.264990472054E-20 -4.780748832456E-04
  8.968794455535E+02  9.043794455535E+02  1.590491090117E+01  1.829037876017E-14 -6.640069342740E-02  2.531298366432E+02  9.260480129448E-02  1.922432613606E-01 -3.552348289351E-02 -9.689042546359E-03 -1.046819812956E+00  1.809713795095E+00 -8.460926986330E-03  1.303853972944E-02 -4.577612743362E-03 -6.707073769371E-03 -2.895757663468E-03  3.475736900732E-06 -1.665620550609E-06  5.609684390846E-06  1.815061764466E-02 -3.475736953354E-06  1.237666527879E-02  9.764557604999E-21  8.814645225252E-21 -5.146198872756E-21 -3.886746421060E-04
  9.118794455535E+02  9.193794455535E+02  1.592146895166E+01  1.649563818873E-14 -5.494885489491E-02  2.536463369588E+02  8.162084095819E-02  1.915236926961E-01 -2.990978240504E-02 -8.732367975182E-03 -8.664242494337E-01  1.765609025330E+00 -8.043426732320E-03  1.244730670287E-02 -4.403879970858E-03 -5.880254913529E-03 -2.610612177669E-03  1.780360339699E-06 -2.465459082453E-06  6.960544309306E-06  1.735247625410E-02 -1.780360336260E-06  9.046045764724E-03 -8.450650535740E-21  2.198105240527E-21 -2.631772685634E-20 -3.388309936496E-04
  9.268794455535E+02  9.343794455535E+02  1.593745196128E+01  1.679016590113E-14 -4.946183362885E-02  2.541500052463E+02  7.037646149276E-02  1.926689051867E-01 -2.411931468978E-02 -7.420979032617E-03 -7.814661414398E-01  1.729990767663E+00 -7.630408532352E-03  1.181545646687E-02 -4.185047934516E-03 -5.160298208505E-03 -1.568438414170E-03 -1.482651081384E-06 -2.975974001228E-06  1.044217004239E-05  1.916982514093E-02  1.482651078988E-06  7.673630574412E-03 -2.141321587121E-20  1.346894163396E-20 -3.120398966347E-21 -3.249847010376E-04
  9.418794455535E+02  9.493794455535E+02  1.595741556474E+01  1.582875612989E-14 -4.059305923323E-02  2.547841081594E+02  5.836680848660E-02  1.913977275079E-01 -1.865296536994E-02 -5.973439025977E-03 -6.447756980769E-01  1.717582941128E+00 -7.291182909306E-03  1.145804038642E-02 -4.166857477263E-03 -5.362916195080E-03 -1.679095861596E-03 -1.048648385877E-06 -1.444444926954E-06  4.638918211111E-06  2.379258511041E-02  1.048648403816E-06  1.093488960962E-02 -1.988607786785E-21  2.834518325678E-21 -2.321840575552E-21 -3.626219860560E-04
  9.568794455535E+02  9.643794455535E+02  1.598206318592E+01  1.162925513989E-14 -2.896824934596E-02  2.555708964912E+02  4.470046348228E-02  1.937859681210E-01 -1.318799914568E-02 -4.184454949868E-03 -4.633351073993E-01  1.755596331954E+00 -7.402800522123E-03  1.145438092968E-02 -4.051580407867E-03 -6.063920069244E-03 -2.165226458659E-03  1.037123475714E-06  1.306108707500E-06  3.180113814090E-06  2.682563104707E-02 -1.037123521776E-06  1.791084877209E-02  3.717296956819E-21  4.101780048619E-21 -1.970466901596E-20 -4.049496240840E-04
  9.718794455535E+02  9.793794455535E+02  1.600773659340E+01  5.884370537131E-15 -6.993526326576E-03  2.563993602481E+02  2.746132637524E-02  2.002953615082E-01 -7.763598521827E-03 -2.221955142404E-03 -1.140313897206E-01  1.932022547130E+00 -8.129580165032E-03  1.326097017593E-02 -5.131390011128E-03 -7.287951520609E-03 -4.312658454646E-03 -3.009154169759E-07  2.416765058363E-06  7.416881731866E-06  3.390473118562E-02  3.009154125235E-07  2.601414868253E-02 -1.111970170233E-20  4.095908880597E-21 -1.032794120163E-21 -5.718903580389E-04
  9.868794455535E+02  9.943794455535E+02  1.604566935732E+01  1.342047241566E-15  1.983014247664E-02  2.576429033294E+02  5.622334575728E-03  2.371985478715E-01 -2.138788703655E-03 -6.803493963400E-04  3.177546451098E-01  1.950889895298E+00 -9.252894462430E-03  1.468040458354E-02 -5.427510121029E-03 -1.001991008604E-02 -4.799568937853E-03 -3.755439756734E-07  1.034275095877E-06 -6.245234687892E-06  2.022422123881E-02  3.755439486339E-07  1.430150556221E-02  2.637440093845E-21  3.738450800179E-21  4.992647018800E-21 -3.000385765986E-04
