                   y                  ym                   U                   V                   W                 U^2                 V^2                 W^2                  UV                  VW                  UW                VISC               SFSxx               SFSyy               SFSzz               SFSxy               SFSyz                dUdX                dVdX                dWdX                dUdY                dVdY                dWdY                dUdZ                dVdZ                dWdZ              SFSxym
 -4.000000000000E+00 -2.000000000000E+00  0.000000000000E+00  0.000000000000E+00  0.000000000000E+00  0.000000000000E+00  0.000000000000E+00  0.000000000000E+00  0.000000000000E+00  0.000000000000E+00  0.000000000000E+00  0.000000000000E+00  0.000000000000E+00  0.000000000000E+00  0.000000000000E+00  0.000000000000E+00  0.000000000000E+00  0.000000000000E+00  0.000000000000E+00  0.000000000000E+00  0.000000000000E+00  0.000000000000E+00  0.000000000000E+00  0.000000000000E+00  0.000000000000E+00  0.000000000000E+00  0.000000000000E+00
  2.220446049250E-16  2.000000000000E+00  6.651670713313E+00 -1.086695765202E-15 -9.176096517329E-02  4.707176247071E+01  6.998875419793E-02  9.175645734354E-01 -2.174675067936E-01 -2.409938711110E-03 -6.039200180322E-01  2.552528479911E+00 -4.646000394156E-03  2.752614435231E-02 -2.288014395704E-02 -8.973942053164E+00  9.640111724633E-02 -2.030227873353E-03 -1.553713929504E-04  6.991350074192E-05  3.212374073993E+01  2.030227873388E-03 -3.549288915747E-01  3.878889604221E-20 -2.275573931787E-21  8.376477514917E-21 -5.329287802070E-02
  4.000000000000E+00  6.000000000000E+00  9.410526371191E+00 -2.665467094728E-15 -8.574311586162E-02  9.311633003280E+01  2.919476652207E-01  1.195197899875E+00 -5.474720828261E-01 -4.030136535710E-03 -7.831137416912E-01  7.160434231599E+00  6.283840046844E-01 -4.274210436568E-01 -2.009629610326E-01 -3.292757560243E+00 -4.538471619521E-02  5.876192174913E-04 -2.636160954393E-04 -1.967007149830E-05  7.070590709358E+00 -5.876192175263E-04  2.695784105327E-02  3.601609173092E-20 -1.542658353027E-20  3.522173606418E-20 -1.959607655821E-01
  8.000000000000E+00  1.000000000000E+01  1.018632725642E+01 -1.506743225558E-15 -7.815482104560E-02  1.075494641429E+02  4.030033584592E-01  1.179210789143E+00 -5.228044854914E-01 -3.546292397954E-03 -7.736616909714E-01  7.908520698186E+00  2.777552163434E-01 -5.739041813709E-01  2.961489649981E-01 -1.377733091869E+00 -6.350300145603E-02  3.233788184825E-04 -1.730017868792E-04  3.424749476691E-05  2.993845585840E+00 -3.233788185049E-04  3.453440785825E-02  6.450094964140E-20  8.752768170292E-22  2.638433607036E-20 -8.374056445350E-02
  1.200000000000E+01  1.400000000000E+01  1.090720218713E+01  2.219958881074E-15 -6.843433841973E-02  1.227565190809E+02  4.674902596594E-01  1.173790881933E+00 -5.757848318764E-01 -3.560876691578E-03 -7.265134379994E-01  7.874476039428E+00  2.590775500543E-01 -5.364463653596E-01  2.773688153033E-01 -1.321288813527E+00 -1.832070914522E-02  3.244116160066E-04 -9.431068731780E-05 -5.416664121004E-05  2.438970721607E+00 -3.244116159959E-04  3.643866983995E-02  8.641154752405E-20 -2.648195663497E-20  7.928227696906E-20 -7.083666566097E-02
  1.600000000000E+01  1.800000000000E+01  1.140562788082E+01  5.719516006641E-15 -5.994021617455E-02  1.337133231923E+02  5.124049822128E-01  1.166576059921E+00 -5.755967264385E-01 -3.358904590238E-03 -6.675005043168E-01  7.464940824647E+00  2.121589490031E-01 -4.924075210612E-01  2.802485720506E-01 -9.250926452208E-01 -1.353184679629E-02  2.248507203927E-04 -3.766330768657E-05  5.988654948785E-05  1.859003268480E+00 -2.248507203239E-04  3.155838316575E-02  4.598739512259E-20 -1.392407516691E-20  1.265509768985E-19 -5.304242658563E-02
  2.000000000000E+01  2.200000000000E+01  1.183701944015E+01  7.320489411415E-15 -5.269948210913E-02  1.436910049200E+02  5.472759188697E-01  1.165391453626E+00 -5.908283206436E-01 -3.496560786063E-03 -6.101429563858E-01  7.189790278014E+00  1.915060917474E-01 -4.553006493388E-01  2.637945575866E-01 -7.857762089505E-01 -1.275898477570E-02  5.211464529401E-05 -1.884212210540E-05  7.654714382321E-05  1.557983821102E+00 -5.211464547282E-05  2.631182548915E-02 -1.951444859848E-20  5.407559875973E-21  1.288520512298E-19 -4.434997893802E-02
  2.400000000000E+01  2.600000000000E+01  1.218509540013E+01  7.312094217153E-15 -4.703707399517E-02  1.519891572903E+02  5.752086763033E-01  1.159137166955E+00 -5.923050408158E-01 -3.191628147006E-03 -5.623979678242E-01  6.865831704106E+00  1.662676606306E-01 -4.170191897838E-01  2.507515291576E-01 -6.343486428013E-01 -1.008440684153E-02 -8.626695067555E-05 -2.377313598313E-05 -5.415502689493E-05  1.308324284468E+00  8.626695071603E-05  2.156920439050E-02 -5.939149637911E-20 -2.308130576888E-20  1.226665263088E-19 -3.685290528851E-02
  2.800000000000E+01  3.000000000000E+01  1.249106553679E+01  8.310888435781E-15 -4.206433834233E-02  1.595081234939E+02  5.976380455731E-01  1.155957287010E+00 -5.973208679148E-01 -3.092655652916E-03 -5.160342247703E-01  6.597994113251E+00  1.480786134403E-01 -3.851527117904E-01  2.370740983516E-01 -5.494577227433E-01 -9.275975391089E-03  1.406232478006E-04 -1.860060853113E-05  1.110399836324E-06  1.140381843537E+00 -1.406232475837E-04  1.666965423694E-02  9.188470012280E-20  1.908089028434E-20  1.470597141711E-19 -3.184194049862E-02
  3.200000000000E+01  3.400000000000E+01  1.275507896959E+01  1.011331412134E-14 -3.863746433392E-02  1.661458089274E+02  6.153597651139E-01  1.151357348509E+00 -5.979659344463E-01 -3.009571298586E-03 -4.829744294615E-01  6.354283525146E+00  1.316858152539E-01 -3.575510149017E-01  2.258651996462E-01 -4.703901011044E-01 -6.756907890620E-03  1.386105386536E-04 -2.298156850850E-06  3.098836096597E-05  1.004614830252E+00 -1.386105387799E-04  1.169058208227E-02 -4.694256999924E-21  8.379922416570E-21  1.230815790384E-19 -2.775024264821E-02
  3.600000000000E+01  3.800000000000E+01  1.299357442590E+01  7.194235369471E-15 -3.617846004483E-02  1.722671981542E+02  6.290262442188E-01  1.146553585722E+00 -5.994191810898E-01 -2.739443905788E-03 -4.603256185999E-01  6.138583314407E+00  1.200183097379E-01 -3.341465130610E-01  2.141282033222E-01 -4.191556966892E-01 -5.559770244442E-03  1.422092694137E-04  6.415069823769E-06  9.682941329869E-06  9.055731422423E-01 -1.422092694801E-04  7.833847527639E-03 -4.144139356047E-20 -5.894436045899E-20  1.164153618831E-19 -2.478899834169E-02
  4.000000000000E+01  4.200000000000E+01  1.320800687897E+01  4.265569668316E-15 -3.469577704702E-02  1.778649001649E+02  6.396708476227E-01  1.140645980270E+00 -5.990985998484E-01 -2.648572198727E-03 -4.469412533574E-01  5.933750986119E+00  1.087588733164E-01 -3.126129118376E-01  2.038540385202E-01 -3.749092660082E-01 -4.461443566353E-03  1.751572235536E-05  7.676274211595E-06  3.758937672111E-05  8.254190831855E-01 -1.751572265034E-05  4.558217896580E-03  4.739707164310E-20  2.209529237315E-20  1.520163618950E-19 -2.234476987875E-02
  4.400000000000E+01  4.600000000000E+01  1.340615832674E+01  6.452634433718E-15 -3.388035802397E-02  1.831218146398E+02  6.478933321347E-01  1.133215051969E+00 -5.989232158494E-01 -2.550546960043E-03 -4.407895666009E-01  5.741804725964E+00  9.917399435093E-02 -2.931421292644E-01  1.939681349130E-01 -3.420541578567E-01 -2.967881264293E-03  7.757141596361E-05  1.459855118399E-05  4.211125468302E-05  7.610168768601E-01 -7.757141609027E-05  1.479410029909E-03  1.280574900341E-20  1.028629129118E-21  1.917534126516E-19 -2.045906697189E-02
  4.800000000000E+01  5.000000000000E+01  1.358864866527E+01  1.252984377133E-14 -3.410824612849E-02  1.880305955828E+02  6.540521680089E-01  1.123800622836E+00 -5.980109883708E-01 -2.370019557474E-03 -4.490076719906E-01  5.571429920139E+00  9.240126333163E-02 -2.768035173868E-01  1.844022540520E-01 -3.128291016880E-01 -1.943613406632E-03  1.282869157855E-04  1.649716659304E-05  2.650923879209E-05  7.083360078894E-01 -1.282869156508E-04 -6.985231488626E-04 -1.733980415725E-20 -1.108238015947E-23  1.304526072691E-19 -1.884583885651E-02
  5.200000000000E+01  5.400000000000E+01  1.376043959767E+01  2.329209626099E-14 -3.427769607778E-02  1.927127413766E+02  6.584810910240E-01  1.112176725261E+00 -5.971806764058E-01 -1.992490573675E-03 -4.568795355863E-01  5.412774523923E+00  8.592718993359E-02 -2.617033469950E-01  1.757761570597E-01 -2.904593212702E-01 -1.858014417361E-03 -1.014261972169E-05  1.312503667279E-05  4.345258422034E-05  6.637481947776E-01  1.014261935395E-05  7.757358923489E-06 -4.175168625399E-20  4.040504367865E-20  1.512998741461E-19 -1.743036130785E-02
  5.600000000000E+01  5.800000000000E+01  1.392037310340E+01  3.542827605359E-14 -3.397208694537E-02  1.971262715247E+02  6.615142995088E-01  1.098908025512E+00 -5.960633085482E-01 -1.796782608996E-03 -4.566062526138E-01  5.260211833942E+00  8.015964822146E-02 -2.478285100617E-01  1.676688618380E-01 -2.678911817446E-01 -1.784800122235E-03 -6.394475895158E-07  1.734966624387E-05  2.688300225472E-05  6.185052822997E-01  6.394477953296E-07  1.375547218715E-03 -2.994836320996E-20  3.808637998714E-20  2.143672254220E-19 -1.612037423693E-02
  6.000000000000E+01  6.200000000000E+01  1.406978283517E+01  5.021760148919E-14 -3.351985567746E-02  2.012961354275E+02  6.634476011558E-01  1.084768546433E+00 -5.947797971450E-01 -1.547917608297E-03 -4.526429152142E-01  5.114438790650E+00  7.547354046811E-02 -2.356996821743E-01  1.602261416993E-01 -2.478855065586E-01 -1.683501228942E-03  5.271255795031E-05  1.664660638921E-05  5.531878558727E-05  5.783317119297E-01 -5.271255731055E-05  2.926951213412E-03 -3.198174341775E-20 -4.191582411761E-20  1.802787395584E-19 -1.493058810045E-02
  6.400000000000E+01  6.600000000000E+01  1.420962906747E+01  6.792358342445E-14 -3.237713062133E-02  2.052409931187E+02  6.643826962675E-01  1.071850270175E+00 -5.932200580750E-01 -1.332360383234E-03 -4.401319799497E-01  4.987495641534E+00  7.118536611819E-02 -2.257000476774E-01  1.545146815576E-01 -2.302099300195E-01 -2.747175983733E-03 -1.579997520269E-05  1.041911629438E-05  5.625765801665E-05  5.447148321480E-01  1.579997515280E-05  4.268432283768E-03  1.838494401340E-20 -1.131207785825E-20  1.432666148603E-19 -1.389403503710E-02
  6.800000000000E+01  7.000000000000E+01  1.434187907852E+01  8.566526423411E-14 -3.118782139534E-02  2.090058006359E+02  6.644817648284E-01  1.060253878264E+00 -5.917680637464E-01 -1.177894416163E-03 -4.267737345967E-01  4.871925677196E+00  6.657755202967E-02 -2.158951675133E-01  1.493176154876E-01 -2.154930213289E-01 -2.840583503158E-03 -4.873004613376E-05  1.411354545080E-05  6.440171692530E-06  5.137401308301E-01  4.873004666623E-05  5.779470855166E-03  7.068429722102E-21 -2.494231643735E-21  1.637934825005E-19 -1.299682408092E-02
  7.200000000000E+01  7.400000000000E+01  1.446636206769E+01  9.156262958480E-14 -2.947650150634E-02  2.125808812504E+02  6.640373509207E-01  1.049495354290E+00 -5.901639692755E-01 -1.029279296731E-03 -4.042479385667E-01  4.766197323448E+00  6.180278199921E-02 -2.068654497153E-01  1.450626677190E-01 -2.008814089952E-01 -3.247406371682E-03  4.985061984400E-05  2.232751744042E-05 -2.086494162024E-05  4.843711265352E-01 -4.985061997536E-05  7.333575039957E-03 -1.337853774354E-20 -4.437306794634E-21  2.402923143733E-19 -1.216942397640E-02
  7.600000000000E+01  7.800000000000E+01  1.458409371441E+01  8.571448816922E-14 -2.771711703302E-02  2.159906781384E+02  6.633872414218E-01  1.038887738002E+00 -5.885876094835E-01 -9.742430169687E-04 -3.788434605000E-01  4.661705966982E+00  5.795869568596E-02 -1.985466017139E-01  1.405879060308E-01 -1.886764582735E-01 -2.918246399320E-03  2.778166216930E-05  2.648751901749E-05 -8.515779249250E-06  4.602045607877E-01 -2.778166233462E-05  8.309389313948E-03 -3.755307740821E-20  1.652729490920E-21  9.072929331615E-20 -1.146685452006E-02
  8.000000000000E+01  8.200000000000E+01  1.469641249792E+01  8.196399577572E-14 -2.545125935783E-02  2.192675014912E+02  6.625776925455E-01  1.028957106509E+00 -5.868714045711E-01 -8.852603102974E-04 -3.443556945549E-01  4.562754556725E+00  5.434472622290E-02 -1.908581569537E-01  1.365134307294E-01 -1.777754048708E-01 -2.802621374557E-03  2.749360026082E-05  2.974777768975E-05  2.856268746241E-05  4.389792304895E-01 -2.749360002633E-05  9.743691807319E-03 -7.750684300442E-20 -2.814239453773E-21  1.316675332642E-19 -1.080502172774E-02
  8.400000000000E+01  8.600000000000E+01  1.480371948861E+01  7.765721254706E-14 -2.273574191707E-02  2.224188853996E+02  6.617869717164E-01  1.018944258708E+00 -5.851581409164E-01 -8.160587153382E-04 -3.007825037644E-01  4.468331132886E+00  5.156911183370E-02 -1.840919957729E-01  1.325228839395E-01 -1.676647452843E-01 -3.075416958311E-03  2.112461785797E-05  2.806896836409E-05  4.175875660009E-05  4.182347335716E-01 -2.112461804398E-05  1.151345307838E-02  1.046126844058E-20  6.895597446687E-21  1.335295342407E-19 -1.015681126920E-02
  8.800000000000E+01  9.000000000000E+01  1.490566149331E+01  7.291010995179E-14 -1.957517738792E-02  2.254316824566E+02  6.612109504342E-01  1.009172166386E+00 -5.834375159479E-01 -8.255850277170E-04 -2.504792592124E-01  4.379226024229E+00  4.876422127900E-02 -1.771479860107E-01  1.283837647271E-01 -1.576804200443E-01 -3.259920893751E-03 -6.324032568654E-06  2.146103306833E-05  2.772595052506E-05  3.979353614889E-01  6.324032589782E-06  1.242224687049E-02  3.724508907820E-21  2.193804104949E-20  1.840736700731E-19 -9.559070665523E-03
  9.200000000000E+01  9.400000000000E+01  1.500247067839E+01  7.220062857768E-14 -1.649902848161E-02  2.283109102552E+02  6.607658303587E-01  9.993524493035E-01 -5.817090857592E-01 -7.805342808304E-04 -2.014019623002E-01  4.288971822028E+00  4.570731508210E-02 -1.702236079356E-01  1.245162928522E-01 -1.487640155952E-01 -2.989186536501E-03  3.332846117294E-05  2.078908699877E-05  4.368093650355E-05  3.781451250906E-01 -3.332846122604E-05  1.090259970250E-02  3.719392916187E-20 -1.854964689234E-20  1.813464610994E-19 -9.012314914722E-03
  9.600000000000E+01  9.800000000000E+01  1.509461251786E+01  7.361161969329E-14 -1.404776721555E-02  2.310650189084E+02  6.603144993225E-01  9.898562221496E-01 -5.800054017094E-01 -8.554582529414E-04 -1.641221364873E-01  4.198811140319E+00  4.328361077307E-02 -1.638930183970E-01  1.206094076253E-01 -1.399507879290E-01 -2.484130133341E-03  2.371074442680E-05  2.376230993385E-05  2.597830264188E-05  3.586835445100E-01 -2.371074426895E-05  8.444560993252E-03  3.368940038567E-20 -3.727659377993E-20  1.479485720060E-19 -8.484307434921E-03
  1.000000000000E+02  1.020000000000E+02  1.518187013392E+01  7.599221078791E-14 -1.222262346210E-02  2.336865796877E+02  6.597431151971E-01  9.817564124028E-01 -5.782821602582E-01 -8.010428529945E-04 -1.377087609892E-01  4.120703163748E+00  4.059859522247E-02 -1.581733890679E-01  1.175747938430E-01 -1.318483167389E-01 -2.193827421904E-03 -4.175994425781E-05  2.412540010036E-05 -1.058202487215E-05  3.421396138213E-01  4.175994416016E-05  9.498139795528E-03  9.412564575761E-21  1.921656412633E-20  8.330297777399E-20 -8.029792929482E-03
  1.040000000000E+02  1.060000000000E+02  1.526557205639E+01  7.970413044844E-14 -9.381114737165E-03  2.362136587178E+02  6.592729232933E-01  9.748326219894E-01 -5.764755838691E-01 -7.499165335671E-04 -9.513614033620E-02  4.047213424926E+00  3.809309789874E-02 -1.530903407255E-01  1.149972428253E-01 -1.254440192845E-01 -3.064793027873E-03  3.638303034582E-05  2.772577364766E-05  1.863377790021E-06  3.280824805557E-01 -3.638303003148E-05  1.167247889705E-02  1.553988030537E-20 -4.326829133244E-20  1.387073384064E-19 -7.631811101952E-03
  1.080000000000E+02  1.100000000000E+02  1.534583072005E+01  8.128152260053E-14 -6.452247922413E-03  2.386505814491E+02  6.589729624253E-01  9.690126049283E-01 -5.746977521325E-01 -8.031590311618E-04 -5.030976269841E-02  3.974043957054E+00  3.595181446771E-02 -1.485852924491E-01  1.126334779766E-01 -1.188598245301E-01 -2.937461264617E-03  5.182482456336E-05  3.450281700901E-05  3.960459779199E-05  3.142442499466E-01 -5.182482459499E-05  1.106025695337E-02 -4.457812571370E-20 -4.641786944843E-21  9.340398305583E-20 -7.240519588070E-03
  1.120000000000E+02  1.140000000000E+02  1.542280507249E+01  8.035045372112E-14 -3.756217230171E-03  2.409979224448E+02  6.587273404535E-01  9.636881946360E-01 -5.728897520653E-01 -8.253876060009E-04 -9.201617321505E-03  3.906395295683E+00  3.416262800663E-02 -1.443828949719E-01  1.102202669660E-01 -1.127124112704E-01 -2.692623826231E-03 -1.487799205313E-05  3.561470800371E-05  2.428487919401E-05  3.010344060479E-01  1.487799227889E-05  9.347192312386E-03  1.505419585831E-20 -2.043775548741E-20  9.550660516448E-20 -6.864059584515E-03
  1.160000000000E+02  1.180000000000E+02  1.549643734922E+01  7.826421513183E-14 -1.721955518459E-03  2.432511782046E+02  6.586159169164E-01  9.594631155159E-01 -5.710922585291E-01 -9.057014967954E-04  2.230886236462E-02  3.848366440715E+00  3.277382512996E-02 -1.405314789943E-01  1.077576538641E-01 -1.070682587905E-01 -2.199271711368E-03 -1.642525334875E-05  3.183366289348E-05  3.580533557792E-05  2.867743005486E-01  1.642525320930E-05  7.013407397107E-03 -5.135325576563E-20 -9.745685611401E-21  9.377374917031E-20 -6.515227887043E-03
  1.200000000000E+02  1.220000000000E+02  1.556620144850E+01  7.570462659534E-14 -1.971465690901E-04  2.453909363259E+02  6.587711298562E-01  9.560414332158E-01 -5.693490910907E-01 -9.261626114222E-04  4.621367534781E-02  3.787192835549E+00  3.102857542914E-02 -1.367391143811E-01  1.057105389528E-01 -1.012823234798E-01 -1.814759518373E-03  5.468874165826E-06  2.689236553385E-05  4.476310855379E-05  2.736338683954E-01 -5.468874144449E-06  4.983273283847E-03 -1.217338870922E-20 -1.059880190420E-20  1.296800098738E-19 -6.159517800955E-03
  1.240000000000E+02  1.260000000000E+02  1.563323962899E+01  7.312709234449E-14  8.564487257157E-04  2.474527129781E+02  6.589205896799E-01  9.532389953022E-01 -5.675429084576E-01 -1.046422514231E-03  6.261053573082E-02  3.729342472296E+00  2.937550944538E-02 -1.328386191710E-01  1.034631097265E-01 -9.617219622127E-02 -1.424198053845E-03  4.129366757233E-05  2.238089612550E-05 -3.176530514022E-05  2.645006222840E-01 -4.129366781932E-05  3.844110691949E-03 -3.952316460547E-20 -2.286273993225E-20  1.003144806699E-19 -5.903423908058E-03
  1.280000000000E+02  1.300000000000E+02  1.569846510483E+01  6.611781030082E-14  1.613038165753E-03  2.494643418328E+02  6.587795781038E-01  9.501137160058E-01 -5.656775893454E-01 -1.102724292067E-03  7.468103356040E-02  3.676591407593E+00  2.759707267157E-02 -1.294855761136E-01  1.018885034437E-01 -9.274012909372E-02 -1.045240680376E-03  5.298448057728E-05  1.900730015054E-05 -3.591572451424E-05  2.571664030045E-01 -5.298448040156E-05  2.299412560367E-03 -1.603003875017E-21 -3.561786677176E-20  1.021947941150E-19 -5.685127738477E-03
  1.320000000000E+02  1.340000000000E+02  1.576188670289E+01  5.765071984613E-14  1.852662400775E-03  2.514268575468E+02  6.584499724052E-01  9.476076059025E-01 -5.639329726621E-01 -1.193264273172E-03  7.818191865809E-02  3.626660725712E+00  2.640082277172E-02 -1.264665196530E-01  1.000656968810E-01 -8.903458325539E-02 -4.612273363392E-04  4.622970108630E-05  1.391297528429E-05  2.148220102874E-05  2.489415256317E-01 -4.622970133881E-05  1.125077061134E-03 -7.286575482270E-21 -5.535657801902E-21  1.269137963184E-19 -5.466994474834E-03
  1.360000000000E+02  1.380000000000E+02  1.582292703837E+01  5.373997196319E-14  2.183154188025E-03  2.533218293258E+02  6.581721354866E-01  9.451113877959E-01 -5.620135834156E-01 -1.228576331192E-03  8.298616145716E-02  3.574604462398E+00  2.580976465042E-02 -1.234956051621E-01  9.768584051206E-02 -8.567388882856E-02 -1.755107613191E-05 -6.446661830861E-06  8.665541251320E-06  4.486239073534E-05  2.396073889750E-01  6.446662064136E-06  7.397184685000E-04 -9.529719562329E-21  1.175471787822E-20  6.683116290150E-20 -5.238505967867E-03
  1.400000000000E+02  1.420000000000E+02  1.588162147258E+01  4.993902051146E-14  2.277994366090E-03  2.551506843600E+02  6.580725758180E-01  9.422089579297E-01 -5.602504640179E-01 -1.285778299331E-03  8.346307718447E-02  3.531225301837E+00  2.513434901886E-02 -1.207913144238E-01  9.565696540414E-02 -8.226959955035E-02  2.378455745870E-05 -3.407295400856E-05  7.169263357561E-06  4.050059665645E-05  2.298392582478E-01  3.407295366158E-05  6.927407275020E-04  8.207613242364E-22 -1.622747656074E-20  9.399768803151E-20 -5.028929847122E-03
  1.440000000000E+02  1.460000000000E+02  1.593786501141E+01  4.666755697158E-14  2.553383016531E-03  2.569080341651E+02  6.581569513831E-01  9.394005149137E-01 -5.583918517914E-01 -1.360469893763E-03  8.641957573345E-02  3.490504700286E+00  2.427954467802E-02 -1.181254755941E-01  9.384593091243E-02 -7.869383808400E-02 -2.568282952418E-04 -6.305210332728E-06  6.643793861148E-06  2.133295276633E-05  2.215159767332E-01  6.305210331418E-06  1.228391642438E-03  5.554223914685E-20  5.548609583869E-21  1.312998624304E-19 -4.832220145057E-03
  1.480000000000E+02  1.500000000000E+02  1.599250733316E+01  4.749282737915E-14  2.872701496976E-03  2.586205610325E+02  6.584004505048E-01  9.375948487503E-01 -5.565366053006E-01 -1.429557239363E-03  8.949645517916E-02  3.452833721071E+00  2.306791566751E-02 -1.157433680061E-01  9.267545233625E-02 -7.583069675140E-02 -3.840609397790E-04 -2.524308489329E-05  3.498635140823E-06 -1.798092007084E-05  2.171415675709E-01  2.524308472796E-05  7.294069270008E-04 -9.925810354640E-20 -4.381216977162E-21  9.215870642680E-20 -4.674989011964E-03
  1.520000000000E+02  1.540000000000E+02  1.604640258251E+01  4.564670690044E-14  2.842212985896E-03  2.603128347164E+02  6.588105483094E-01  9.356953249512E-01 -5.547331630523E-01 -1.535351849289E-03  8.592075944590E-02  3.413469346769E+00  2.202447006758E-02 -1.133269647651E-01  9.130249469887E-02 -7.373919348502E-02  5.195027059274E-05 -5.437119472904E-05  3.337022031390E-06 -1.406444108742E-05  2.110015471699E-01  5.437119468711E-05 -2.723900940658E-04 -4.191650824194E-20 -1.656023518055E-20  1.015274232338E-19 -4.492207570974E-03
  1.560000000000E+02  1.580000000000E+02  1.609781412977E+01  4.178845174988E-14  2.702583870449E-03  2.619321035763E+02  6.595331314611E-01  9.335692368471E-01 -5.529333693697E-01 -1.607199234935E-03  7.947235688273E-02  3.372791912537E+00  2.132905406180E-02 -1.109506399886E-01  8.962158592934E-02 -7.029379009539E-02  2.121202197563E-04 -2.499411779569E-05  9.887104665911E-06 -1.189956992867E-05  2.019862566360E-01  2.499411755982E-05 -3.817873759658E-04 -3.478374035291E-20 -6.471949250033E-20  9.792843073381E-20 -4.294269734502E-03
  1.600000000000E+02  1.620000000000E+02  1.614742589721E+01  4.296021755927E-14  2.657481103390E-03  2.635008412045E+02  6.605175603889E-01  9.328207131909E-01 -5.511277225777E-01 -1.622374990096E-03  7.354913889695E-02  3.335439271118E+00  2.050061874621E-02 -1.086489739168E-01  8.814835516948E-02 -6.711300807008E-02  1.432139935939E-04  6.162959756290E-06  1.483454882563E-05 -1.652670985654E-05  1.943858366081E-01 -6.162959673214E-06 -4.081171230976E-04 -9.345815962507E-20 -2.847144256220E-20  1.120139536138E-19 -4.122795760670E-03
  1.640000000000E+02  1.660000000000E+02  1.619520697317E+01  4.270115106416E-14  2.477792866174E-03  2.650166019812E+02  6.616716224413E-01  9.323987626649E-01 -5.492952654363E-01 -1.696725098944E-03  6.417969131842E-02  3.298596504808E+00  1.975584131879E-02 -1.062623517375E-01  8.650651041868E-02 -6.469967859770E-02  1.093384469950E-04 -5.669124068587E-05  1.222776830380E-05 -2.127479428768E-07  1.874398716660E-01  5.669124063871E-05 -1.769461098308E-04 -5.870934344387E-20  3.380856497627E-21  9.626057659983E-20 -3.951593269260E-03
  1.680000000000E+02  1.700000000000E+02  1.624114186370E+01  3.904557001796E-14  2.514418301543E-03  2.664793615349E+02  6.628281306876E-01  9.315390567011E-01 -5.475505877296E-01 -1.681914299623E-03  5.905458910956E-02  3.260589676155E+00  1.893842722615E-02 -1.041582872139E-01  8.521985998789E-02 -6.183419965086E-02 -3.638904238975E-04 -7.967570541724E-05  8.590600409123E-06 -2.315140645481E-05  1.797250565730E-01  7.967570539380E-05  6.577011197604E-04 -5.467748948366E-20 -2.462586778557E-20  5.327544582761E-20 -3.762168064096E-03
  1.720000000000E+02  1.740000000000E+02  1.628493408999E+01  3.795567448302E-14  2.721290196980E-03  2.678776063203E+02  6.638928596329E-01  9.290633195736E-01 -5.456885028620E-01 -1.750727717631E-03  5.731112857482E-02  3.222915357180E+00  1.829194423626E-02 -1.022409581433E-01  8.394901390620E-02 -5.861686313092E-02 -2.198051962849E-04 -4.103791949027E-05  9.658978627644E-06 -1.252596663142E-05  1.716228300108E-01  4.103791932873E-05  8.440412216051E-05 -5.667198173045E-20  7.790700800650E-21  9.052066455619E-20 -3.591129293963E-03
  1.760000000000E+02  1.780000000000E+02  1.632692200850E+01  3.540978332310E-14  2.539545135219E-03  2.692217172308E+02  6.649454137781E-01  9.266233287299E-01 -5.438769251869E-01 -1.709683289441E-03  4.789585708594E-02  3.188216920307E+00  1.752571694072E-02 -1.002963889382E-01  8.277067199739E-02 -5.618259982606E-02 -8.893762107381E-05 -8.257133408878E-06  1.309674244237E-05  1.511120586592E-05  1.652463595039E-01  8.257133303192E-06 -1.584312743774E-03 -2.103343705655E-20  2.342049608568E-20  1.036848469658E-19 -3.441362776545E-03
  1.800000000000E+02  1.820000000000E+02  1.636754711722E+01  3.005800700932E-14  1.970471624541E-03  2.705257203614E+02  6.660029306788E-01  9.237077666386E-01 -5.419918634865E-01 -1.712994791145E-03  3.157733283109E-02  3.158591612189E+00  1.673073449103E-02 -9.830833403257E-02  8.157759954238E-02 -5.403830660197E-02  9.986567437819E-05  2.912945037298E-06  1.625022564525E-05  1.013619459543E-05  1.606967539324E-01 -2.912945212466E-06 -2.907454791291E-03 -6.908841806501E-20 -1.523496554950E-20  9.947595845419E-20 -3.314796147028E-03
  1.840000000000E+02  1.860000000000E+02  1.640724182497E+01  2.652130078051E-14  1.103640786165E-03  2.718032385290E+02  6.671341074891E-01  9.208818624304E-01 -5.401394194559E-01 -1.645242074265E-03  1.043764056355E-02  3.127482235559E+00  1.606096177732E-02 -9.678321960544E-02  8.072225782919E-02 -5.209215139548E-02  9.780040083716E-05 -7.955559891408E-06  1.770303395661E-05 -4.184871311946E-06  1.555084344280E-01  7.955559780396E-06 -3.588989786295E-03 -1.193996463071E-19 -3.549337490809E-20  4.197932723065E-20 -3.180680262258E-03
  1.880000000000E+02  1.900000000000E+02  1.644534959345E+01  2.240681945542E-14  1.933963237621E-04  2.730334930322E+02  6.684596263657E-01  9.181369803432E-01 -5.384045390659E-01 -1.573656123799E-03 -1.185023332871E-02  3.095173524602E+00  1.540147979865E-02 -9.507338346555E-02  7.967190366813E-02 -4.959864093951E-02 -2.095552013178E-05  7.007140180740E-06  1.423169108083E-05  1.692483212322E-05  1.503631319016E-01 -7.007140323577E-06 -4.153796134927E-03 -8.635573793647E-20 -3.418571322924E-20  1.087798843955E-19 -3.065179132504E-03
  1.920000000000E+02  1.940000000000E+02  1.648246641322E+01  1.717954193255E-14 -9.033893876121E-04  2.742317746685E+02  6.699062346174E-01  9.148616377532E-01 -5.364143832644E-01 -1.494097580737E-03 -3.698096671439E-02  3.062494297080E+00  1.491969429824E-02 -9.300821109132E-02  7.808851679123E-02 -4.840751944504E-02  3.019003934353E-05 -3.619358215886E-05  8.022841998659E-06  3.431315486777E-05  1.462387564275E-01  3.619358222601E-05 -4.411168568007E-03 -6.918498967959E-20 -2.923264319169E-20  9.933751387714E-20 -2.974331164765E-03
  1.960000000000E+02  1.980000000000E+02  1.651837416407E+01  1.717169057410E-14 -1.927582760222E-03  2.753935520768E+02  6.713446486001E-01  9.118923307653E-01 -5.346131608019E-01 -1.408841899653E-03 -6.013958168634E-02  3.032237924802E+00  1.423980474134E-02 -9.116447002423E-02  7.692466528321E-02 -4.689867677664E-02 -2.907919360632E-04 -3.898177880390E-05  6.891996334730E-06  7.533695952765E-06  1.426670370937E-01  3.898177878490E-05 -3.377558117656E-03 -4.811942852167E-20 -3.404922063523E-20  6.906704955078E-20 -2.885033415420E-03
  2.000000000000E+02  2.020600000000E+02  1.655372970963E+01  1.811260863516E-14 -2.576095478237E-03  2.765393467536E+02  6.725783990134E-01  9.085310376923E-01 -5.326741676409E-01 -1.320898897018E-03 -7.758323276787E-02  3.005807017143E+00  1.329269278621E-02 -8.838333995771E-02  7.509064717088E-02 -4.543542053371E-02 -1.738085584278E-04  1.007033273022E-05  9.080788938382E-06 -1.194978842119E-05  1.372206910149E-01 -1.007033265907E-05 -2.407689232042E-03 -4.710692175466E-20 -1.843724991772E-20  8.210309586403E-20 -2.810353092259E-03
  2.041200000000E+02  2.062418000000E+02  1.658910444500E+01  1.223024806429E-14 -3.193896565304E-03  2.776896660193E+02  6.738394988435E-01  9.053504579032E-01 -5.306253818340E-01 -1.259662930148E-03 -9.411647755971E-02  2.989162275497E+00  1.231369412266E-02 -8.570985782270E-02  7.339616369990E-02 -4.430926427485E-02 -3.162095576443E-04  6.626696861496E-06  9.413749051754E-06 -5.318191228237E-06  1.318292392569E-01 -6.626697294372E-06 -2.267306954204E-03 -9.505552493444E-20 -1.583851897298E-20  5.437214934407E-20 -2.718357783909E-03
  2.083636000000E+02  2.105490540000E+02  1.662371201288E+01  2.963597538671E-15 -3.777669637980E-03  2.788148146731E+02  6.750937112185E-01  9.012473786572E-01 -5.284808567510E-01 -1.198886741237E-03 -1.091628168985E-01  2.967679865760E+00  1.126763500705E-02 -8.270621588682E-02  7.143858087910E-02 -4.294979217366E-02 -2.590072552890E-07 -2.110977093272E-05  9.200684840507E-06 -2.474209447855E-05  1.255573750065E-01  2.110977139749E-05 -1.912556448559E-03 -2.679116211251E-20 -6.782499274929E-21  4.105712573198E-20 -2.638632752100E-03
  2.127345080000E+02  2.149855256200E+02  1.665769683330E+01 -8.763658201905E-15 -4.239681378642E-03  2.799205345063E+02  6.763582593626E-01  8.960495661181E-01 -5.262530341446E-01 -1.144747755527E-03 -1.214469803723E-01  2.945072117901E+00  9.814386560573E-03 -7.967343865219E-02  6.985905209180E-02 -4.157383106130E-02 -1.404292474564E-04 -1.655484838883E-05  9.424765438454E-06 -4.700006264672E-05  1.203628850059E-01  1.655484786005E-05 -1.914617825082E-03 -2.520799533153E-21 -1.940314637522E-20  4.814069409041E-20 -2.560853167854E-03
  2.172365432400E+02  2.195550913886E+02  1.669137467313E+01 -1.714488736167E-14 -4.898120524292E-03  2.810173337264E+02  6.776933614215E-01  8.901073043203E-01 -5.239299142837E-01 -1.067362626964E-03 -1.359442148369E-01  2.925332831863E+00  8.698282994632E-03 -7.676069150256E-02  6.806240850759E-02 -4.038102224934E-02 -8.718772227107E-05  1.296735306964E-05  1.077479519883E-05 -2.233874044674E-05  1.157358992679E-01 -1.296735297079E-05 -2.761171576728E-03 -3.419566988911E-20 -2.870483979943E-20  6.533818616884E-20 -2.488540240979E-03
  2.218736395372E+02  2.242617441303E+02  1.672470929922E+01 -2.042590055429E-14 -5.844604589229E-03  2.821038370243E+02  6.791191432481E-01  8.846552264279E-01 -5.215579750741E-01 -9.464799774086E-04 -1.550980778623E-01  2.907460550092E+00  7.768447149928E-03 -7.388802173232E-02  6.611957458140E-02 -3.930085837109E-02  1.582293818386E-04  2.817714908475E-05  1.235891809352E-05  3.729867299107E-06  1.111113016235E-01 -2.817714922826E-05 -2.509644941288E-03 -1.129336404053E-19 -8.604982847276E-22  3.831840694996E-20 -2.417956462002E-03
  2.266498487233E+02  2.291095964542E+02  1.675774596602E+01 -2.614475996809E-14 -6.340046470271E-03  2.831799019270E+02  6.806959314146E-01  8.801439188140E-01 -5.190320639469E-01 -8.739240603515E-04 -1.675061006012E-01  2.887727527682E+00  6.602750857025E-03 -7.050655799199E-02  6.390380713464E-02 -3.802518817352E-02 -1.534213626547E-04 -1.048741178530E-05  1.080510145628E-05  8.560717484768E-06  1.064832982964E-01  1.048741187214E-05 -1.197065696158E-03 -8.341859018937E-20 -2.618054470282E-20  5.991345243892E-20 -2.336803921778E-03
  2.315693441850E+02  2.341028843478E+02  1.679020879990E+01 -3.228659238112E-14 -6.551762562172E-03  2.842393880975E+02  6.824217089108E-01  8.761343192496E-01 -5.163960720376E-01 -7.419884324688E-04 -1.751503303696E-01  2.865669325139E+00  5.446937343806E-03 -6.707359773743E-02  6.162666039422E-02 -3.673770604347E-02 -3.346532109299E-04 -2.370564070795E-05  6.503270924809E-06 -5.240761686622E-06  1.011744763745E-01  2.370564064430E-05 -7.828062041636E-04 -9.296304664300E-20 -1.563758207754E-20  6.254388262141E-20 -2.240179122838E-03
  2.366364245106E+02  2.392459708782E+02  1.682179027013E+01 -3.408145120287E-14 -6.856135200527E-03  2.852719676596E+02  6.841537992022E-01  8.729431217747E-01 -5.136307334810E-01 -6.541518990258E-04 -1.837117667445E-01  2.844208139567E+00  4.101124247095E-03 -6.374764252872E-02  5.964651828155E-02 -3.502984106405E-02 -4.398640696157E-04 -5.042473075372E-06  2.307549365541E-06 -1.912283545474E-05  9.619409555254E-02  5.042472906154E-06 -1.674839024045E-03 -3.366466072357E-20  2.484649236056E-21  3.683603170943E-20 -2.151398977156E-03
  2.418555172459E+02  2.445433500046E+02  1.685293968221E+01 -3.012047324521E-14 -7.663280348743E-03  2.862927912229E+02  6.858790569821E-01  8.711026307257E-01 -5.106912096510E-01 -6.453470712769E-04 -2.015457621597E-01  2.824656433356E+00  2.600713931944E-03 -6.020337261555E-02  5.760265868345E-02 -3.392311281433E-02 -6.971820199043E-05 -1.304727480881E-05  2.103086684453E-06  8.289289747792E-07  9.295487971488E-02  1.304727484083E-05 -2.321440091759E-03 -3.434972365400E-20 -1.803270757429E-20  6.110113146730E-20 -2.100428045560E-03
  2.472311827633E+02  2.499996505047E+02  1.688424527394E+01 -2.472046525814E-14 -8.381042476221E-03  2.873217893677E+02  6.877915082122E-01  8.693464646406E-01 -5.075548798885E-01 -4.975660768842E-04 -2.181777635417E-01  2.811950422308E+00  1.239850807042E-03 -5.703019386192E-02  5.579034305357E-02 -3.347557510746E-02 -3.557930260989E-04 -2.036045617025E-05  4.274427371958E-06  2.186668437263E-05  9.037877319967E-02  2.036045627577E-05 -2.505034440221E-03 -8.394131101047E-20 -1.128388854424E-20  3.979709007898E-20 -2.067595311391E-03
  2.527681182462E+02  2.556196400198E+02  1.691552921783E+01 -2.395547649137E-14 -9.338021279443E-03  2.883520668075E+02  6.899735801450E-01  8.666896759315E-01 -5.043394274780E-01 -3.915547540261E-04 -2.387526954711E-01  2.799171076091E+00  2.057919784020E-04 -5.378376377195E-02  5.357797179416E-02 -3.247258700769E-02  5.608212340072E-05 -2.243345873153E-05  4.160082805841E-06  2.353648802534E-05  8.641175904543E-02  2.243345867129E-05 -3.360235864266E-03 -5.868681594646E-20  4.097256926259E-22  3.693915202369E-20 -1.996388366921E-03
  2.584711617935E+02  2.614082292204E+02  1.694585252637E+01 -2.697482515135E-14 -1.075633305048E-02  2.893503385099E+02  6.922471991077E-01  8.644321839554E-01 -5.008251286633E-01 -3.520229999643E-04 -2.674450651440E-01  2.785437756172E+00 -9.949610075303E-04 -5.023317876090E-02  5.122813976881E-02 -3.137310553523E-02  5.244952818023E-04 -2.945511625390E-05  3.342402412414E-06  2.812999241191E-05  8.258514195820E-02  2.945511628519E-05 -4.259114751104E-03 -4.428913076055E-20  2.016509886333E-20  4.182354238103E-20 -1.934366989787E-03
  2.643452966473E+02  2.673704760971E+02  1.697612705671E+01 -2.841642083677E-14 -1.246736366198E-02  2.903505641776E+02  6.944047555730E-01  8.611332398758E-01 -4.973203445151E-01 -3.040935672619E-04 -3.029525730093E-01  2.777902934953E+00 -2.430613675644E-03 -4.695757543567E-02  4.938818911103E-02 -3.056304159758E-02  7.793689506368E-04 -3.280137768661E-06  4.426930348026E-06  4.344098504127E-05  7.939292235921E-02  3.280137789435E-06 -5.526628536000E-03 -6.077412509881E-20  7.125047792725E-21  4.350089053293E-20 -1.887230337287E-03
  2.703956555468E+02  2.735115903800E+02  1.700590084482E+01 -2.386642850942E-14 -1.490604107880E-02  2.913350319745E+02  6.962053478086E-01  8.585274166232E-01 -4.935128814111E-01 -2.202523602205E-04 -3.509038073356E-01  2.772797482206E+00 -3.701529967803E-03 -4.370241421506E-02  4.740394418319E-02 -2.980745527064E-02  1.266368599366E-03  3.058416764641E-06  3.851575918186E-06  3.714264097437E-05  7.507356734970E-02 -3.058416611425E-06 -6.003723758574E-03 -5.373463491586E-20  4.069074448336E-21  4.206186877871E-20 -1.831023141936E-03
  2.766275252132E+02  2.798369380914E+02  1.703462228334E+01 -1.677143493528E-14 -1.710949067377E-02  2.922834936766E+02  6.977418408684E-01  8.546952822821E-01 -4.896010515548E-01 -1.998043803205E-04 -3.951540198248E-01  2.770517982471E+00 -5.045391623589E-03 -4.017382258001E-02  4.521921420381E-02 -2.890587996961E-02  1.472411042389E-03  1.319263865316E-05  3.323086646108E-07  1.401364676225E-05  7.171839282651E-02 -1.319263850341E-05 -6.182822004534E-03 -9.511563942602E-20 -5.810294367990E-20  2.307652633970E-20 -1.784209978728E-03
  2.830463509696E+02  2.863520462341E+02  1.706344898034E+01 -1.653665052115E-14 -1.987491660206E-02  2.932378609028E+02  6.989065360623E-01  8.498483724868E-01 -4.854862974344E-01 -1.007362309667E-04 -4.502218850543E-01  2.768298768764E+00 -6.193708907927E-03 -3.681657081158E-02  4.301027971976E-02 -2.822043572071E-02  1.833985062418E-03  1.300866181709E-05 -1.996809485159E-06  4.885977843154E-06  7.019331845106E-02 -1.300866187772E-05 -6.238829175394E-03 -5.650452107167E-20  2.744320687093E-20  2.146159062195E-20 -1.753191616134E-03
  2.896577414987E+02  2.930626076211E+02  1.709261716524E+01 -2.180088170175E-14 -2.228819847315E-02  2.942077964590E+02  6.994590067586E-01  8.455172195085E-01 -4.810916814902E-01 -4.275321358423E-05 -5.014673292537E-01  2.773257992384E+00 -7.410237221062E-03 -3.339511962169E-02  4.080535684233E-02 -2.773076499744E-02  1.679491194558E-03  3.067198357616E-05 -1.953378008504E-06  1.065411431604E-06  6.800558271531E-02 -3.067198358856E-05 -7.561968215984E-03 -6.471608613077E-20 -1.423653624289E-20  6.482237012054E-21 -1.702091957142E-03
  2.964674737436E+02  2.999744858498E+02  1.712135131638E+01 -2.396848691744E-14 -2.633804992075E-02  2.951660789360E+02  6.994067659005E-01  8.431111295599E-01 -4.766622384776E-01 -8.848327916270E-05 -5.807860776722E-01  2.775416491193E+00 -8.637114142078E-03 -2.982075838990E-02  3.845787253081E-02 -2.668620150649E-02  2.367793988679E-03  3.323763927017E-05 -3.931171533306E-06 -1.395293312314E-05  6.529637612171E-02 -3.323763931674E-05 -1.088564072379E-02 -2.002930647124E-20 -2.328631608973E-20  5.748564275514E-20 -1.653407002878E-03
  3.034814979559E+02  3.070937204253E+02  1.714993465934E+01 -2.060773542552E-14 -3.188931533325E-02  2.961230914073E+02  6.988103186599E-01  8.413336407794E-01 -4.719700641493E-01 -8.747854053228E-05 -6.834275880833E-01  2.785821918786E+00 -9.854745952188E-03 -2.608040638291E-02  3.593515233437E-02 -2.613263209862E-02  3.129602487221E-03 -1.289729714453E-06 -7.436933332775E-06 -1.339391111727E-05  6.334466196431E-02  1.289729746970E-06 -1.313887313104E-02 -6.673762074099E-20 -5.789074798424E-21  2.494512185363E-20 -1.616392865252E-03
  3.107059428946E+02  3.144265320380E+02  1.717853319921E+01 -1.325178161649E-14 -3.826748693128E-02  2.970846583781E+02  6.978357491038E-01  8.401770446491E-01 -4.670839430374E-01 -1.177724312363E-04 -8.002804959412E-01  2.794802507500E+00 -1.119715532755E-02 -2.253123646160E-02  3.372839178948E-02 -2.572455473816E-02  3.506140343322E-03 -9.990908580367E-07 -5.666712014846E-06 -1.515490660836E-06  6.010688323241E-02  9.990909380467E-07 -1.461414326954E-02 -5.941559031440E-20 -8.884087794957E-21  1.841766182706E-20 -1.583549371645E-03
  3.181471211814E+02  3.219793279992E+02  1.720579037646E+01 -5.360711874403E-16 -4.549103150568E-02  2.980056062496E+02  6.964328491397E-01  8.392533289726E-01 -4.618459784483E-01 -1.547225534869E-04 -9.327580643346E-01  2.806069351929E+00 -1.243837666464E-02 -1.901072589277E-02  3.144910255741E-02 -2.501826212341E-02  3.911949635421E-03  1.529050844921E-05 -1.022622995955E-06 -7.964430104642E-07  5.740798453780E-02 -1.529050823811E-05 -1.564524405913E-02 -8.929149058625E-20 -3.797217896947E-20  1.707089729986E-20 -1.552064854432E-03
  3.258115348169E+02  3.297587078391E+02  1.723356966874E+01  1.208420400782E-14 -5.321889332565E-02  2.989435434391E+02  6.946117492558E-01  8.368400637387E-01 -4.566055789603E-01 -1.775974527252E-04 -1.074223323926E+00  2.822718392861E+00 -1.329868514953E-02 -1.592158561177E-02  2.922027076237E-02 -2.468873750693E-02  4.182263183954E-03  3.982747548288E-06  1.970462489463E-06 -2.518217588626E-06  5.697483448737E-02 -3.982747642739E-06 -1.600998865975E-02 -6.506764619057E-20 -2.161185861832E-20  3.895072008913E-20 -1.544475890894E-03
  3.337058808614E+02  3.377714690743E+02  1.726208690757E+01  2.249328963829E-14 -6.125430754823E-02  2.999091226615E+02  6.927429749617E-01  8.368362126985E-01 -4.509230079640E-01 -3.018790998528E-04 -1.220539766492E+00  2.835801622964E+00 -1.450015276069E-02 -1.221458313523E-02  2.671473589639E-02 -2.463649924239E-02  4.218206388225E-03  4.660009713716E-06  4.040173183280E-06 -3.265159528028E-07  5.433409467721E-02 -4.660009601384E-06 -1.743689872518E-02 -8.068689783738E-20 -1.342549984105E-21 -1.360203208478E-20 -1.511666884225E-03
  3.418370572872E+02  3.460246131465E+02  1.728886370718E+01  3.223884585217E-14 -7.094246120473E-02  3.008131461547E+02  6.911826379324E-01  8.346410686035E-01 -4.452316501785E-01 -4.465889525599E-04 -1.395533480365E+00  2.852774173450E+00 -1.549384717796E-02 -8.414001286463E-03  2.390784846476E-02 -2.371088789682E-02  4.880872047701E-03  3.206515412268E-06  3.662312123756E-06  3.828426936165E-06  5.287731335304E-02 -3.206515407757E-06 -1.791694320014E-02 -5.634758313247E-20 -2.366518188784E-20 -5.509575676069E-21 -1.496156500295E-03
  3.502121690058E+02  3.545253515409E+02  1.731749834335E+01  3.838483697560E-14 -8.002729038754E-02  3.017813167000E+02  6.896043554783E-01  8.324844366569E-01 -4.389964554755E-01 -7.879854269065E-04 -1.558562338039E+00  2.879029389516E+00 -1.670608216109E-02 -4.744825134577E-03  2.145090729560E-02 -2.436923678749E-02  4.892249875226E-03  9.779039197918E-06  1.719065166758E-06  1.233290114269E-05  5.526093234323E-02 -9.779039142207E-06 -1.708898521551E-02 -4.209666836493E-20 -4.278552948056E-20 -4.829262942686E-20 -1.547722535096E-03
  3.588385340760E+02  3.632811120872E+02  1.734847191940E+01  4.127165507499E-14 -8.936780003967E-02  3.028304118221E+02  6.877270023164E-01  8.317084457512E-01 -4.329638690738E-01 -8.528863152000E-04 -1.723922929564E+00  2.905836871398E+00 -1.774639014978E-02 -8.338996841239E-04  1.858028983422E-02 -2.524865592680E-02  4.934866358395E-03  4.192592561388E-06 -1.260636856799E-06  1.238529525487E-05  5.734271963128E-02 -4.192592578812E-06 -1.503319615864E-02 -3.622910563378E-20 -2.375337539890E-20  4.332275604705E-20 -1.603134290126E-03
  3.677236900983E+02  3.722995454498E+02  1.738117523970E+01  4.166083450441E-14 -9.671484362418E-02  3.039368114656E+02  6.853824803188E-01  8.354331318598E-01 -4.264158786827E-01 -1.262714863779E-03 -1.855531411088E+00  2.932869589799E+00 -1.887164396143E-02  2.632414696720E-03  1.623922926538E-02 -2.613226829864E-02  3.736825374929E-03  7.204717715760E-06 -5.738026255712E-06  5.168860534058E-06  5.882723724248E-02 -7.204717732046E-06 -1.171548327232E-02 -1.676634186127E-20 -1.625646325169E-20  1.447212937560E-20 -1.663053505467E-03
  3.768754008012E+02  3.815885318133E+02  1.741577596372E+01  4.365059239989E-14 -1.027053849649E-01  3.051119272681E+02  6.822637592743E-01  8.371861886232E-01 -4.198914679821E-01 -1.589695024878E-03 -1.961596343193E+00  2.965237770455E+00 -1.993758064158E-02  6.086949217580E-03  1.385063142433E-02 -2.709696833852E-02  3.246956973444E-03 -8.996746991303E-07 -8.281929312785E-06 -1.267453305668E-07  6.238964002591E-02  8.996746622014E-07 -8.879947990076E-03 -1.094167102230E-19  1.567558215028E-21  1.600089068226E-20 -1.746801159910E-03
  3.863016628253E+02  3.911561877677E+02  1.745468872089E+01  5.061118885097E-14 -1.070987057478E-01  3.064347915212E+02  6.785833855048E-01  8.399033308818E-01 -4.129393240350E-01 -1.983680819873E-03 -2.038044791510E+00  3.005644561716E+00 -2.113177612237E-02  9.744372749209E-03  1.138740337424E-02 -2.887112708663E-02  3.049770652188E-03 -1.331237042663E-05 -1.002267604351E-05  5.173537235531E-07  6.551299300046E-02  1.331237046367E-05 -7.979372362865E-03 -6.252047575862E-20 -3.897734584743E-20 -8.819846529326E-21 -1.862102750076E-03
  3.960107127100E+02  4.010108734007E+02  1.749520896852E+01  5.655276247296E-14 -1.123600873901E-01  3.078101107660E+02  6.744907874965E-01  8.428017794032E-01 -4.061721588281E-01 -2.483364735653E-03 -2.125777597137E+00  3.040213181147E+00 -2.168683635607E-02  1.266761144148E-02  9.019224915101E-03 -3.064346526917E-02  3.412116555812E-03 -2.041533683686E-05 -1.111391254322E-05 -1.228688951828E-05  6.585956292692E-02  2.041533685060E-05 -9.252612012995E-03 -1.993429303573E-20  1.181637962721E-20 -8.036123620164E-21 -1.938249276364E-03
  4.060110340913E+02  4.111611996027E+02  1.753696827147E+01  5.609823254075E-14 -1.186630056031E-01  3.092295092676E+02  6.700671487454E-01  8.484608985865E-01 -3.991189879162E-01 -2.890546861513E-03 -2.230919228835E+00  3.084095366596E+00 -2.268510650880E-02  1.618867403821E-02  6.496432470710E-03 -3.154695056576E-02  4.078610680506E-03 -1.870301558811E-05 -1.052591357044E-05 -3.578581570093E-05  6.846515162353E-02  1.870301556677E-05 -8.371274235051E-03 -5.523744039639E-20  5.190592482592E-21 -9.111567613660E-21 -2.033646105149E-03
  4.163113651141E+02  4.216160355908E+02  1.758341834777E+01  5.349370252317E-14 -1.231516021706E-01  3.108103833460E+02  6.653280781294E-01  8.554386089506E-01 -3.919762227943E-01 -3.382977839342E-03 -2.301937472131E+00  3.134569034360E+00 -2.365810420675E-02  1.947885026614E-02  4.179253941265E-03 -3.382515665160E-02  3.578866521095E-03 -1.114966223425E-05 -9.704940976903E-06 -4.426862570807E-05  7.345638499382E-02  1.114966228629E-05 -6.527406034795E-03 -1.012132232398E-19 -2.029850005192E-20  1.212053457098E-20 -2.198173258362E-03
  4.269207060675E+02  4.323845166585E+02  1.763445900856E+01  4.908107716547E-14 -1.273223596005E-01  3.125616418389E+02  6.603027543782E-01  8.562760353535E-01 -3.845112767827E-01 -4.191314686748E-03 -2.368666549639E+00  3.183423330389E+00 -2.475271826500E-02  2.271821377230E-02  2.034504492247E-03 -3.640743326010E-02  3.541685659760E-03 -1.133424502048E-05 -6.874443637313E-06 -3.525105389733E-05  7.719377539816E-02  1.133424492004E-05 -6.912581712752E-03 -5.704668168811E-20  6.706896820001E-21 -2.089958100710E-20 -2.338200686343E-03
  4.378483272495E+02  4.434760521583E+02  1.768888915004E+01  4.099276011231E-14 -1.325733783265E-01  3.144359841249E+02  6.550226950280E-01  8.579158855835E-01 -3.771274673655E-01 -5.019618223920E-03 -2.457947330603E+00  3.222307383404E+00 -2.588965183672E-02  2.585150683444E-02  3.814500072498E-05 -3.802238618287E-02  3.639861164809E-03 -1.190326437379E-05 -4.423635111684E-07 -2.288450228905E-05  7.833953143724E-02  1.190326436292E-05 -5.137189116671E-03 -7.750419584738E-22 -2.946237946603E-20 -1.713441975787E-20 -2.372581636096E-03
  4.491037770670E+02  4.549003337230E+02  1.774469409390E+01  3.429491875669E-14 -1.345142774535E-01  3.163692599796E+02  6.490242553936E-01  8.601137522319E-01 -3.695596244402E-01 -5.904749342353E-03 -2.487290729192E+00  3.267260793874E+00 -2.684799581802E-02  2.884198295999E-02 -1.993987142523E-03 -3.788076161042E-02  2.326250407774E-03 -3.293482854235E-06  7.759413726456E-06 -1.671991863412E-05  7.774320758701E-02  3.293482743114E-06 -2.450162701495E-03 -3.010445423292E-20 -1.336178015144E-20 -2.324131256644E-20 -2.377510330544E-03
  4.606968903790E+02  4.666673437347E+02  1.780156038076E+01  3.252877596912E-14 -1.360817958650E-01  3.183439496847E+02  6.414460370889E-01  8.580855070736E-01 -3.616193959382E-01 -6.911432053097E-03 -2.508842229260E+00  3.326330936369E+00 -2.777897376133E-02  3.239667419618E-02 -4.617700434996E-03 -3.836341427383E-02  2.207933859349E-03 -2.803733757350E-06  1.624664067022E-05 -6.878453167168E-06  7.544849814574E-02  2.803733702333E-06  4.937107174461E-04 -3.051318856946E-20 -5.492804582568E-21 -9.244428104261E-21 -2.389496707386E-03
  4.726377970904E+02  4.787873640468E+02  1.785730705080E+01  3.885247679136E-14 -1.337613880203E-01  3.202912947434E+02  6.322810614461E-01  8.474635791188E-01 -3.535108561186E-01 -7.484864447053E-03 -2.462909627651E+00  3.393454788885E+00 -2.866047242903E-02  3.529560823137E-02 -6.635135801675E-03 -3.807843311928E-02  8.588996021787E-04  3.699510495636E-06  2.377790052583E-05 -5.038760034898E-07  7.488654439160E-02 -3.699510412104E-06  4.442106268513E-03 -4.246819828071E-20 -1.460305602252E-20 -5.233872489947E-20 -2.401344097758E-03
  4.849369310031E+02  4.912709849682E+02  1.791674024862E+01  4.723749169600E-14 -1.292991840495E-01  3.223781408830E+02  6.224744093925E-01  8.337627099254E-01 -3.447240141271E-01 -8.843278806274E-03 -2.380391141814E+00  3.453408560275E+00 -3.027251467621E-02  3.795389410167E-02 -7.681379425755E-03 -3.864458633832E-02 -5.206498790655E-04  5.055987300777E-06  2.293871351193E-05  8.132585865072E-06  7.143072902046E-02 -5.055987423440E-06  4.635731039251E-03  1.562224605232E-20 -6.996538784734E-21  2.248427602388E-21 -2.337488515883E-03
  4.976050389332E+02  5.041291145172E+02  1.797045973821E+01  5.537929836930E-14 -1.265045450292E-01  3.242694545861E+02  6.118815455706E-01  8.179942024052E-01 -3.361420618948E-01 -9.327994461627E-03 -2.325868246367E+00  3.511829019415E+00 -3.121760974480E-02  4.062252815014E-02 -9.404918404679E-03 -3.609704664087E-02  3.514557662446E-04  2.800189740760E-06  1.618852404524E-05 -4.129394093000E-06  6.943127102731E-02 -2.800189583802E-06  4.498374563904E-03 -3.405193380701E-20  6.544871072269E-21 -4.427678239946E-21 -2.275962802552E-03
  5.106531901012E+02  5.173729879527E+02  1.802994782397E+01  6.248576193505E-14 -1.220445671369E-01  3.263789944071E+02  6.002577423973E-01  8.055544808121E-01 -3.268981078600E-01 -1.048400904824E-02 -2.247055004788E+00  3.580633210566E+00 -3.151679535425E-02  4.293698135996E-02 -1.142018600599E-02 -3.725513265689E-02 -4.156182972381E-04  1.535347869221E-05  1.867950235482E-05 -1.674033884591E-05  7.079551475544E-02 -1.535347871563E-05  3.824651723352E-03 -4.501317507807E-20  1.225927258214E-20 -3.400035253035E-20 -2.341569117063E-03
  5.240927858042E+02  5.310141775913E+02  1.808942287456E+01  5.944691267024E-14 -1.201560008971E-01  3.284914866978E+02  5.882164121270E-01  7.969305111358E-01 -3.175503875497E-01 -1.071568730826E-02 -2.215270200263E+00  3.672451637963E+00 -3.171741950697E-02  4.548403273742E-02 -1.376661323018E-02 -3.794747496887E-02  2.066148594023E-04  5.879604533771E-06  2.437189388066E-05 -2.112498934694E-05  7.361399530682E-02 -5.879604603017E-06  2.067485320871E-03 -2.148305643931E-20  1.753080876808E-20 -3.089827262335E-20 -2.473310991897E-03
  5.379355693784E+02  5.450646029190E+02  1.815744284875E+01  5.165186334199E-14 -1.185017844604E-01  3.309190106243E+02  5.754991365544E-01  7.777909795003E-01 -3.082978938819E-01 -1.155328650332E-02 -2.198293962196E+00  3.773350935963E+00 -3.184135235559E-02  4.821003834227E-02 -1.636868598886E-02 -4.159304226520E-02  2.361011872263E-04  4.593056689379E-06  2.124290481353E-05 -1.174249459152E-05  7.675068491091E-02 -4.593056758030E-06  1.393585318675E-03  3.743928136416E-21 -1.384842712069E-20 -1.961100726553E-20 -2.660643704255E-03
  5.521936364597E+02  5.595365410066E+02  1.822628806999E+01  5.207804789261E-14 -1.176465373352E-01  3.333921331988E+02  5.614571951297E-01  7.613417820107E-01 -2.997379819761E-01 -1.163164180292E-02 -2.188538401621E+00  3.859550481127E+00 -3.279497459016E-02  5.082587998050E-02 -1.803090539022E-02 -4.276060642641E-02  2.131872948838E-04  4.730624510918E-06  1.461446744663E-05 -6.360621046664E-06  7.498480469164E-02 -4.730624495668E-06  2.769465728359E-04 -7.115462153283E-20 -1.439756557645E-20 -1.891731544995E-20 -2.675701336105E-03
  5.668794455535E+02  5.743794455535E+02  1.829512768048E+01  5.730207743489E-14 -1.180006510612E-01  3.358639388100E+02  5.481878930359E-01  7.358609821516E-01 -2.902118478124E-01 -1.203738728150E-02 -2.199984135877E+00  3.906084743013E+00 -3.410220084296E-02  5.251488949498E-02 -1.841268865115E-02 -4.240816958669E-02  4.407516558224E-04  5.534427732749E-06  6.980473141821E-06  3.010483908779E-06  7.032212827085E-02 -5.534427782552E-06  1.149504962088E-03 -3.354879198910E-20 -3.459628581725E-20 -3.850020573944E-20 -2.554764369836E-03
  5.818794455535E+02  5.893794455535E+02  1.835811939193E+01  5.986929239403E-14 -1.155471177710E-01  3.381320233334E+02  5.372196935365E-01  7.066527905196E-01 -2.815347665676E-01 -1.206406617122E-02 -2.159256253724E+00  3.869623176501E+00 -3.410092209134E-02  5.164286303071E-02 -1.754194094001E-02 -3.869745586967E-02 -9.372502996541E-04  9.280618058958E-06  3.541823154583E-06  3.868415622343E-06  6.577749068566E-02 -9.280618058201E-06  4.116675536878E-03 -4.000801234474E-20 -2.706783956806E-20  1.014361940231E-20 -2.337888556029E-03
  5.968794455535E+02  6.043794455535E+02  1.841841113300E+01  6.370417619343E-14 -1.103138251650E-01  3.403083301226E+02  5.274910735731E-01  6.784300224422E-01 -2.722166129786E-01 -1.273182422848E-02 -2.065431756336E+00  3.821545355897E+00 -3.424778003271E-02  5.123358784216E-02 -1.698580780934E-02 -3.655894801595E-02 -2.480050051766E-03  1.120542231828E-06  1.786009722602E-06  1.199689927931E-05  6.339488050398E-02 -1.120542258578E-06  5.009671909624E-03 -4.112604927238E-20 -2.127846740523E-20 -1.620961733120E-20 -2.242946951028E-03
  6.118794455535E+02  6.193794455535E+02  1.847691935386E+01  6.857051038089E-14 -1.061542604778E-01  3.424269044745E+02  5.180292086840E-01  6.507892000327E-01 -2.633252013167E-01 -1.316241483276E-02 -1.991498237555E+00  3.775308185257E+00 -3.347827462885E-02  5.007639627850E-02 -1.659812164993E-02 -3.529687746695E-02 -1.667418875829E-03  5.763970387088E-06  6.467604806414E-07  2.433870153521E-05  6.389113992057E-02 -5.763970377288E-06  1.601415640047E-03 -3.212762978916E-20  9.389511688652E-21 -4.203723158793E-21 -2.215300879022E-03
  6.268794455535E+02  6.343794455535E+02  1.853815136529E+01  6.903361678597E-14 -1.073153329548E-01  3.446514577798E+02  5.081535416611E-01  6.262938917137E-01 -2.538935943925E-01 -1.429396709387E-02 -2.017013129939E+00  3.726681910852E+00 -3.283015043452E-02  4.918362811552E-02 -1.635347768102E-02 -3.594292201079E-02  4.891040615798E-04  1.358471581186E-05  5.542305257939E-06  2.281389088824E-05  6.628602150538E-02 -1.358471576131E-05  1.784426090581E-04 -2.422607315016E-20  9.301990613677E-21 -3.639370505359E-20 -2.270943517989E-03
  6.418794455535E+02  6.493794455535E+02  1.860123341692E+01  6.401708330106E-14 -1.058503047723E-01  3.469551920020E+02  4.985085794750E-01  6.034516781762E-01 -2.445318887004E-01 -1.428318261800E-02 -1.994058204909E+00  3.680297893313E+00 -3.146980556368E-02  4.789288178724E-02 -1.642307622397E-02 -3.622120601114E-02 -7.969560297185E-04  7.592054500689E-06  1.169983057001E-05  2.037790321901E-05  6.571603856074E-02 -7.592054573138E-06  1.680480974509E-03 -6.377624230732E-21  4.952622070974E-21 -3.790616215934E-20 -2.221048601604E-03
  6.568794455535E+02  6.643794455535E+02  1.866143684975E+01  5.967807498175E-14 -1.041985781633E-01  3.491553782024E+02  4.884347837193E-01  5.818276378796E-01 -2.348245212422E-01 -1.468191261129E-02 -1.968076198569E+00  3.654590053336E+00 -3.054314494007E-02  4.699367926381E-02 -1.645053432376E-02 -3.485777160268E-02 -8.073327372817E-04 -4.102229816643E-06  1.464661413414E-05  2.344891717367E-05  6.434999824887E-02  4.102229825372E-06  3.634153166689E-03 -2.852170437375E-20  1.704676723554E-20 -6.161543049222E-20 -2.157191839819E-03
  6.718794455535E+02  6.793794455535E+02  1.872196063953E+01  6.005714444276E-14 -9.904401924741E-02  3.513825876677E+02  4.766092871651E-01  5.646241058980E-01 -2.252913538363E-01 -1.493599746295E-02 -1.877947780223E+00  3.617103440973E+00 -2.940190862771E-02  4.594572103824E-02 -1.654381241056E-02 -3.421045184912E-02 -1.324073146711E-03 -6.818695905203E-06  1.496987841134E-05  1.565403092201E-05  6.328527869558E-02  6.818695823381E-06 -1.342235439729E-04  8.623402387899E-21 -1.948022618126E-20 -5.905011563434E-20 -2.120698620600E-03
  6.868794455535E+02  6.943794455535E+02  1.878016690987E+01  6.031413794331E-14 -1.044660905870E-01  3.535301472349E+02  4.637267490761E-01  5.488129437761E-01 -2.155109700100E-01 -1.541271445461E-02 -1.979799083214E+00  3.576872348813E+00 -2.928135079013E-02  4.516870130868E-02 -1.588735051923E-02 -3.361834775128E-02  1.490063591651E-03 -7.762386963386E-07  1.332518882712E-05  1.112432121310E-05  6.241590808700E-02  7.762386955975E-07 -5.846261051438E-03 -8.673002138811E-22 -1.333880624255E-20 -7.114352141857E-20 -2.088749786553E-03
  7.018794455535E+02  7.093794455535E+02  1.883904443830E+01  6.024461369584E-14 -1.100623340385E-01  3.557162763556E+02  4.503070388371E-01  5.286182107093E-01 -2.059471103948E-01 -1.531570957095E-02 -2.081734103330E+00  3.530573497810E+00 -2.923361574556E-02  4.492681203851E-02 -1.569319629336E-02 -3.315708012378E-02  2.224130630226E-03 -4.216084865549E-07  8.444039891142E-06  3.471048736726E-06  6.149685365868E-02  4.216085072145E-07 -6.675823417703E-03 -1.024771429991E-20  4.140914476068E-21 -3.520628061176E-20 -2.024014459764E-03
  7.168794455535E+02  7.243794455535E+02  1.889548215228E+01  6.518525765461E-14 -1.170145786933E-01  3.578132298939E+02  4.369977046786E-01  5.177710231347E-01 -1.958192563371E-01 -1.478927482786E-02 -2.214282708294E+00  3.479148339946E+00 -2.814052555132E-02  4.368730164251E-02 -1.554677609097E-02 -3.125361188275E-02  2.324985189120E-03 -2.699376614793E-06  4.773662691170E-06 -1.428162773009E-06  5.996391409087E-02  2.699376655835E-06 -3.748972426885E-03 -1.902591108038E-20 -7.426104829809E-21 -2.260282790831E-20 -1.911264912683E-03
  7.318794455535E+02  7.393794455535E+02  1.895145060826E+01  6.817971418919E-14 -1.170858871304E-01  3.598951022177E+02  4.233152834567E-01  4.973593698699E-01 -1.858786187798E-01 -1.381608457699E-02 -2.219703373804E+00  3.430291244114E+00 -2.708307406898E-02  4.267689609045E-02 -1.559382202264E-02 -3.040295247620E-02  4.657080346049E-04 -1.839310034231E-06  4.759845591369E-06 -4.434794165635E-06  5.883022823188E-02  1.839309990007E-06  7.393499599318E-04 -4.298593995585E-20  1.304364851165E-20 -4.658705326037E-20 -1.874420901902E-03
  7.468794455535E+02  7.543794455535E+02  1.900577377466E+01  6.573251433902E-14 -1.156359046990E-01  3.619170687548E+02  4.090647710590E-01  4.752745918235E-01 -1.756962691437E-01 -1.265318556140E-02 -2.197117866290E+00  3.373701146394E+00 -2.622109810397E-02  4.142655248476E-02 -1.520545438109E-02 -2.921293274457E-02 -4.677050447688E-04  2.298150594211E-06  3.505663338774E-06 -8.870408532899E-06  5.962962927103E-02 -2.298150588542E-06  2.298565011317E-03 -1.429658150183E-20  6.357697464748E-21 -3.729001356892E-20 -1.796943451783E-03
  7.618794455535E+02  7.693794455535E+02  1.906323749726E+01  6.057389196716E-14 -1.127337660318E-01  3.640697930196E+02  3.937462290686E-01  4.498481848393E-01 -1.656351989237E-01 -1.137316061028E-02 -2.152017407867E+00  3.310324025367E+00 -2.545417324695E-02  4.011467206738E-02 -1.466049882019E-02 -2.843655340721E-02 -1.213037007173E-03 -8.323980923038E-06  2.004925957369E-06 -7.590496311118E-06  5.866228134066E-02  8.323980933920E-06  4.622175573621E-03 -1.657435169689E-20 -2.059606714699E-21 -2.690344182183E-20 -1.715907148262E-03
  7.768794455535E+02  7.843794455535E+02  1.911570015576E+01  5.103905550511E-14 -1.069299265861E-01  3.660383610816E+02  3.773967875547E-01  4.342204537860E-01 -1.550005376053E-01 -1.030492488279E-02 -2.048155980763E+00  3.254834046863E+00 -2.508964299767E-02  3.939081687946E-02 -1.430117388102E-02 -2.651404313134E-02 -1.631503557392E-03 -5.744477307266E-06  1.772189503136E-06 -5.652558682518E-06  5.644031449235E-02  5.744477259241E-06  4.124526819671E-03 -2.579617057971E-20 -4.741763724629E-21 -4.426349635512E-20 -1.623596310663E-03
  7.918794455535E+02  7.993794455535E+02  1.916903018450E+01  3.970813319358E-14 -1.049848298848E-01  3.680486566588E+02  3.605038029581E-01  4.145222208261E-01 -1.447797904268E-01 -9.185155783908E-03 -2.018793428087E+00  3.175823551742E+00 -2.459645360240E-02  3.835044460416E-02 -1.375399100172E-02 -2.521328207948E-02 -1.927970692890E-04  4.539222956862E-06  4.819064234211E-07 -5.349980384182E-07  5.176985997482E-02 -4.539223008791E-06  4.834879974254E-03 -1.047116273567E-20 -7.276312090527E-22 -3.519666392290E-20 -1.464980363854E-03
  8.068794455535E+02  8.143794455535E+02  1.921279244126E+01  3.012366918409E-14 -9.785340181420E-02  3.697046697401E+02  3.430729799617E-01  4.007598214731E-01 -1.340543961341E-01 -8.226505165207E-03 -1.890592179168E+00  3.109017402431E+00 -2.433141307133E-02  3.703880905149E-02 -1.270739597999E-02 -2.167508935487E-02 -8.279966623727E-04  1.550025231617E-05  5.292088797503E-07 -5.933917048068E-06  4.680035709447E-02 -1.550025242122E-05  4.838499864398E-03 -1.363370914936E-20 -9.716671129489E-21 -4.740227588501E-20 -1.310845596014E-03
  8.218794455535E+02  8.293794455535E+02  1.925678926251E+01  2.135287895573E-14 -9.593905922043E-02  3.713740645976E+02  3.243718609059E-01  3.878652909103E-01 -1.233366791235E-01 -7.742911779925E-03 -1.860584777641E+00  3.050621403582E+00 -2.363079583562E-02  3.580916188221E-02 -1.217836604653E-02 -2.018182055941E-02 -1.774142827517E-04  1.150989550140E-05  5.460731138176E-07 -1.505506026917E-05  4.348672064564E-02 -1.150989553363E-05  2.725114440603E-03 -1.911431461061E-20 -9.937928527691E-21 -2.067409143529E-20 -1.191618731563E-03
  8.368794455535E+02  8.443794455535E+02  1.929430384183E+01  1.492350542911E-14 -9.276849222799E-02  3.727954603836E+02  3.045526331245E-01  3.729495436601E-01 -1.124300846972E-01 -7.206860826687E-03 -1.807374666358E+00  3.007652036820E+00 -2.306539335120E-02  3.525050959695E-02 -1.218511624479E-02 -1.787102594453E-02 -6.697767865262E-04 -8.580367723454E-06  3.982101666849E-07 -9.601842286224E-06  3.776823409134E-02  8.580367654974E-06  1.487956510232E-03  5.698981337589E-21 -2.559954301448E-21 -3.383312507416E-20 -1.049986738120E-03
  8.518794455535E+02  8.593794455535E+02  1.932756693648E+01  1.196105569914E-14 -9.316980395317E-02  3.740512993980E+02  2.837681822670E-01  3.587448571920E-01 -1.015136166932E-01 -6.836335817365E-03 -1.821068089325E+00  2.965266296321E+00 -2.233097160757E-02  3.407695760521E-02 -1.174598599783E-02 -1.602743304991E-02 -3.422686746109E-05 -1.177730535546E-05 -1.222487438518E-06 -1.023906586314E-05  3.476395257872E-02  1.177730534207E-05  2.442265978866E-03 -2.495191499499E-20 -1.902496194686E-20 -6.727471031517E-21 -9.935714270912E-04
  8.668794455535E+02  8.743794455535E+02  1.935948291342E+01  1.194883775257E-14 -8.823298154821E-02  3.752629452577E+02  2.623827322116E-01  3.442703567261E-01 -9.075782346687E-02 -7.085985805109E-03 -1.730776375832E+00  2.911210866099E+00 -2.182753316982E-02  3.295644065490E-02 -1.112890748464E-02 -1.565158624762E-02 -1.227796032847E-03 -1.073074759413E-06 -7.314060452769E-06 -1.613721147342E-05  3.170617745912E-02  1.073074782474E-06  4.799473920869E-03  3.156055028294E-21  1.778940260287E-21 -1.171610730389E-20 -9.316423522614E-04
  8.818794455535E+02  8.893794455535E+02  1.938704212251E+01  1.179114184763E-14 -8.423388353897E-02  3.763087458412E+02  2.409147078716E-01  3.349579481972E-01 -7.965109587289E-02 -6.254319399611E-03 -1.661210412708E+00  2.847885450000E+00 -2.105853299731E-02  3.166732972082E-02 -1.060879672350E-02 -1.404312274335E-02 -1.279246593247E-03  4.458390443637E-07 -1.466188423224E-05 -6.266898439442E-06  2.929792241220E-02 -4.458390553095E-07  7.857877061206E-03 -1.358655409239E-20 -1.476327921910E-20 -1.179061579517E-20 -8.260731739450E-04
  8.968794455535E+02  9.043794455535E+02  1.941441973447E+01  1.318824245413E-14 -7.350497734768E-02  3.773508449345E+02  2.188818648899E-01  3.268243189088E-01 -6.901669144761E-02 -6.111756204582E-03 -1.461493977872E+00  2.797631047524E+00 -2.005325331815E-02  3.068841039253E-02 -1.063515707423E-02 -1.256157224917E-02 -2.659897083868E-03  5.830988865423E-06 -1.670842196871E-05  4.095308590146E-06  2.977898052158E-02 -5.830988883947E-06  9.679578554572E-03 -1.420996596571E-22 -1.695641418880E-20 -1.338761514662E-20 -7.899729874455E-04
  9.118794455535E+02  9.193794455535E+02  1.944284342946E+01  1.729450639411E-14 -6.606682199012E-02  3.784420933045E+02  1.955312149165E-01  3.256676013444E-01 -5.848876099861E-02 -5.301333687289E-03 -1.326907382446E+00  2.744371978082E+00 -1.929042696752E-02  2.964511302036E-02 -1.035468605337E-02 -1.274226277940E-02 -2.456916759720E-03 -2.801047076320E-06 -1.301203794216E-05  1.150857919299E-05  3.126286505781E-02  2.801047116851E-06  9.566331239780E-03  2.723876644841E-21 -1.832782543728E-20 -1.347599596390E-20 -7.923472915553E-04
  9.268794455535E+02  9.343794455535E+02  1.947300979785E+01  1.840700017177E-14 -5.556798017268E-02  3.796163133743E+02  1.699410670151E-01  3.242016700993E-01 -4.743442210890E-02 -4.529292406706E-03 -1.134296430120E+00  2.729528613014E+00 -1.871347327922E-02  2.911651234928E-02 -1.040303906967E-02 -1.259506206134E-02 -3.098702982610E-03  1.987990025658E-06 -7.786795203623E-06  7.972747748246E-06  3.283818410752E-02 -1.987990112494E-06  1.019308322870E-02 -1.750574912064E-20  5.018442911972E-21 -1.319999842564E-20 -7.709753465784E-04
  9.418794455535E+02  9.493794455535E+02  1.950441888074E+01  1.680657783082E-14 -4.692128950095E-02  3.808451545654E+02  1.415606602499E-01  3.257668428633E-01 -3.679745651395E-02 -3.761311957663E-03 -9.748357396687E-01  2.725191832892E+00 -1.863816442478E-02  2.808305923582E-02 -9.444894810984E-03 -1.174251495215E-02 -2.993970918665E-03  1.215012363902E-05 -6.395883472293E-06  2.449565261729E-07  3.232396658025E-02 -1.215012363022E-05  9.119175045235E-03 -1.636542310748E-20  3.303840304729E-21 -3.209305344661E-20 -6.889225270471E-04
  9.568794455535E+02  9.643794455535E+02  1.953365808102E+01  1.549304637129E-14 -3.842403409102E-02  3.819942647229E+02  1.078977659258E-01  3.393189128916E-01 -2.601413861801E-02 -2.766982271474E-03 -8.162306152110E-01  2.729368798708E+00 -1.869264285978E-02  2.769877168729E-02 -9.006128827897E-03 -1.065278485565E-02 -2.882765396873E-03  8.896380211799E-08 -7.832421161883E-06 -1.089790014931E-06  3.587742714991E-02 -8.896387611068E-08  7.524891568590E-03 -3.421062112594E-20 -7.910568885690E-21 -3.858445917065E-20 -7.287550416079E-04
  9.718794455535E+02  9.793794455535E+02  1.957171663624E+01  1.144617849576E-14 -3.283241524761E-02  3.835029250692E+02  6.679493750564E-02  3.663065370748E-01 -1.514721716556E-02 -1.415530875484E-03 -7.086364684250E-01  2.949797164118E+00 -1.969557910997E-02  3.050838704426E-02 -1.081280793457E-02 -1.363472228975E-02 -1.913337386725E-03 -1.137429797351E-05 -6.475620178680E-06  3.030797380769E-06  5.259265397490E-02  1.137429796357E-05  1.098336479730E-02 -2.617309971997E-20  8.637496004344E-21 -6.206860285434E-22 -1.163750003429E-03
  9.868794455535E+02  9.943794455535E+02  1.963226364976E+01  3.864467520582E-15 -1.789048695399E-02  3.859200632231E+02  1.385429593259E-02  4.264548757376E-01 -4.420960300824E-03 -3.707678603342E-04 -4.122100482614E-01  3.015695661833E+00 -2.177473523345E-02  3.416104941293E-02 -1.238631417864E-02 -2.103388420028E-02 -4.419637439874E-03 -1.798630431298E-05 -2.470553796455E-06  7.021229174574E-06  3.229279407989E-02  1.798630424274E-05  7.982947637851E-03 -1.909258635463E-20  3.629961325101E-21 -4.536410636103E-20 -6.218502764331E-04
