                   y                  ym                   U                   V                   W                 U^2                 V^2                 W^2                  UV                  VW                  UW                VISC               SFSxx               SFSyy               SFSzz               SFSxy               SFSyz                dUdX                dVdX                dWdX                dUdY                dVdY                dWdY                dUdZ                dVdZ                dWdZ              SFSxym
 -4.000000000000E+00 -2.000000000000E+00  0.000000000000E+00  0.000000000000E+00  0.000000000000E+00  0.000000000000E+00  0.000000000000E+00  0.000000000000E+00  0.000000000000E+00  0.000000000000E+00  0.000000000000E+00  0.000000000000E+00  0.000000000000E+00  0.000000000000E+00  0.000000000000E+00  0.000000000000E+00  0.000000000000E+00  0.000000000000E+00  0.000000000000E+00  0.000000000000E+00  0.000000000000E+00  0.000000000000E+00  0.000000000000E+00  0.000000000000E+00  0.000000000000E+00  0.000000000000E+00  0.000000000000E+00
  2.220446049250E-16  2.000000000000E+00  6.576020721787E+00  3.015915063983E-15 -1.036401374648E-01  4.597075146945E+01  6.704047298027E-02  8.925474282269E-01 -2.070926005015E-01 -1.590249691202E-03 -6.941399351717E-01  2.446511038645E+00 -4.128101301605E-03  2.462445389156E-02 -2.049635259372E-02 -8.483462632088E+00  9.846357169273E-02 -1.678121318307E-03 -1.431563138698E-04 -1.293595834150E-05  3.155603290165E+01  1.678121318371E-03 -4.484924070113E-01  5.425260584025E-20  2.061791351987E-21  4.366022608140E-20 -4.848379823304E-02
  4.000000000000E+00  6.000000000000E+00  9.201731369606E+00  8.304971438564E-15 -1.210734253501E-01  8.882460763398E+01  2.791086675764E-01  1.152268239837E+00 -5.102200698840E-01 -9.409532147523E-04 -1.134131538402E+00  6.943084978161E+00  5.697580492094E-01 -3.995089340797E-01 -1.702491151180E-01 -3.009090816621E+00 -2.242152240199E-02  3.717080915086E-04 -2.128527609882E-04  1.007834865121E-04  6.748824296643E+00 -3.717080914446E-04 -3.807698646527E-02  3.303881298569E-20  2.422863980839E-21 -2.264310691199E-20 -1.800168666556E-01
  8.000000000000E+00  1.000000000000E+01  9.950752797155E+00  1.118400395443E-14 -1.222341493734E-01  1.024458240194E+02  3.834857085936E-01  1.135050219766E+00 -4.895340326239E-01 -1.381884791367E-03 -1.237264609324E+00  7.655433017569E+00  2.552981746529E-01 -5.411610452126E-01  2.858628705518E-01 -1.283837028114E+00 -4.609478464559E-02  4.310830460469E-04 -1.166753985258E-04 -1.934269209344E-05  2.881554573521E+00 -4.310830460009E-04 -2.100613031846E-03  5.546343499466E-20 -1.207385495031E-20  7.240150864290E-20 -7.785552135615E-02
  1.200000000000E+01  1.400000000000E+01  1.064317936296E+01  1.120618644176E-14 -1.219564861883E-01  1.166785161856E+02  4.461606126551E-01  1.134802263056E+00 -5.396507335767E-01 -8.608625586025E-04 -1.319635884512E+00  7.620473601366E+00  2.396740747794E-01 -5.070325038859E-01  2.673584291234E-01 -1.225257311637E+00 -3.797297867115E-03  1.663852368489E-04 -8.279350865360E-05 -1.392974964368E-04  2.345836845793E+00 -1.663852367594E-04  5.576918048999E-03  3.527726180624E-20 -5.755982036790E-21  5.628856918678E-20 -6.578784505476E-02
  1.600000000000E+01  1.800000000000E+01  1.112322899494E+01  9.660317106438E-15 -1.196921540828E-01  1.269491648201E+02  4.922203496544E-01  1.134386005842E+00 -5.403305670038E-01 -1.099170451127E-03 -1.350681251824E+00  7.227165125076E+00  1.967807426988E-01 -4.635476920546E-01  2.667669493510E-01 -8.619793946048E-01 -2.897315086837E-03  1.185120824992E-04 -6.400310704468E-05  1.444582255568E-05  1.787067396447E+00 -1.185120825483E-04  8.587801940145E-03 -5.439476055109E-21 -2.689108402680E-21  1.594533764938E-19 -4.935484671959E-02
  2.000000000000E+01  2.200000000000E+01  1.153642086478E+01  8.173576399040E-15 -1.176295734385E-01  1.362428370591E+02  5.295086123603E-01  1.137579691428E+00 -5.560551137090E-01 -1.181360249390E-03 -1.375259065030E+00  6.952588914786E+00  1.769571019103E-01 -4.282694884846E-01  2.513123865681E-01 -7.300790203203E-01 -3.622752281477E-03  2.516034170229E-05 -5.115808229161E-05  2.231109989958E-05  1.485405321612E+00 -2.516034151759E-05  8.923414004186E-03  1.093623226488E-19 -2.835038404559E-22  9.670491293041E-20 -4.099846994082E-02
  2.400000000000E+01  2.600000000000E+01  1.186585121151E+01  6.701270036565E-15 -1.149080111168E-01  1.438696354816E+02  5.604211185900E-01  1.137218940279E+00 -5.582636038422E-01 -1.441819321112E-03 -1.380802830745E+00  6.647987268642E+00  1.530283742502E-01 -3.940054828144E-01  2.409771085597E-01 -5.821589330316E-01 -4.441155270832E-03  9.218565131797E-05 -3.537234528622E-05  5.930481622215E-05  1.237799802605E+00 -9.218565139273E-05  7.989269939071E-03 -1.593262576188E-20  2.183696848210E-20  1.107175445586E-19 -3.385948581376E-02
  2.800000000000E+01  3.000000000000E+01  1.215524600606E+01  4.714635221577E-15 -1.134613248483E-01  1.507747672582E+02  5.862005361233E-01  1.138036456611E+00 -5.644313107079E-01 -1.873397903172E-03 -1.396278307537E+00  6.398137875646E+00  1.357099533111E-01 -3.643250035261E-01  2.286150502172E-01 -5.046634667215E-01 -4.231232911670E-03  9.790199114192E-05 -2.246213451246E-05  1.253725471990E-05  1.078420476338E+00 -9.790199118350E-05  3.617143638152E-03  6.033474693548E-20 -5.083847429678E-21  1.345367301600E-19 -2.929852791769E-02
  3.200000000000E+01  3.400000000000E+01  1.240524883247E+01  2.837173493827E-15 -1.133919752917E-01  1.568699365542E+02  6.074504300743E-01  1.138418478462E+00 -5.658456390044E-01 -2.389611361916E-03 -1.424123241015E+00  6.158553646913E+00  1.213282289142E-01 -3.386981957817E-01  2.173699668778E-01 -4.341523372674E-01 -2.994787675876E-03  9.924230713570E-05 -1.737794718407E-05  2.297037221493E-05  9.495334986671E-01 -9.924230716267E-05  4.148573371918E-04  2.286045845922E-20 -6.419529971073E-21  1.319503017114E-19 -2.557458527419E-02
  3.600000000000E+01  3.800000000000E+01  1.263011158427E+01  3.602027385854E-15 -1.134900436565E-01  1.624735237068E+02  6.250943339004E-01  1.137359712664E+00 -5.686787118414E-01 -2.768262881009E-03 -1.450045648853E+00  5.948853509824E+00  1.100579167344E-01 -3.164158615113E-01  2.063579447801E-01 -3.860757121427E-01 -1.160291366295E-03  1.318257768025E-04 -1.373407617200E-05  5.164358082398E-05  8.522275923297E-01 -1.318257767049E-04 -2.016518604125E-03  8.788434367459E-20  2.669352479933E-21  1.631855953678E-19 -2.278595541791E-02
  4.000000000000E+01  4.200000000000E+01  1.283131193265E+01  6.375765656171E-15 -1.143057376417E-01  1.675746385684E+02  6.394862303484E-01  1.135307806422E+00 -5.693011550712E-01 -3.328168371698E-03 -1.482014999127E+00  5.760513415369E+00  1.009771241995E-01 -2.974571803186E-01  1.964800561139E-01 -3.441432134557E-01 -3.374664134795E-04 -1.565723760063E-05 -1.318483937778E-05  4.458746916718E-05  7.710885469341E-01  1.565723768319E-05 -4.632777448416E-03  3.059533667478E-20 -7.953802975962E-21  1.753464300705E-19 -2.048881750908E-02
  4.400000000000E+01  4.600000000000E+01  1.301568577144E+01  8.981377562963E-15 -1.156645178380E-01  1.723214524606E+02  6.510544783517E-01  1.131896669162E+00 -5.704632231229E-01 -3.654798051824E-03 -1.521518999164E+00  5.598855737542E+00  9.248127788120E-02 -2.806868962571E-01  1.882056183761E-01 -3.129887408829E-01  3.620740906187E-04 -7.783876631879E-05 -1.424387098147E-05  6.599700269330E-05  7.089668403916E-01  7.783876640642E-05 -4.785046914509E-03  6.845323557582E-20 -2.274913477724E-20  7.951462762353E-20 -1.876062825472E-02
  4.800000000000E+01  5.000000000000E+01  1.318576231908E+01  8.944856429623E-15 -1.165895544166E-01  1.767625727408E+02  6.604010430993E-01  1.127578774904E+00 -5.707807446535E-01 -4.089358311554E-03 -1.553577682254E+00  5.447539880978E+00  8.540749993539E-02 -2.653782401891E-01  1.799707402604E-01 -2.873935407397E-01 -3.126570014775E-04  4.402270537895E-05 -1.501314814867E-05  8.029016923681E-05  6.583255299608E-01 -4.402270538903E-05 -3.949711436836E-03  4.291776702213E-20  1.797887197651E-20  9.129625987041E-20 -1.731236554883E-02
  5.200000000000E+01  5.400000000000E+01  1.334468659173E+01  4.668373905041E-15 -1.176634753751E-01  1.809686917856E+02  6.679711767892E-01  1.124253171799E+00 -5.709857958339E-01 -4.527178728373E-03 -1.586328409370E+00  5.315435199241E+00  8.046900389786E-02 -2.530740823851E-01  1.726050784916E-01 -2.668729171429E-01 -4.564680301178E-04  5.335346632474E-06 -1.299041037695E-05  5.845875566147E-05  6.157515752562E-01 -5.335346576749E-06 -3.279585984779E-03  6.849109670669E-20 -8.009724634964E-21  1.321516401316E-19 -1.610523494801E-02
  5.600000000000E+01  5.800000000000E+01  1.349350193720E+01  6.518882655904E-16 -1.184188283296E-01  1.849562150063E+02  6.743052985561E-01  1.122293767413E+00 -5.710724539356E-01 -4.896574491833E-03 -1.614588855839E+00  5.192569202249E+00  7.551684638603E-02 -2.420774318140E-01  1.665605854292E-01 -2.485763317496E-01 -3.960387479500E-04 -4.206357751012E-05 -6.249261409859E-06 -1.000228175836E-05  5.783321824513E-01  4.206357754539E-05 -1.421970689513E-03 -2.210384585663E-21 -1.510406617068E-21  1.841315137083E-19 -1.501996501995E-02
  6.000000000000E+01  6.200000000000E+01  1.363395789517E+01 -4.381846303627E-15 -1.186318417463E-01  1.887617700682E+02  6.797743801586E-01  1.120843773090E+00 -5.709361930990E-01 -5.203666469637E-03 -1.634102759227E+00  5.073015936905E+00  7.002069864504E-02 -2.315289532289E-01  1.615082545808E-01 -2.318466087882E-01 -5.810681276087E-04  1.076718624373E-04 -4.313280460456E-07  2.858393814677E-05  5.448293075695E-01 -1.076718626832E-04 -4.174650286243E-04  3.490259861647E-20 -1.863466594673E-20  1.978739729803E-19 -1.400883700008E-02
  6.400000000000E+01  6.600000000000E+01  1.376611283576E+01 -1.161594157089E-14 -1.185557313340E-01  1.923796999118E+02  6.842058312760E-01  1.119216642531E+00 -5.709065537675E-01 -5.519708747478E-03 -1.649094439103E+00  4.957151428750E+00  6.591174455131E-02 -2.219685921815E-01  1.560568476263E-01 -2.166219670661E-01 -5.997833799042E-04  2.736357852894E-05  7.547855988994E-07  5.385740437102E-05  5.135253960024E-01 -2.736357830741E-05 -4.552097159093E-04  7.056902179638E-20 -1.229462920664E-20  1.447018436893E-19 -1.305514944832E-02
  6.800000000000E+01  7.000000000000E+01  1.389064373910E+01 -1.952622467651E-14 -1.185629455410E-01  1.958196024165E+02  6.876028983861E-01  1.117416176017E+00 -5.706643941717E-01 -5.924545818891E-03 -1.664985704448E+00  4.851154220941E+00  6.095062287874E-02 -2.126648891309E-01  1.517142662553E-01 -2.018690966937E-01 -9.001769459328E-04 -5.406100128977E-05  4.018857041786E-06 -4.381475947849E-06  4.845713930718E-01  5.406100093793E-05  4.155249885925E-04 -1.746713410393E-20 -5.921028047882E-20  1.453346137478E-19 -1.219915156139E-02
  7.200000000000E+01  7.400000000000E+01  1.400829307630E+01 -2.368991128844E-14 -1.183119917511E-01  1.990996186441E+02  6.901029016837E-01  1.115920263608E+00 -5.703891599320E-01 -6.252196062538E-03 -1.676793330839E+00  4.755094075197E+00  5.736813331343E-02 -2.052706071637E-01  1.479024738475E-01 -1.886657966524E-01 -1.325987297196E-03 -1.147081574231E-06  9.370014975688E-06 -7.648258530571E-06  4.568657305351E-01  1.147081655081E-06  1.145425323149E-03  9.880812438672E-22  1.876573068360E-20  1.850423184112E-19 -1.144025454273E-02
  7.600000000000E+01  7.800000000000E+01  1.411910326574E+01 -2.327947166633E-14 -1.181981184258E-01  2.022151218523E+02  6.919261445308E-01  1.114585133488E+00 -5.698387808003E-01 -6.500215092576E-03 -1.689198714849E+00  4.673574510749E+00  5.447358440697E-02 -1.985939753293E-01  1.441203909228E-01 -1.774791180721E-01 -1.315489868406E-03  2.514157897998E-06  9.748825756219E-06 -1.866454639296E-07  4.346876769151E-01 -2.514157954248E-06  7.462107351983E-04 -5.145755505226E-20  1.556601719225E-21  1.555616120276E-19 -1.083151318424E-02
  8.000000000000E+01  8.200000000000E+01  1.422561783718E+01 -2.277745512457E-14 -1.181222500442E-01  2.052345121063E+02  6.933298341703E-01  1.111736809102E+00 -5.694206620250E-01 -6.718581612478E-03 -1.701177145722E+00  4.591399592511E+00  5.131624137926E-02 -1.919360804893E-01  1.406198391124E-01 -1.687785593487E-01 -1.219571669721E-03  4.998977252345E-05  5.728545144226E-06  1.879192966842E-05  4.175098417875E-01 -4.998977255887E-05 -5.394580407329E-04  9.183341022731E-21 -8.790185102974E-21  1.275735660660E-19 -1.027954487138E-02
  8.400000000000E+01  8.600000000000E+01  1.432779745115E+01 -2.278599386720E-14 -1.184106990012E-01  2.081520298593E+02  6.944340496476E-01  1.108724471405E+00 -5.687809651673E-01 -6.899817585892E-03 -1.716885647789E+00  4.515632716764E+00  4.881320745928E-02 -1.861123562818E-01  1.372991488232E-01 -1.604916918931E-01 -8.433874840915E-04  4.351802898171E-05  2.700330646364E-06  1.954013842602E-06  4.015763303143E-01 -4.351802895231E-05 -1.520968798431E-03  3.301064831911E-20 -2.895360070988E-20  1.217466574627E-19 -9.802951954423E-03
  8.800000000000E+01  9.000000000000E+01  1.442645152800E+01 -2.432766777379E-14 -1.186703958909E-01  2.109892835525E+02  6.953524598418E-01  1.105163427971E+00 -5.681330273388E-01 -7.168540733155E-03 -1.731314625705E+00  4.442366740009E+00  4.706913659578E-02 -1.804138160519E-01  1.333446794578E-01 -1.532467446187E-01 -6.156534985254E-04 -1.437831761744E-05  1.087531909118E-06 -1.287969020170E-05  3.859721382784E-01  1.437831763306E-05 -1.271745948278E-03 -7.741691294228E-21 -3.661542436543E-20  1.066755389279E-19 -9.383172961566E-03
  9.200000000000E+01  9.400000000000E+01  1.452084967737E+01 -2.587701580792E-14 -1.189717210507E-01  2.137208297576E+02  6.962151650119E-01  1.102113222478E+00 -5.673380074954E-01 -7.413596401345E-03 -1.747219787293E+00  4.372628498138E+00  4.460037948116E-02 -1.745260753149E-01  1.299256958326E-01 -1.470369826957E-01 -3.223366338181E-04 -1.088326330181E-05 -7.185893494528E-07 -1.031246578301E-05  3.728666073754E-01  1.088326325890E-05 -1.428171964963E-03 -1.587812255143E-20 -4.203083239870E-21  1.037842421993E-19 -9.017769796244E-03
  9.600000000000E+01  9.800000000000E+01  1.461282794198E+01 -2.856463589967E-14 -1.194481147356E-01  2.163996173413E+02  6.969984439992E-01  1.098265344391E+00 -5.666548241921E-01 -7.691421920261E-03 -1.765531666579E+00  4.301372293336E+00  4.218541255416E-02 -1.685733677708E-01  1.263879552153E-01 -1.413717056589E-01 -9.804245401956E-06  5.327747655738E-05  5.758866842416E-07 -5.113369766985E-05  3.605004346218E-01 -5.327747662480E-05 -2.529075630212E-03 -1.219578449204E-20 -3.075370410708E-21  1.407889375268E-19 -8.649114134753E-03
  1.000000000000E+02  1.020000000000E+02  1.470117442801E+01 -3.408395469797E-14 -1.202520823816E-01  2.189890275033E+02  6.975102059760E-01  1.094483684787E+00 -5.659152735408E-01 -7.873399454540E-03 -1.787927408688E+00  4.241626200822E+00  4.094845162651E-02 -1.639332911787E-01  1.229848395535E-01 -1.354542829998E-01  6.307008571245E-04  7.528750082915E-05  6.252400955883E-07 -3.890852061701E-05  3.478845219677E-01 -7.528750083507E-05 -2.929401408069E-03 -4.285609447269E-21 -5.940021451800E-21  1.352526927539E-19 -8.311782567697E-03
  1.040000000000E+02  1.060000000000E+02  1.478686124786E+01 -3.723923108536E-14 -1.208477418849E-01  2.215149037651E+02  6.977125629800E-01  1.092254715950E+00 -5.650679457874E-01 -8.132921082688E-03 -1.806786133631E+00  4.181216217105E+00  3.884767741502E-02 -1.594546011803E-01  1.206069237644E-01 -1.303214318015E-01  4.082468578005E-04 -2.876514810636E-05 -2.050424149661E-06 -1.980372619795E-05  3.388583258120E-01  2.876514800100E-05 -3.885166614605E-03 -1.850995797480E-20 -5.283105532926E-20  1.320264378927E-19 -8.002830421995E-03
  1.080000000000E+02  1.100000000000E+02  1.487056332415E+01 -3.657560943930E-14 -1.221821929188E-01  2.239992017556E+02  6.976706190743E-01  1.089356493009E+00 -5.642107193595E-01 -8.311845379719E-03 -1.836899040414E+00  4.119943282006E+00  3.732708305653E-02 -1.552013411598E-01  1.178742581020E-01 -1.257748257910E-01  1.018409527837E-03 -3.085607782697E-05 -8.672902873283E-07 -1.214353902328E-05  3.292998673768E-01  3.085607781900E-05 -5.456050820851E-03 -5.217140337754E-21 -1.001883273345E-20  1.290478498918E-19 -7.697818377819E-03
  1.120000000000E+02  1.140000000000E+02  1.495158175615E+01 -3.644066067417E-14 -1.235820323475E-01  2.264177511579E+02  6.972749852535E-01  1.086758400977E+00 -5.633230998457E-01 -8.580265507409E-03 -1.866583744335E+00  4.062368026330E+00  3.563380512460E-02 -1.511010883641E-01  1.154672832408E-01 -1.204538032609E-01  8.680542128060E-04  3.827802691474E-06 -1.215130991457E-06 -1.498256694591E-05  3.190522625863E-01 -3.827802750314E-06 -5.352419200632E-03 -7.195513069744E-20 -1.225168446258E-20  1.376405522180E-19 -7.389305215763E-03
  1.160000000000E+02  1.180000000000E+02  1.503013635973E+01 -3.578403140932E-14 -1.248223430635E-01  2.287749073191E+02  6.965289051445E-01  1.084282118739E+00 -5.622935606320E-01 -8.734232124022E-03 -1.893863995662E+00  4.007526826999E+00  3.429946192813E-02 -1.473312598045E-01  1.130317978751E-01 -1.157372635482E-01  4.975641863814E-04 -1.390903807599E-06 -6.256110129828E-06 -3.407805029935E-05  3.096527854444E-01  1.390903823244E-06 -4.405429497929E-03 -3.471264066335E-20 -6.613276668516E-21  1.235745171566E-19 -7.092633403738E-03
  1.200000000000E+02  1.220000000000E+02  1.510632807102E+01 -3.466219123070E-14 -1.257177085148E-01  2.310728132958E+02  6.954910093166E-01  1.081820256254E+00 -5.613906206626E-01 -8.998527436509E-03 -1.916329740234E+00  3.951953918869E+00  3.318583722202E-02 -1.433052908887E-01  1.101194536672E-01 -1.113002577489E-01  6.138348847771E-04  1.172258578293E-05 -8.153462307916E-06 -4.955414314647E-06  3.014365754827E-01 -1.172258576608E-05 -4.647732670921E-03 -1.157289264268E-20 -1.857832521682E-20  1.502529899769E-19 -6.841136267691E-03
  1.240000000000E+02  1.260000000000E+02  1.518083725509E+01 -3.462609134604E-14 -1.270573275071E-01  2.333315594028E+02  6.943809212668E-01  1.078974615834E+00 -5.603415224910E-01 -9.210789907908E-03 -1.945566108733E+00  3.896141009651E+00  3.181484375555E-02 -1.394734843090E-01  1.076586405546E-01 -1.075902266176E-01  9.208315796445E-04 -9.122669612278E-06 -7.456905480496E-06  1.094685296077E-05  2.928721682076E-01  9.122669645905E-06 -5.842099301119E-03  1.843618053482E-20 -3.287281232036E-20  1.644468390912E-19 -6.613427981943E-03
  1.280000000000E+02  1.300000000000E+02  1.525289967794E+01 -3.206879177718E-14 -1.286111031402E-01  2.355257367385E+02  6.932474731025E-01  1.075960427568E+00 -5.593248027070E-01 -9.499569615265E-03 -1.978161369932E+00  3.847510641280E+00  3.087466427010E-02 -1.362181794280E-01  1.053435151579E-01 -1.041658621682E-01  8.944986135649E-04 -4.516610650859E-05 -1.291600813543E-05 -8.420040662761E-06  2.827857593195E-01  4.516610654234E-05 -7.030202257916E-03  2.351968293819E-21  2.071680125652E-20  1.058641272798E-19 -6.388943990610E-03
  1.320000000000E+02  1.340000000000E+02  1.532228499217E+01 -2.930201336201E-14 -1.305830072249E-01  2.376466911675E+02  6.920965191933E-01  1.073298459065E+00 -5.582545492243E-01 -9.757957467502E-03 -2.017285750014E+00  3.802052792490E+00  2.967742361053E-02 -1.332354998782E-01  1.035580762659E-01 -1.001015740487E-01  1.709225221947E-03  8.417518646884E-06 -1.963079875415E-05 -2.304781322702E-05  2.750284775929E-01 -8.417518695344E-06 -9.148728805651E-03 -6.879014518887E-20 -3.725525456170E-20  1.056531592020E-19 -6.149997078219E-03
  1.360000000000E+02  1.380000000000E+02  1.539028699315E+01 -3.309143237207E-14 -1.331338125946E-01  2.397332698746E+02  6.910131752366E-01  1.070745365366E+00 -5.572217168858E-01 -1.006656579729E-02 -2.065058298306E+00  3.754825414971E+00  2.877293398789E-02 -1.303321190268E-01  1.015591850377E-01 -9.670909544192E-02  2.146883900967E-03  5.524821983471E-05 -1.936494320463E-05 -6.167808914243E-05  2.674089625215E-01 -5.524821980782E-05 -1.070237155365E-02  5.942725525895E-22  6.855514561145E-21  1.681104781316E-19 -5.918152544950E-03
  1.400000000000E+02  1.420000000000E+02  1.545599011013E+01 -3.919034425685E-14 -1.359061750362E-01  2.417585253863E+02  6.900544683718E-01  1.068869637837E+00 -5.561236499791E-01 -1.034697604395E-02 -2.116089014202E+00  3.708257334901E+00  2.794650945147E-02 -1.276146680340E-01  9.966815858130E-02 -9.262099209188E-02  2.225561688431E-03  2.207120597942E-05 -1.703488180972E-05 -4.747640252230E-05  2.587752349721E-01 -2.207120607723E-05 -1.146156886420E-02 -2.237992459954E-20 -2.201566267558E-20  9.685549803079E-20 -5.697568004787E-03
  1.440000000000E+02  1.460000000000E+02  1.551982808410E+01 -4.148369726435E-14 -1.388442766497E-01  2.437340237996E+02  6.893783601580E-01  1.067697470335E+00 -5.550516929556E-01 -1.067649867451E-02 -2.170337243156E+00  3.662418518348E+00  2.709188859311E-02 -1.248782767815E-01  9.778638818891E-02 -8.954391349301E-02  2.423272984534E-03  7.299145266869E-07 -1.807727787291E-05  1.688742398008E-05  2.499129346085E-01 -7.299145144146E-07 -1.164357881394E-02 -3.398745420915E-20 -5.038057192337E-20  8.408679448902E-20 -5.463385650964E-03
  1.480000000000E+02  1.500000000000E+02  1.558089440760E+01 -4.294368246421E-14 -1.415983428323E-01  2.456283313343E+02  6.889611510977E-01  1.066371512577E+00 -5.539864202388E-01 -1.090429230241E-02 -2.221979454046E+00  3.614252735495E+00  2.585886677569E-02 -1.220254138910E-01  9.616654711660E-02 -8.518411570329E-02  2.575135089639E-03  9.791453151514E-06 -1.794971527881E-05 -6.155064714729E-06  2.400760208838E-01 -9.791453150013E-06 -1.046927859811E-02  2.829918651835E-20 -1.067827513251E-20  7.866598200011E-20 -5.204317814906E-03
  1.520000000000E+02  1.540000000000E+02  1.563965874313E+01 -4.316046131603E-14 -1.439872201858E-01  2.474570998582E+02  6.884856054434E-01  1.063755206154E+00 -5.529416931443E-01 -1.120234477007E-02 -2.268045286094E+00  3.569532678169E+00  2.449641028843E-02 -1.192302063993E-01  9.473379610835E-02 -8.137855809787E-02  2.326914751822E-03  4.992325433967E-05 -1.017821178078E-05 -8.180335415392E-05  2.298239439369E-01 -4.992325430937E-05 -9.589227953552E-03 -2.676283611274E-20 -5.538741921569E-21  1.346539641872E-19 -4.971465435318E-03
  1.560000000000E+02  1.580000000000E+02  1.569584388555E+01 -4.111856514999E-14 -1.464952887492E-01  2.492104783930E+02  6.878107135969E-01  1.060854888606E+00 -5.518477691883E-01 -1.147076507997E-02 -2.316251463830E+00  3.532059169383E+00  2.365750102438E-02 -1.171490211396E-01  9.349152011586E-02 -7.758100556003E-02  1.981080227172E-03  4.140942381262E-05 -3.498311043623E-06 -1.126059926936E-04  2.216629441880E-01 -4.140942372392E-05 -9.073119112354E-03  2.043289701913E-20 -1.469793176062E-20  9.425866007041E-20 -4.758376215191E-03
  1.600000000000E+02  1.620000000000E+02  1.575054463378E+01 -4.035464728584E-14 -1.486862030167E-01  2.509199514356E+02  6.870755445498E-01  1.057312646423E+00 -5.508310180316E-01 -1.174580502974E-02 -2.359176286924E+00  3.491697053473E+00  2.326980654902E-02 -1.147624219389E-01  9.149261538970E-02 -7.507724365097E-02  2.006886297585E-03 -2.788581622496E-05 -1.696791947474E-06 -7.147497523674E-05  2.157544897235E-01  2.788581621202E-05 -8.577424015610E-03 -1.013394499593E-20 -1.939906206287E-20  1.402197503147E-19 -4.592554340101E-03
  1.640000000000E+02  1.660000000000E+02  1.580362413330E+01 -3.821291836200E-14 -1.507912413699E-01  2.525832803247E+02  6.863633256314E-01  1.053080928261E+00 -5.497567482712E-01 -1.199734883411E-02 -2.401164551784E+00  3.448126538529E+00  2.233200957330E-02 -1.119091848484E-01  8.957717527475E-02 -7.199084216693E-02  1.812890593013E-03  2.726745618875E-05  2.361047189623E-06 -6.030360704973E-05  2.084970018269E-01 -2.726745616363E-05 -8.707912907397E-03  4.547561602925E-20  2.074162473942E-20  1.309200445157E-19 -4.408296117765E-03
  1.680000000000E+02  1.700000000000E+02  1.585482053110E+01 -3.386772835558E-14 -1.529839897682E-01  2.541920207914E+02  6.855561945518E-01  1.049094226299E+00 -5.486367756418E-01 -1.225471893094E-02 -2.445061264531E+00  3.405184342123E+00  2.133041324635E-02 -1.095015280310E-01  8.817111478501E-02 -6.904970261301E-02  1.504046194821E-03  5.841207004919E-05  5.709013308063E-06 -6.684581655989E-05  2.009565816029E-01 -5.841207000401E-05 -8.979505355573E-03  3.439050019019E-20 -2.350888048719E-20  1.128765915923E-19 -4.212386234453E-03
  1.720000000000E+02  1.740000000000E+02  1.590412462807E+01 -3.110860382951E-14 -1.553117558981E-01  2.557418763226E+02  6.845718225642E-01  1.046004566102E+00 -5.476513183927E-01 -1.252013756564E-02 -2.490798945544E+00  3.366333897337E+00  2.031828584567E-02 -1.072873234514E-01  8.696903760337E-02 -6.600489467544E-02  1.601512634794E-03  7.088853471268E-07  7.440827273240E-06 -3.527181842443E-05  1.946163531504E-01 -7.088852632866E-07 -9.773953876470E-03 -1.853130267213E-20 -1.959657862865E-20  7.010924448534E-20 -4.044034796686E-03
  1.760000000000E+02  1.780000000000E+02  1.595197658591E+01 -2.801428996187E-14 -1.579208631870E-01  2.572482612109E+02  6.834475167481E-01  1.042362561388E+00 -5.465175785428E-01 -1.281824660343E-02 -2.540424550064E+00  3.333911914633E+00  1.980866731846E-02 -1.053697505760E-01  8.556108325531E-02 -6.369459244626E-02  2.011188735875E-03 -1.940397660530E-05  1.313400808392E-05 -3.180990303876E-05  1.876599972093E-01  1.940397669835E-05 -1.003534809261E-02 -5.889420264011E-21 -3.593349514877E-20  9.029851964881E-20 -3.897736147912E-03
  1.800000000000E+02  1.820000000000E+02  1.599785879901E+01 -2.303471591710E-14 -1.603963526593E-01  2.586965859862E+02  6.822240144242E-01  1.037778354907E+00 -5.455083954476E-01 -1.304423221316E-02 -2.587225954513E+00  3.301066635498E+00  1.931242965108E-02 -1.037975265928E-01  8.448509694216E-02 -6.100877233943E-02  1.486419895222E-03  5.536120799782E-05  2.274339040241E-05 -7.090248760657E-05  1.804685821021E-01 -5.536120792960E-05 -9.458459029935E-03  8.916456983064E-21 -2.915092133272E-20  1.097067138305E-19 -3.758839983769E-03
  1.840000000000E+02  1.860000000000E+02  1.604236498199E+01 -1.830540609140E-14 -1.627576505372E-01  2.601028099606E+02  6.809377764199E-01  1.031861530411E+00 -5.443158192166E-01 -1.332105074381E-02 -2.631858830326E+00  3.269863029302E+00  1.877014062763E-02 -1.019695486938E-01  8.319940806721E-02 -5.908732866304E-02  1.405971862799E-03  3.332376496818E-05  2.780034422948E-05 -6.058239823846E-05  1.744043968176E-01 -3.332376489134E-05 -8.283628904020E-03 -9.806452863132E-22 -2.540383594887E-20  8.935259859751E-20 -3.630537692868E-03
  1.880000000000E+02  1.900000000000E+02  1.608522540358E+01 -1.359919815647E-14 -1.645761580950E-01  2.614591640092E+02  6.796551534457E-01  1.027044206519E+00 -5.432726899495E-01 -1.353977393082E-02 -2.667451252054E+00  3.239587504626E+00  1.839732389356E-02 -1.000840137505E-01  8.168668986005E-02 -5.702770319158E-02  1.142695380302E-03 -9.793019661668E-06  2.709000027622E-05 -3.238747474398E-05  1.704400440490E-01  9.793019730925E-06 -6.488507967625E-03 -2.785200124928E-20 -1.906799770086E-20  1.319528665456E-19 -3.515968107923E-03
  1.920000000000E+02  1.940000000000E+02  1.612754820926E+01 -9.052992152222E-15 -1.659685045956E-01  2.627999412352E+02  6.784442966597E-01  1.021478386941E+00 -5.420821143276E-01 -1.379077182604E-02 -2.697173955686E+00  3.208558264071E+00  1.799070756909E-02 -9.824838152175E-02  8.025767395281E-02 -5.547588416705E-02  7.923817226511E-04 -6.056621810047E-06  2.684848087319E-05 -3.103223336758E-05  1.661864679467E-01  6.056621798155E-06 -5.540310325508E-03  3.089450905068E-20 -3.308181001263E-20  1.303722928205E-19 -3.412123941798E-03
  1.960000000000E+02  1.980000000000E+02  1.616821252542E+01 -7.491473876427E-15 -1.673291243240E-01  2.640919046817E+02  6.773911272874E-01  1.016811617715E+00 -5.410895869063E-01 -1.400482558079E-02 -2.726308886725E+00  3.180422109118E+00  1.743214143693E-02 -9.639209529337E-02  7.895995385577E-02 -5.361985018134E-02  7.832042056047E-04 -3.818272926944E-06  2.830545312898E-05 -4.225397659174E-05  1.615219737402E-01  3.818272954753E-06 -5.255685386422E-03 -6.986367761713E-21 -2.799060787468E-20  1.477069192551E-19 -3.306188268292E-03
  2.000000000000E+02  2.020600000000E+02  1.620831420978E+01 -6.560946519870E-15 -1.686417433800E-01  2.653683690090E+02  6.761571781687E-01  1.011392349258E+00 -5.398710200917E-01 -1.417389122213E-02 -2.753759879422E+00  3.152321871287E+00  1.611219808051E-02 -9.307748651386E-02  7.696528843359E-02 -5.219136908757E-02  8.840135109008E-04  3.831060578003E-06  2.798022335527E-05 -5.209211202702E-05  1.536898200332E-01 -3.831060568236E-06 -4.598321265664E-03 -8.295703612552E-20  1.794476132851E-20  1.231651326840E-19 -3.217277671807E-03
  2.041200000000E+02  2.062418000000E+02  1.624745241687E+01 -2.394490566474E-15 -1.697717450372E-01  2.666160573722E+02  6.747218930981E-01  1.005825289507E+00 -5.387275701967E-01 -1.434149335519E-02 -2.778130403315E+00  3.128585891909E+00  1.436945795693E-02 -8.971931756461E-02  7.534985960668E-02 -5.061938342244E-02  2.108758970662E-04  2.730756346559E-06  2.334508195504E-05 -4.500886221239E-05  1.461019614330E-01 -2.730756155691E-06 -3.265381627553E-03  2.248486008527E-20 -6.937287790408E-21  8.841169444564E-20 -3.099281433983E-03
  2.083636000000E+02  2.105490540000E+02  1.628582789320E+01  3.352942345066E-15 -1.703444282038E-01  2.678409916466E+02  6.728817760605E-01  9.989418846083E-01 -5.375787517146E-01 -1.444794820419E-02 -2.792439153710E+00  3.104615465365E+00  1.263673317007E-02 -8.652067991447E-02  7.388394674627E-02 -4.844505283278E-02 -9.268442284254E-06  1.708109070687E-05  1.726025823350E-05 -3.260672552671E-05  1.409058581297E-01 -1.708109076436E-05 -7.357449877598E-04 -1.889580269975E-20  2.161943261099E-20  7.473052252885E-20 -3.001426025843E-03
  2.127345080000E+02  2.149855256200E+02  1.632439862103E+01  1.096949469916E-14 -1.701270553668E-01  2.690762625843E+02  6.707413667871E-01  9.930659127793E-01 -5.363107819119E-01 -1.455698656027E-02 -2.792717638538E+00  3.087063053155E+00  1.155074135637E-02 -8.364739238415E-02  7.209665102782E-02 -4.752926704362E-02 -4.980678600566E-04 -1.114042235117E-05  1.214142506123E-05 -3.588993463832E-05  1.367723938305E-01  1.114042254885E-05  2.504912790254E-03  4.311032951881E-22 -2.732909278338E-20  9.980087590351E-20 -2.929501222477E-03
  2.172365432400E+02  2.195550913886E+02  1.636277961592E+01  1.730056347025E-14 -1.689657374293E-01  2.703084737895E+02  6.685407854908E-01  9.864667833146E-01 -5.351252887204E-01 -1.467179625516E-02 -2.777252136232E+00  3.068191013045E+00  1.022076103735E-02 -8.056997998460E-02  7.034921894641E-02 -4.626594324938E-02 -8.189093767213E-04  1.369652535115E-05  8.772219836521E-06  5.754681462047E-06  1.320396376143E-01 -1.369652535647E-05  3.881202215051E-03 -4.545135201779E-20 -1.349123897426E-20  7.301232694581E-20 -2.859388098126E-03
  2.218736395372E+02  2.242617441303E+02  1.640098844867E+01  1.947034720950E-14 -1.678513776301E-01  2.715395492477E+02  6.662374108511E-01  9.792758997574E-01 -5.338151386160E-01 -1.480416242631E-02 -2.762964495391E+00  3.044444850714E+00  8.830453130067E-03 -7.725224357344E-02  6.842179044381E-02 -4.518216951909E-02 -8.775335086333E-04 -6.614879058020E-06  3.073381581140E-06  6.287628961854E-06  1.267437513572E-01  6.614879055750E-06  4.663710219109E-03 -1.346449580875E-20  2.029630324840E-21  7.354399946037E-20 -2.765569595729E-03
  2.266498487233E+02  2.291095964542E+02  1.643845969264E+01  2.111549867248E-14 -1.661480506616E-01  2.727516518900E+02  6.637230708643E-01  9.710236200569E-01 -5.327479134155E-01 -1.488517437325E-02 -2.739974040491E+00  3.023206628343E+00  7.628188455086E-03 -7.383313101555E-02  6.620494256026E-02 -4.337295700825E-02 -1.147653988580E-03 -2.672504422848E-05 -4.107171750837E-06 -1.810054588884E-05  1.214385244183E-01  2.672504423148E-05  5.887742909389E-03 -5.589453996119E-20  1.009017797501E-21  6.352414369493E-20 -2.672362283421E-03
  2.315693441850E+02  2.341028843478E+02  1.647558937682E+01  2.290531797798E-14 -1.642631684920E-01  2.739546054701E+02  6.611265538919E-01  9.610951386983E-01 -5.313372320150E-01 -1.502768311421E-02 -2.714318644620E+00  3.003552358606E+00  6.478653951100E-03 -7.032679274797E-02  6.384813879631E-02 -4.196094782028E-02 -1.451615458044E-03  1.928534154369E-06 -6.940902888007E-06 -3.180860792833E-05  1.165705516122E-01 -1.928534156952E-06  6.652023982136E-03 -7.353314985867E-20 -8.998100820954E-21  1.004030508925E-19 -2.577100216067E-03
  2.366364245106E+02  2.392459708782E+02  1.651228721928E+01  2.289514555951E-14 -1.619777745883E-01  2.751459352432E+02  6.588588827187E-01  9.498209419370E-01 -5.301699914172E-01 -1.508053247593E-02 -2.680442857168E+00  2.980688603739E+00  5.161981681186E-03 -6.669091698483E-02  6.152893530359E-02 -4.056966441855E-02 -1.775919384342E-03  1.413203777292E-05 -7.187425737552E-06 -2.757200115345E-05  1.116256329093E-01 -1.413203771178E-05  7.094412679467E-03  7.868441227895E-21 -2.084625500033E-20  8.597355695207E-20 -2.495366796982E-03
  2.418555172459E+02  2.445433500046E+02  1.654844598232E+01  2.019723826842E-14 -1.596892610112E-01  2.763165107267E+02  6.571081270127E-01  9.400965197554E-01 -5.285295198563E-01 -1.522382143586E-02 -2.645719873614E+00  2.958901544379E+00  3.661583290793E-03 -6.284884463443E-02  5.918726134407E-02 -3.928162624687E-02 -1.870395771196E-03  2.269343380512E-05 -5.716482570889E-06 -1.198219953329E-05  1.063185694943E-01 -2.269343384883E-05  8.242144340898E-03 -2.688126088453E-20  2.666615503370E-21  4.043833099880E-20 -2.414857306948E-03
  2.472311827633E+02  2.499996505047E+02  1.658374391854E+01  1.619950296590E-14 -1.564718622557E-01  2.774611737484E+02  6.557730261669E-01  9.303787287481E-01 -5.270589250452E-01 -1.533774660143E-02 -2.596998988864E+00  2.942912870089E+00  2.293239214130E-03 -5.918644411106E-02  5.689320489700E-02 -3.802396561467E-02 -2.489467514746E-03  2.233889122751E-05 -4.313936165614E-06  1.125190029452E-05  1.011823936197E-01 -2.233889127514E-05  1.027596635980E-02 -2.473443469051E-20 -1.254502887813E-20  7.944824248469E-20 -2.348644371671E-03
  2.527681182462E+02  2.556196400198E+02  1.661847937224E+01  1.385531735639E-14 -1.525563728201E-01  2.785885005247E+02  6.546184758324E-01  9.207192184669E-01 -5.252747271399E-01 -1.543605364663E-02 -2.535915714830E+00  2.925886554757E+00  1.313693799670E-03 -5.554190554272E-02  5.422821174306E-02 -3.717022158348E-02 -2.653853392366E-03  7.791163232750E-06 -5.618405145444E-06 -1.627974729850E-06  9.774985797477E-02 -7.791163235703E-06  1.143862690214E-02 -5.169971124162E-20 -7.805884965538E-21  8.046856810764E-20 -2.313969314030E-03
  2.584711617935E+02  2.614082292204E+02  1.665342177133E+01  1.389063733828E-14 -1.483528016481E-01  2.797268848527E+02  6.535712129440E-01  9.118257107672E-01 -5.236518118214E-01 -1.549685620569E-02 -2.469894952193E+00  2.915771224227E+00  2.677765376084E-05 -5.198025877640E-02  5.195348112196E-02 -3.680896753283E-02 -2.918474421214E-03  6.532567487357E-06 -7.340099045090E-06 -3.831917694534E-05  9.595497065307E-02 -6.532567490015E-06  1.293079935485E-02 -2.101095902811E-20 -3.856084922088E-21  3.735911181995E-20 -2.280277318840E-03
  2.643452966473E+02  2.673704760971E+02  1.668892258157E+01  1.435421602182E-14 -1.431876650934E-01  2.808849160804E+02  6.527063267728E-01  9.023920617649E-01 -5.216481818847E-01 -1.562792995784E-02 -2.387678077688E+00  2.906637836444E+00 -1.480408581740E-03 -4.815844386986E-02  4.963885245106E-02 -3.630506209633E-02 -3.314259455690E-03 -3.880354874828E-06 -6.098687685405E-06 -3.226532455594E-05  9.398593191912E-02  3.880354854250E-06  1.586305783337E-02 -5.708703336434E-20  3.789548668770E-20  4.727332792213E-20 -2.244144426499E-03
  2.703956555468E+02  2.735115903800E+02  1.672447920020E+01  1.312069188829E-14 -1.364287796488E-01  2.820506741835E+02  6.520425763470E-01  8.931141258055E-01 -5.199846863109E-01 -1.567359509703E-02 -2.278122802072E+00  2.895174122018E+00 -2.943748561662E-03 -4.448786069754E-02  4.743160925846E-02 -3.552597226940E-02 -4.495349295246E-03 -4.316804201023E-06  2.515367730439E-08 -1.423004171561E-05  9.100179035510E-02  4.316804136435E-06  1.761193636241E-02 -3.169985779107E-20 -2.424687826146E-20  1.151116149138E-20 -2.196368398021E-03
  2.766275252132E+02  2.798369380914E+02  1.675982889093E+01  1.105702927944E-14 -1.294762491578E-01  2.832110372905E+02  6.515655219256E-01  8.841979317614E-01 -5.178357306438E-01 -1.592284721032E-02 -2.163631690995E+00  2.892790337354E+00 -4.005629596469E-03 -4.110478293284E-02  4.511041252942E-02 -3.483673987306E-02 -4.677544925397E-03  2.544463262478E-06  7.517610319410E-06 -2.144920079272E-05  8.779852171416E-02 -2.544463322424E-06  1.959064975918E-02 -3.283119409281E-20  9.255566587796E-21  8.263638869267E-20 -2.159396062260E-03
  2.830463509696E+02  2.863520462341E+02  1.679501377833E+01  1.224925102033E-14 -1.207569719944E-01  2.843715241121E+02  6.511190596785E-01  8.747982257165E-01 -5.159269623682E-01 -1.587907020742E-02 -2.018483108892E+00  2.886819804607E+00 -5.480039755177E-03 -3.744608403301E-02  4.292612378780E-02 -3.422046484764E-02 -5.162446260474E-03 -2.686870477116E-05  1.000356913333E-05 -5.586836847197E-06  8.492965450338E-02  2.686870479579E-05  2.218359489237E-02  1.786749429831E-21 -2.591437006357E-20  5.589496942676E-21 -2.116355585708E-03
  2.896577414987E+02  2.930626076211E+02  1.683007016954E+01  1.629716240431E-14 -1.111844503389E-01  2.855283360901E+02  6.506452764341E-01  8.656908490915E-01 -5.135711603397E-01 -1.595647747634E-02 -1.859702119260E+00  2.877755837048E+00 -6.715505114075E-03 -3.379913252100E-02  4.051463763484E-02 -3.354857621845E-02 -5.294012655692E-03 -1.604245251157E-05  9.384244919880E-06  5.824174193204E-06  8.166254051458E-02  1.604245254631E-05  2.235712967437E-02  1.300829270680E-21 -1.331362813063E-20  1.883352848275E-20 -2.069530052218E-03
  2.964674737436E+02  2.999744858498E+02  1.686455488849E+01  1.787936001147E-14 -1.017040277494E-01  2.866657596039E+02  6.500257196739E-01  8.558868654066E-01 -5.114632456089E-01 -1.594737722515E-02 -1.702405807824E+00  2.880617439144E+00 -8.121487465076E-03 -3.012097922992E-02  3.824246669457E-02 -3.267445757881E-02 -5.561073651037E-03 -1.601660956540E-05  9.326861110639E-06  1.139763291389E-05  7.916111479889E-02  1.601660960970E-05  2.075120933498E-02 -1.710846525282E-20 -3.346483853242E-20  3.576584230268E-20 -2.035055522262E-03
  3.034814979559E+02  3.070937204253E+02  1.689947440415E+01  1.565583983345E-14 -9.292799817977E-02  2.878214377529E+02  6.493497336828E-01  8.453843659905E-01 -5.087831296471E-01 -1.590973648727E-02 -1.556273844113E+00  2.883802128912E+00 -9.293494442258E-03 -2.673360740013E-02  3.602710184211E-02 -3.232773782778E-02 -5.209497348429E-03 -7.870249795734E-06  1.060293737201E-05  8.175790712783E-06  7.752791993818E-02  7.870249790427E-06  2.209903628729E-02  8.199626542840E-22  1.727493034033E-20  1.806946122319E-20 -1.994436891563E-03
  3.107059428946E+02  3.144265320380E+02  1.693452634967E+01  1.085487472477E-14 -8.171743188934E-02  2.889814541909E+02  6.487052777568E-01  8.383024836842E-01 -5.063987304235E-01 -1.567161327938E-02 -1.371589338733E+00  2.893074784896E+00 -1.042268741974E-02 -2.331399911796E-02  3.373668653665E-02 -3.157642055023E-02 -6.361998949995E-03  3.501385086219E-06  1.374953016408E-05  1.421188959640E-05  7.678356604958E-02 -3.501385127157E-06  2.306303144973E-02 -2.202174312790E-20  6.907437484320E-21  1.011578473565E-20 -1.978902694862E-03
  3.181471211814E+02  3.219793279992E+02  1.697086903038E+01  3.352587015874E-15 -7.148642858404E-02  2.901846791907E+02  6.480103714576E-01  8.355099006406E-01 -5.032022714029E-01 -1.569628375785E-02 -1.203151803133E+00  2.899984766191E+00 -1.174488510246E-02 -1.939786333670E-02  3.114274843821E-02 -3.201105593808E-02 -5.837593619210E-03 -7.828753059235E-06  1.523978784882E-05  1.127931793568E-05  7.443407650121E-02  7.828752990634E-06  2.122244005280E-02  8.492252541282E-21  1.274186426128E-20  2.167499759466E-20 -1.985908253868E-03
  3.258115348169E+02  3.297587078391E+02  1.700578445472E+01 -2.763093284267E-15 -6.135799482743E-02  2.913403315266E+02  6.470800831769E-01  8.391912749030E-01 -5.006069055095E-01 -1.541219939714E-02 -1.033196405480E+00  2.915512396034E+00 -1.302270376225E-02 -1.589281578119E-02  2.891551954380E-02 -3.153031206968E-02 -5.890625364013E-03 -1.255320076120E-05  1.555142240289E-05 -9.194487656353E-06  7.434434854047E-02  1.255320080316E-05  2.014466723987E-02 -4.807327606179E-20 -1.468168965213E-20  1.116498459985E-20 -1.998411354530E-03
  3.337058808614E+02  3.377714690743E+02  1.704416393572E+01 -7.500119159990E-15 -5.156683024030E-02  2.926145413159E+02  6.463772929733E-01  8.411199723856E-01 -4.969696140470E-01 -1.529151817683E-02 -8.684006884263E-01  2.937321020327E+00 -1.412130571936E-02 -1.255159050244E-02  2.667289622123E-02 -3.269568772045E-02 -5.444653870072E-03 -3.806167650906E-06  1.816800308530E-05 -1.492799035572E-05  7.376908519432E-02  3.806167606484E-06  1.886129985940E-02 -2.503459339660E-20 -7.662906283376E-21  2.091151856403E-20 -2.011505086840E-03
  3.418370572872E+02  3.460246131465E+02  1.708072834662E+01 -1.310448942647E-14 -4.215706008400E-02  2.938371978035E+02  6.461048727115E-01  8.430788071790E-01 -4.939664383720E-01 -1.497688819134E-02 -7.083560080403E-01  2.957785693929E+00 -1.558656467186E-02 -8.761435487426E-03  2.434800015842E-02 -3.154838783893E-02 -4.878522057418E-03  4.501786782574E-06  2.296834934851E-05 -1.089207547915E-05  7.311837032150E-02 -4.501786785484E-06  1.796848483209E-02 -1.188927475557E-20 -4.018298959741E-20 -2.641851519940E-20 -1.990757166880E-03
  3.502121690058E+02  3.545253515409E+02  1.712069248530E+01 -1.728121176251E-14 -3.268018096575E-02  2.951779291811E+02  6.459447378279E-01  8.404448485800E-01 -4.898621551953E-01 -1.476559770188E-02 -5.433829859958E-01  2.990331588121E+00 -1.695463438485E-02 -4.759374091605E-03  2.171400847520E-02 -3.261661169168E-02 -4.836042761004E-03 -1.151953893828E-05  2.598903483769E-05 -1.935829083318E-05  7.510715241177E-02  1.151953891085E-05  1.625637859926E-02 -2.600989320634E-20  1.426803936730E-21  3.408215653219E-21 -2.064435427743E-03
  3.588385340760E+02  3.632811120872E+02  1.716168944593E+01 -1.953308261665E-14 -2.454424185235E-02  2.965537021109E+02  6.456224290374E-01  8.381492396118E-01 -4.861753874497E-01 -1.424521361912E-02 -3.995152743443E-01  3.027316379224E+00 -1.786394078301E-02 -1.421046145063E-03  1.928498692850E-02 -3.335776434466E-02 -4.315639704945E-03 -1.635973118300E-05  2.643930803967E-05 -2.244544005801E-05  7.666170030976E-02  1.635973121021E-05  1.504448803253E-02 -3.794653874023E-20  3.185152222046E-20 -8.172670883447E-20 -2.131852466579E-03
  3.677236900983E+02  3.722995454498E+02  1.720585334606E+01 -2.062532797909E-14 -1.592816622903E-02  2.980396197698E+02  6.447185867219E-01  8.364869469952E-01 -4.816275014160E-01 -1.380235194984E-02 -2.473582134786E-01  3.063164460875E+00 -1.947368648331E-02  2.431365175066E-03  1.704232130823E-02 -3.462593713419E-02 -4.403886642582E-03 -2.331132828283E-06  2.454874311806E-05 -1.250389635296E-05  7.510827182114E-02  2.331132823000E-06  1.379395223172E-02 -3.935039880226E-20 -2.550089825041E-21 -1.669183195472E-22 -2.144940841271E-03
  3.768754008012E+02  3.815885318133E+02  1.724764077510E+01 -2.241869407130E-14 -8.774260966039E-03  2.994471986983E+02  6.429173136228E-01  8.360495813262E-01 -4.774139702352E-01 -1.310524405117E-02 -1.199723420755E-01  3.099072721310E+00 -2.082570835067E-02  5.912615574137E-03  1.491309277735E-02 -3.384607597705E-02 -3.612037314819E-03  1.258105357797E-06  1.782118124437E-05 -3.265712851394E-06  7.147702059328E-02 -1.258105341697E-06  1.029442364344E-02 -2.972326315939E-20  2.989517369250E-20  7.995938929427E-21 -2.085525015067E-03
  3.863016628253E+02  3.911561877677E+02  1.729005308573E+01 -2.509684271744E-14 -3.883337883882E-03  3.008802575057E+02  6.405227221488E-01  8.361051687441E-01 -4.724896528151E-01 -1.256764253737E-02 -2.780678348669E-02  3.137936352390E+00 -2.191284310378E-02  9.540855746607E-03  1.237198735574E-02 -3.296963728258E-02 -2.738899325317E-03  7.062084338064E-07  9.491999040004E-06 -7.384856218995E-06  7.016133705817E-02 -7.062084320068E-07  5.270435799666E-03 -3.926833892718E-20 -5.697298127751E-21 -6.487212715841E-20 -2.048795226969E-03
  3.960107127100E+02  4.010108734007E+02  1.733278146414E+01 -2.704961992242E-14 -2.421051696099E-03  3.023304704433E+02  6.373772364468E-01  8.326614100702E-01 -4.675425885200E-01 -1.173540459478E-02  7.238694372081E-03  3.188157313245E+00 -2.322089887175E-02  1.334849073462E-02  9.872408137613E-03 -3.294286063530E-02 -1.061974675661E-03 -1.657626177579E-05  1.841769430137E-06 -2.396796147958E-06  7.217336074929E-02  1.657626179288E-05  7.244939801094E-04  4.706133557362E-20 -1.088215010593E-21 -2.561975488685E-20 -2.122357467043E-03
  4.060110340913E+02  4.111611996027E+02  1.738029890422E+01 -2.863783400235E-14 -2.974694138340E-03  3.039423147717E+02  6.341039601869E-01  8.318350475302E-01 -4.615341489828E-01 -1.138806686550E-02  8.019850957517E-03  3.238740888755E+00 -2.450149673086E-02  1.744957449792E-02  7.051922232733E-03 -3.485650442168E-02  2.641909417122E-05 -1.117034656156E-05 -3.810507634155E-06  6.794340186657E-06  7.295267333633E-02  1.117034654548E-05  1.365843363669E-04 -6.612340854620E-21  4.104951782728E-21 -4.180686471624E-20 -2.183103240474E-03
  4.163113651141E+02  4.216160355908E+02  1.742670130329E+01 -3.007851360921E-14 -2.283806223504E-03  3.055251669021E+02  6.314140273446E-01  8.270191942740E-01 -4.557898366290E-01 -1.074726737821E-02  2.624784484101E-02  3.294462571549E+00 -2.526248377226E-02  2.053044620598E-02  4.732037566498E-03 -3.528930600244E-02 -2.787713463307E-04  3.129628028376E-06 -4.873805281785E-06  5.228444248583E-06  7.347247216511E-02 -3.129628066398E-06  2.479567664802E-03  3.267962624082E-21 -1.157069374888E-20 -7.726403725634E-21 -2.262108623431E-03
  4.269207060675E+02  4.323845166585E+02  1.747773370380E+01 -2.939949036533E-14  2.435084665059E-04  3.072770077793E+02  6.289550164518E-01  8.254738988751E-01 -4.492751232176E-01 -1.027397937846E-02  7.883022656989E-02  3.341808232339E+00 -2.609699304715E-02  2.397324369535E-02  2.123749351728E-03 -3.706207213288E-02 -1.071806801082E-03  1.152957379041E-05 -2.814367588264E-06  5.875607289595E-06  7.679973411891E-02 -1.152957376160E-05  5.067525029440E-03  7.227875555610E-21  2.633341079337E-20 -6.316234501135E-20 -2.353694984843E-03
  4.378483272495E+02  4.434760521583E+02  1.753167470480E+01 -2.719122511064E-14  4.620353152954E-03  3.091330239422E+02  6.264576332337E-01  8.258723830444E-01 -4.422946793690E-01 -9.806355985948E-03  1.599527319875E-01  3.408564211851E+00 -2.695166765949E-02  2.715023749699E-02 -1.985698375682E-04 -3.833952881232E-02 -1.688858200992E-03  1.452506709888E-05  1.884555848561E-06  1.420408869980E-05  8.177891596672E-02 -1.452506707134E-05  7.291196577538E-03 -1.616066874029E-20  1.376591214758E-20 -8.631569435425E-20 -2.475614272209E-03
  4.491037770670E+02  4.549003337230E+02  1.759282202968E+01 -2.678570176715E-14  1.055852876247E-02  3.112415972733E+02  6.241047799210E-01  8.281641054827E-01 -4.347493019593E-01 -9.203406721111E-03  2.655846809509E-01  3.472312964628E+00 -2.814025316390E-02  3.026101924259E-02 -2.120766076807E-03 -4.088368253774E-02 -2.392020458398E-03 -1.327135101764E-05  9.469386324946E-06  1.770624417915E-05  8.417565047184E-02  1.327135102431E-05  7.552566058321E-03 -3.378078585692E-20 -8.663171050411E-22 -3.896715882018E-20 -2.587093666133E-03
  4.606968903790E+02  4.666673437347E+02  1.765367312787E+01 -2.736577970885E-14  1.559243428015E-02  3.133562581529E+02  6.212336353719E-01  8.301146326536E-01 -4.270598599620E-01 -9.026016900142E-03  3.526818748266E-01  3.529082528858E+00 -2.894675506203E-02  3.363215308139E-02 -4.685398019693E-03 -4.173493567437E-02 -2.119233627148E-03 -8.340117894643E-06  1.272052419635E-05  1.240576503508E-05  8.213975046695E-02  8.340117916101E-06  5.990518471954E-03 -1.767559640559E-21  2.082182301843E-20 -3.457337154320E-20 -2.623084809281E-03
  4.726377970904E+02  4.787873640468E+02  1.771543378273E+01 -2.913125921767E-14  1.947723056646E-02  3.155064196325E+02  6.173819328856E-01  8.345453743059E-01 -4.188761842968E-01 -7.957857712295E-03  4.164487793871E-01  3.591806046306E+00 -3.021613255414E-02  3.701562175409E-02 -6.799489201404E-03 -4.224517928980E-02 -1.879179322787E-03 -8.140737837094E-07  7.242669627699E-06  1.241268039981E-05  8.167773734398E-02  8.140737455446E-07  6.960944938394E-03 -3.779255208495E-20  3.050776853261E-20 -5.883584274227E-20 -2.650189019591E-03
  4.849369310031E+02  4.912709849682E+02  1.777918961064E+01 -2.931947996742E-14  2.629622678399E-02  3.177405392391E+02  6.122037868378E-01  8.387836752394E-01 -4.105782995545E-01 -8.232123923248E-03  5.314507098009E-01  3.672818014404E+00 -3.152569785003E-02  4.024173751003E-02 -8.716039659026E-03 -4.299995615890E-02 -3.008829940597E-03  6.292361263447E-06  8.993813191382E-07  8.165386013537E-06  8.344649331353E-02 -6.292361169137E-06  6.597754698236E-03 -1.373947487050E-21  1.810848957420E-20 -2.990037915906E-20 -2.750068766381E-03
  4.976050389332E+02  5.041291145172E+02  1.784753483763E+01 -2.614522082630E-14  2.995012731373E-02  3.201430476392E+02  6.054573207731E-01  8.443754140899E-01 -4.011300479570E-01 -7.124759127538E-03  5.928404250428E-01  3.758880572301E+00 -3.276365440640E-02  4.364402110183E-02 -1.088036669516E-02 -4.465740558840E-02 -2.966246157157E-03 -8.192790296130E-06 -3.314909373386E-06  5.839554242220E-06  8.273651215814E-02  8.192790237274E-06  5.237127190495E-03 -3.824864947222E-20 -1.675123248064E-23 -2.631273192393E-20 -2.756288409387E-03
  5.106531901012E+02  5.173729879527E+02  1.791412727548E+01 -2.424201724777E-14  3.486692503556E-02  3.224935981449E+02  5.973807002907E-01  8.418010094202E-01 -3.923129060977E-01 -6.826508717326E-03  6.794635902432E-01  3.857389943515E+00 -3.400566373931E-02  4.708799319678E-02 -1.308232945699E-02 -4.385538779884E-02 -2.943264769094E-03 -9.161355511416E-06 -6.802244332185E-06 -1.460851991297E-06  8.229492570743E-02  9.161355554190E-06  4.326394466942E-03 -7.751229305417E-20  1.123555040737E-20 -3.406353471011E-20 -2.798464905410E-03
  5.240927858042E+02  5.310141775913E+02  1.798579525931E+01 -2.177625744657E-14  3.722449891283E-02  3.250284318419E+02  5.881999878574E-01  8.332571189773E-01 -3.822361246547E-01 -5.865198090946E-03  7.271647861354E-01  3.960902980177E+00 -3.457705759333E-02  5.030108085860E-02 -1.572402326552E-02 -4.578897684578E-02 -2.577852389045E-03  2.049935151161E-07 -1.023547069119E-05 -9.332568428258E-06  8.197151778000E-02 -2.049934730837E-07  5.322638899921E-03 -4.107670536191E-20  2.039921881886E-20 -4.213392860704E-20 -2.875898246497E-03
  5.379355693784E+02  5.450646029190E+02  1.805597051339E+01 -1.736621841701E-14  4.405610632635E-02  3.275254679999E+02  5.784866456973E-01  8.173288457214E-01 -3.723125871130E-01 -5.449079543929E-03  8.458261901322E-01  4.072411160794E+00 -3.633631269400E-02  5.454322886005E-02 -1.820691616711E-02 -4.612577400597E-02 -4.150297423243E-03 -4.610466458910E-06 -1.162405022441E-05  3.901636683535E-06  8.150236654443E-02  4.610466508090E-06  5.041638422495E-03 -5.700344777385E-20  9.125615918708E-21 -5.737563212123E-20 -2.924952048638E-03
  5.521936364597E+02  5.595365410066E+02  1.813101677054E+01 -1.500851613129E-14  4.622314190877E-02  3.302094556085E+02  5.692194204195E-01  8.044489629876E-01 -3.618270907742E-01 -4.213791554211E-03  8.827506936228E-01  4.199568946991E+00 -3.773900896203E-02  5.752983898345E-02 -1.979083002330E-02 -4.795778699138E-02 -3.011126375512E-03 -4.390854179848E-06 -1.087794014024E-05  4.689625855191E-06  8.097801029019E-02  4.390854173504E-06  2.778519500446E-03  1.549713856536E-20 -1.843449075822E-21 -2.490480693537E-20 -2.990463783809E-03
  5.668794455535E+02  5.743794455535E+02  1.820453395909E+01 -1.478157960616E-14  4.913968199832E-02  3.328499147289E+02  5.606767276676E-01  7.838267691583E-01 -3.507920527115E-01 -3.882232982285E-03  9.374702427720E-01  4.279785147499E+00 -3.735023993296E-02  5.877704210054E-02 -2.142680216786E-02 -4.753285169882E-02 -3.042911309952E-03 -1.564195687347E-05 -8.028076137655E-06  1.088784723943E-05  7.934554935632E-02  1.564195692716E-05  3.157433962239E-03 -3.226998092636E-20  3.351170274045E-21 -3.029540007614E-20 -3.026354814478E-03
  5.818794455535E+02  5.893794455535E+02  1.827972101433E+01 -1.510534984132E-14  5.208104736393E-02  3.355614017401E+02  5.508156830797E-01  7.703015742223E-01 -3.403208593749E-01 -3.142047928838E-03  9.790235478813E-01  4.260791134782E+00 -3.708813297262E-02  5.846842416800E-02 -2.138029119482E-02 -4.901795083175E-02 -2.762702359037E-03 -9.036930729093E-06 -1.964307857537E-06  9.240789896237E-06  8.058507876417E-02  9.036930726995E-06  6.239276012949E-03 -4.637683605284E-20  3.399277382557E-20 -4.894258106044E-20 -3.060619451685E-03
  5.968794455535E+02  6.043794455535E+02  1.835558669613E+01 -1.729187279476E-14  6.086457414319E-02  3.382933242246E+02  5.383811886655E-01  7.568981176297E-01 -3.291722355714E-01 -2.523512447146E-03  1.138563622916E+00  4.240058498246E+00 -3.617446162369E-02  5.768781863930E-02 -2.151335701590E-02 -4.912346400063E-02 -5.092823741830E-03 -5.857739672084E-07  3.986284114192E-06 -1.232343746229E-06  8.633932769740E-02  5.857739972253E-07  7.808298562540E-03 -4.062200638452E-20  1.891894351831E-20 -8.479487891903E-20 -3.200052505229E-03
  6.118794455535E+02  6.193794455535E+02  1.844156188069E+01 -1.871650346282E-14  6.680600514835E-02  3.414097097521E+02  5.240018567348E-01  7.486015567541E-01 -3.191478855300E-01 -1.546858235011E-03  1.247842560487E+00  4.247902308993E+00 -3.555762118242E-02  5.873544292307E-02 -2.317782174083E-02 -5.387534147111E-02 -4.150486181415E-03  7.135325856172E-07  8.374163292457E-06 -4.624436140014E-06  9.444842612529E-02 -7.135326040987E-07  3.478024346139E-03 -5.583110739127E-20  8.048815893882E-21  1.608333905251E-20 -3.523831213814E-03
  6.268794455535E+02  6.343794455535E+02  1.853273540607E+01 -1.800402651038E-14  6.741187411836E-02  3.447315226971E+02  5.083714847186E-01  7.302845039505E-01 -3.083506773177E-01 -1.240205004106E-03  1.270451826853E+00  4.229077712720E+00 -3.511514955158E-02  5.930963970343E-02 -2.419449015216E-02 -5.857223284260E-02 -2.040457624678E-03  6.801185449215E-06  9.510991888337E-06 -8.653105159998E-06  1.013300475859E-01 -6.801185478333E-06  2.606616446892E-03 -3.114057649821E-20  4.940634897951E-21 -5.285375418809E-20 -3.775635437130E-03
  6.418794455535E+02  6.493794455535E+02  1.863167775732E+01 -1.645051340519E-14  7.159914214494E-02  3.483573101833E+02  4.929465225039E-01  7.065783926213E-01 -2.979840610506E-01 -5.429087203230E-04  1.364357027737E+00  4.165586368354E+00 -3.362136015400E-02  5.813833642247E-02 -2.451697626974E-02 -6.158849768414E-02 -2.487260130056E-03 -1.766722351695E-06  5.235542389848E-06 -2.017004429399E-05  1.040210341903E-01  1.766722368464E-06  3.253136061576E-03 -2.285980632829E-20  9.009655924998E-21 -3.687218905079E-20 -3.832727227005E-03
  6.568794455535E+02  6.643794455535E+02  1.872781844172E+01 -1.475025657172E-14  7.336036016668E-02  3.518989718683E+02  4.791639830782E-01  6.779403132008E-01 -2.859749802586E-01 -5.390692726906E-04  1.414655464597E+00  4.128102056743E+00 -3.247468769715E-02  5.653792650840E-02 -2.406323881102E-02 -6.058439422355E-02 -1.157238189556E-04  3.556414620648E-06 -4.538198054241E-07 -2.109321374217E-05  1.052833337466E-01 -3.556414614285E-06 -1.619827429290E-03 -1.073014959564E-20 -7.430345951204E-21 -6.627588473237E-20 -3.782031779518E-03
  6.718794455535E+02  6.793794455535E+02  1.882905673115E+01 -1.380309639735E-14  6.848841282863E-02  3.556583850355E+02  4.667970571212E-01  6.561962341610E-01 -2.750694060528E-01  2.157007640293E-04  1.330865130536E+00  4.081031634015E+00 -3.223533463842E-02  5.611285187244E-02 -2.387751723388E-02 -6.039837211791E-02  3.151577665525E-03  5.127049794879E-06 -3.047243819941E-06 -2.374021470730E-05  1.028921815352E-01 -5.127049755378E-06 -5.720134804793E-03 -4.726731364849E-20 -2.195944977799E-20 -6.908427406121E-20 -3.657636421604E-03
  6.868794455535E+02  6.943794455535E+02  1.892072155925E+01 -1.372003089843E-14  6.263341702094E-02  3.590699625846E+02  4.553372112977E-01  6.369708115527E-01 -2.626010786129E-01 -5.989364935775E-04  1.232990465301E+00  3.995733307939E+00 -3.082062956270E-02  5.322764797209E-02 -2.240701840859E-02 -5.655662784870E-02  3.214691089483E-03 -4.266374623372E-06  3.867066884973E-07 -1.773808796882E-05  9.981195375096E-02  4.266374621125E-06 -7.885508954768E-03 -2.712062826262E-20  2.900239017378E-20 -1.409392011514E-20 -3.517591246035E-03
  7.018794455535E+02  7.093794455535E+02  1.901622168441E+01 -1.562272880506E-14  5.372434373346E-02  3.626430476345E+02  4.419193559921E-01  6.199991344210E-01 -2.506529521059E-01 -2.644986510864E-04  1.067561849848E+00  3.961002259914E+00 -3.047299037359E-02  5.268307523556E-02 -2.221008486096E-02 -5.646731171230E-02  3.511987965146E-03  4.396117873131E-06  5.320873698306E-06 -1.715305425489E-05  9.886402123193E-02 -4.396117909864E-06 -6.560268268344E-03 -5.144917315168E-20  3.102527762189E-20 -3.712444154958E-20 -3.493369120995E-03
  7.168794455535E+02  7.243794455535E+02  1.910610231716E+01 -1.886543467740E-14  5.037013474294E-02  3.660104437243E+02  4.267124263691E-01  6.047564767845E-01 -2.380647106731E-01 -9.262256727590E-04  1.012086924190E+00  3.899298607691E+00 -3.013845057693E-02  5.163113470304E-02 -2.149268412666E-02 -5.450917456418E-02  2.584652807673E-03  1.563773564297E-06  5.974491526258E-06 -8.896335744577E-06  9.539187116172E-02 -1.563773579726E-06 -4.814649546527E-03 -3.252120360390E-20 -1.280921992424E-20 -4.354589288160E-20 -3.315632795803E-03
  7.318794455535E+02  7.393794455535E+02  1.919511919513E+01 -2.048250111186E-14  4.479131910990E-02  3.693710839483E+02  4.112134039527E-01  5.943979468918E-01 -2.257894648506E-01 -9.083110116947E-04  9.069296639247E-01  3.830682408291E+00 -2.942794417303E-02  5.050788496481E-02 -2.107994079268E-02 -5.218665172632E-02  3.213910506229E-03 -6.042452035508E-06  5.861560820948E-06  1.474938736410E-05  9.396295821919E-02  6.042452056236E-06 -3.812258347155E-03 -8.897187295470E-22  3.648900080091E-20 -4.742261363497E-20 -3.247705842792E-03
  7.468794455535E+02  7.543794455535E+02  1.928240110394E+01 -1.986910751669E-14  4.330010342510E-02  3.726774172277E+02  3.958189441140E-01  5.735294824862E-01 -2.119517188373E-01 -1.570142365876E-03  8.866665923044E-01  3.782049629872E+00 -2.847258721422E-02  4.899488291471E-02 -2.052229570154E-02 -5.147707403751E-02  1.474021025023E-03 -4.196276222113E-06  4.425247643006E-06  1.887944638226E-06  9.377423509706E-02  4.196276224412E-06 -2.611957871714E-03 -3.541182594389E-20  1.791411212168E-20 -6.246891004765E-20 -3.194192337658E-03
  7.618794455535E+02  7.693794455535E+02  1.937103999084E+01 -1.740274591100E-14  3.987040634908E-02  3.760519294007E+02  3.795186063525E-01  5.553020218151E-01 -1.989137467008E-01 -2.004800927442E-03  8.238727060350E-01  3.704735568471E+00 -2.743577284330E-02  4.772267587021E-02 -2.028690302831E-02 -5.071849967094E-02  9.111742876186E-04 -2.318239170223E-06 -1.410917583518E-08 -6.309186601980E-06  9.177750515249E-02  2.318239156084E-06 -2.173731532982E-03 -2.515925886868E-20 -1.938855788524E-20 -3.851812517218E-20 -3.114594742342E-03
  7.768794455535E+02  7.843794455535E+02  1.945446351592E+01 -1.300259784102E-14  3.921112005660E-02  3.792323060038E+02  3.626520979066E-01  5.257309276551E-01 -1.853006514475E-01 -2.590966942624E-03  8.124102891385E-01  3.643103245071E+00 -2.586526930693E-02  4.585708749877E-02 -1.999181819121E-02 -4.892785320328E-02 -1.077148478925E-04 -1.987026074130E-07 -5.161468190111E-06 -5.647233901044E-06  9.170529099510E-02  1.987026234629E-07  1.188082630414E-03 -2.137634914268E-20  8.565116990399E-21 -4.773119101991E-20 -3.058329267102E-03
  7.918794455535E+02  7.993794455535E+02  1.954285925727E+01 -7.375912380869E-15  4.215639378565E-02  3.826311381005E+02  3.463851335271E-01  4.983560713396E-01 -1.720675980174E-01 -3.731817156625E-03  8.712099093422E-01  3.600290781810E+00 -2.531955351440E-02  4.475778467900E-02 -1.943823116372E-02 -4.907752189726E-02 -1.788744894966E-03  4.763484433400E-06 -5.465670221507E-06 -4.466178770821E-06  9.281758116278E-02 -4.763484380302E-06  3.320968010390E-03 -1.518269215665E-20 -1.480269471781E-20 -2.181875346350E-20 -3.030606904979E-03
  8.068794455535E+02  8.143794455535E+02  1.962839549268E+01 -2.334567724323E-15  4.548207297854E-02  3.859373557077E+02  3.305341770904E-01  4.717018712280E-01 -1.592805353160E-01 -4.487139785800E-03  9.359735627665E-01  3.525690666769E+00 -2.442747479083E-02  4.324007186943E-02 -1.881259707867E-02 -4.740920178157E-02 -1.740852758682E-03 -1.396387795786E-06 -3.618160929622E-06 -4.236569190238E-06  8.899432363130E-02  1.396387843875E-06  6.264666020045E-03 -3.187759343953E-20 -1.445554012374E-20 -3.585401721609E-20 -2.885398679375E-03
  8.218794455535E+02  8.293794455535E+02  1.970971564396E+01  8.227261464692E-16  5.389956190084E-02  3.890940753313E+02  3.147964637505E-01  4.417975751690E-01 -1.458866201828E-01 -5.382580214147E-03  1.099244064389E+00  3.452707838752E+00 -2.330122470309E-02  4.119229095572E-02 -1.789106625338E-02 -4.487950982746E-02 -2.954211799524E-03  6.854746060500E-06 -5.612284078233E-07 -1.922076896276E-06  8.437354783460E-02 -6.854746040995E-06  5.308208881447E-03 -2.854684998579E-20 -2.557101006436E-21 -6.813334314824E-20 -2.738240456841E-03
  8.368794455535E+02  8.443794455535E+02  1.978662844786E+01  3.822340592189E-15  5.540650777375E-02  3.920863982957E+02  2.984796141542E-01  4.130167624539E-01 -1.328723074631E-01 -5.369605626980E-03  1.130821240873E+00  3.369665216737E+00 -2.224716386467E-02  3.992658090839E-02 -1.767941704285E-02 -4.259431787522E-02 -1.150797521817E-03  3.156268336110E-06  3.678022886720E-06  5.449721018480E-06  8.244908357658E-02 -3.156268308624E-06  6.359009665965E-03 -2.579015987629E-20 -8.120110237503E-21 -2.785422058329E-20 -2.634762794717E-03
  8.518794455535E+02  8.593794455535E+02  1.986432601886E+01  7.306618273380E-15  6.579861728593E-02  3.951295841632E+02  2.808986160813E-01  3.892500177686E-01 -1.200853693125E-01 -5.819875189303E-03  1.340287534788E+00  3.285010303393E+00 -2.160014032552E-02  3.895750812519E-02 -1.735736779978E-02 -4.197768438090E-02 -3.190737271006E-03  2.658590786637E-06  6.810342278813E-06  8.412053356691E-06  8.065981199398E-02 -2.658590772303E-06  7.064688877327E-03  4.689407702149E-21 -2.035953209842E-20 -4.540828785524E-20 -2.535448198146E-03
  8.668794455535E+02  8.743794455535E+02  1.993789906243E+01  8.611456455328E-15  6.862576068867E-02  3.980278197771E+02  2.621629859882E-01  3.644622848468E-01 -1.070125457029E-01 -5.489333653233E-03  1.399379211677E+00  3.146752162728E+00 -2.073912964197E-02  3.612873105176E-02 -1.538960141027E-02 -3.817752749543E-02 -1.836482564203E-03  1.254092988095E-07  6.742349511657E-06  3.009757083055E-06  7.362287435949E-02 -1.254093448046E-07  2.714526587148E-03 -1.247982666864E-20 -4.280579621010E-21 -7.802272959940E-20 -2.221189902964E-03
  8.818794455535E+02  8.893794455535E+02  2.000243006202E+01  7.705262354089E-15  7.086480570281E-02  4.005739973652E+02  2.415155318763E-01  3.436595837794E-01 -9.422820572487E-02 -5.576814540991E-03  1.449067637538E+00  3.013850524828E+00 -2.034959225293E-02  3.402298352997E-02 -1.367339127721E-02 -3.274382838722E-02 -1.372924699503E-03  7.437091205716E-06  1.999597991860E-06 -1.287637187459E-05  6.568085034344E-02 -7.437091197224E-06  3.415771918674E-03  6.688944181805E-22  2.324765221182E-21 -6.739600702409E-20 -1.912528294044E-03
  8.968794455535E+02  9.043794455535E+02  2.006107031705E+01  4.937034577453E-15  7.505943413795E-02  4.028934531068E+02  2.180916271345E-01  3.275358731213E-01 -8.116735279963E-02 -5.272927319549E-03  1.532721130181E+00  2.918781416784E+00 -1.955927955275E-02  3.239981292545E-02 -1.284053337216E-02 -2.886703340179E-02 -1.823238181343E-03 -2.100491809263E-07  5.982765099141E-08 -3.802620709804E-06  6.036054165848E-02  2.100491593080E-07  2.861802897991E-03 -2.625732708330E-20  5.465184553949E-21 -4.962193991636E-20 -1.718785119763E-03
  9.118794455535E+02  9.193794455535E+02  2.011559891019E+01  1.343009615555E-15  7.626335246530E-02  4.050528670400E+02  1.917674740362E-01  3.039653449594E-01 -6.828982350033E-02 -5.084479826249E-03  1.559323675004E+00  2.832497649625E+00 -1.872893176120E-02  3.113458646023E-02 -1.240565469914E-02 -2.603784680521E-02 -3.959320241538E-04  2.787640227768E-06  7.391659056111E-07  4.602840350340E-07  5.661407807885E-02 -2.787640247657E-06 -3.191631046425E-04 -1.769981759718E-20 -2.352452728001E-20 -5.588698042492E-20 -1.540790492799E-03
  9.268794455535E+02  9.343794455535E+02  2.016719475845E+01  5.204627238446E-16  7.443212664588E-02  4.071026356337E+02  1.637128531957E-01  2.862919663713E-01 -5.498601062995E-02 -4.504886667476E-03  1.523799152920E+00  2.757296113904E+00 -1.770764174963E-02  2.942873688886E-02 -1.172109513949E-02 -2.383404313633E-02 -1.155675755939E-04  6.279246184076E-06  6.033153828281E-07  5.772718579966E-06  5.703123332252E-02 -6.279246141299E-06 -1.853923311552E-03 -9.122876442893E-21 -8.553570858423E-21 -3.748641494200E-20 -1.498560453641E-03
  9.418794455535E+02  9.493794455535E+02  2.022250752961E+01  4.022656050854E-16  7.275941940395E-02  4.093109154949E+02  1.331545266166E-01  2.648172289872E-01 -4.226928078753E-02 -3.865836220131E-03  1.494132470382E+00  2.693039582815E+00 -1.683003511720E-02  2.750447533144E-02 -1.067444021458E-02 -2.364666822053E-02 -4.955275279642E-05 -3.174634457031E-07 -2.853984431862E-09  1.194612414549E-06  5.763995010355E-02  3.174634517981E-07 -5.082100045116E-03 -5.630625796981E-21  2.658981137835E-21 -9.138441313506E-20 -1.410042721551E-03
  9.568794455535E+02  9.643794455535E+02  2.027526921179E+01 -1.680497465721E-15  6.491889516137E-02  4.114188164483E+02  9.858906640703E-02  2.588849935087E-01 -2.892367537282E-02 -2.441468060559E-03  1.336219612335E+00  2.637152048125E+00 -1.618959951837E-02  2.631430067221E-02 -1.012470115349E-02 -2.141027688562E-02  1.774403163913E-03  1.955533523344E-07  8.388410792268E-07 -5.689296271174E-06  6.164302504949E-02 -1.955533406583E-07 -9.730947621307E-03 -2.906293959876E-21 -3.933324441407E-21 -4.661648457048E-20 -1.367393555733E-03
  9.718794455535E+02  9.793794455535E+02  2.033810986392E+01 -2.924454370797E-15  5.451001292433E-02  4.139528296383E+02  5.848232943866E-02  2.657203762277E-01 -1.670213741498E-02 -1.917709527203E-03  1.126325409853E+00  2.780833857801E+00 -1.653018241042E-02  2.949638698886E-02 -1.296620457863E-02 -2.354076542865E-02  1.764532869974E-03 -2.764633843075E-06  3.267852608891E-06 -7.399727440879E-06  7.497192418579E-02  2.764633846859E-06 -7.847943250979E-03 -1.844946810728E-20 -5.194490089726E-21 -6.674583142300E-20 -1.704630433582E-03
  9.868794455535E+02  9.943794455535E+02  2.041587914814E+01 -1.356628134483E-15  5.018963350762E-02  4.171387809513E+02  1.165383700028E-02  3.036133254482E-01 -4.583756216888E-03 -4.002528425356E-04  1.038816275176E+00  2.692247801420E+00 -1.936132250693E-02  2.858517598779E-02 -9.223853480571E-03 -2.714891408557E-02  4.107418873506E-04 -6.369457228341E-06  2.031386867280E-06  7.032196344321E-06  4.146873483699E-02  6.369457252070E-06 -2.304926149180E-03 -1.935424345306E-20  2.608494856272E-21 -4.997661991368E-20 -7.619393566029E-04
