                   y                  ym                   U                   V                   W                 U^2                 V^2                 W^2                  UV                  VW                  UW                VISC               SFSxx               SFSyy               SFSzz               SFSxy               SFSyz                dUdX                dVdX                dWdX                dUdY                dVdY                dWdY                dUdZ                dVdZ                dWdZ              SFSxym
 -4.000000000000E+00 -2.000000000000E+00  0.000000000000E+00  0.000000000000E+00  0.000000000000E+00  0.000000000000E+00  0.000000000000E+00  0.000000000000E+00  0.000000000000E+00  0.000000000000E+00  0.000000000000E+00  0.000000000000E+00  0.000000000000E+00  0.000000000000E+00  0.000000000000E+00  0.000000000000E+00  0.000000000000E+00  0.000000000000E+00  0.000000000000E+00  0.000000000000E+00  0.000000000000E+00  0.000000000000E+00  0.000000000000E+00  0.000000000000E+00  0.000000000000E+00  0.000000000000E+00  0.000000000000E+00
  2.220446049250E-16  2.000000000000E+00  6.650015963853E+00  2.635424503049E-15 -9.378645195320E-02  4.695917400046E+01  6.794702808919E-02  8.480640002591E-01 -2.111518901741E-01 -1.437155312138E-03 -6.335715641184E-01  2.472196573028E+00 -4.384984660213E-03  2.471535646500E-02 -2.033037180679E-02 -8.656157494800E+00  9.304739075583E-02 -1.809830651751E-03 -1.344744419143E-04  8.227824886453E-05  3.190247286230E+01  1.809830651808E-03 -3.975403894360E-01  1.632090274048E-20 -4.040732045753E-21  2.251886434993E-20 -4.942327088172E-02
  4.000000000000E+00  6.000000000000E+00  9.301545990691E+00  7.211086184196E-15 -1.051741831698E-01  9.067122936762E+01  2.811749197160E-01  1.057526244067E+00 -5.187111885185E-01 -1.062673019358E-03 -9.962700909471E-01  7.032050302927E+00  5.904849005248E-01 -4.074149989382E-01 -1.830699015749E-01 -3.076358104250E+00 -2.911814992876E-02  3.682289816923E-04 -2.123510002416E-04 -3.364077148789E-05  6.834250726674E+00 -3.682289816493E-04 -2.088418075618E-02  1.766558049993E-20 -2.132020495859E-20  2.264109755925E-20 -1.847238985796E-01
  8.000000000000E+00  1.000000000000E+01  1.006692694047E+01  9.262988668925E-15 -1.038872075741E-01  1.047419714431E+02  3.834001706760E-01  1.027781908362E+00 -4.969478131199E-01 -5.615159363889E-04 -1.064037734127E+00  7.730930259750E+00  2.623421385962E-01 -5.452034162204E-01  2.828612776278E-01 -1.323839865100E+00 -5.019777076730E-02  3.565949823194E-04 -1.243887467960E-04  7.231506690018E-05  2.945313895088E+00 -3.565949822333E-04  1.047077393832E-02  1.517044971394E-20  1.442097732642E-20  2.020401174542E-19 -8.011154817315E-02
  1.200000000000E+01  1.400000000000E+01  1.077407607473E+01  8.377965205267E-15 -9.988136759013E-02  1.194371139930E+02  4.424775370310E-01  1.016063929532E+00 -5.457999447517E-01  1.439826016673E-04 -1.093953824886E+00  7.691561678579E+00  2.484162476613E-01 -5.116040295082E-01  2.631877818524E-01 -1.261589376828E+00 -9.409207359902E-03  6.569073998241E-05 -7.043638054554E-05  2.937926865697E-05  2.393309885104E+00 -6.569073994599E-05  1.965094017699E-02  2.216169524206E-20 -1.270664777471E-20  1.297909314500E-19 -6.754909583545E-02
  1.600000000000E+01  1.800000000000E+01  1.126339755857E+01  6.634281087455E-15 -9.405926517569E-02  1.300308663240E+02  4.842565658520E-01  1.004430445507E+00 -5.455126629219E-01  5.581320710646E-04 -1.077653968087E+00  7.298273298436E+00  2.060055283144E-01 -4.709918720162E-01  2.649863437069E-01 -8.818776560317E-01 -9.726205489535E-03  2.844363207535E-04 -3.274687600660E-05  2.246759675639E-05  1.817448676741E+00 -2.844363207834E-04  2.351388106207E-02 -5.364026768288E-20 -1.270609564577E-21  8.310958989079E-20 -5.045009453289E-02
  2.000000000000E+01  2.200000000000E+01  1.168286966273E+01  5.798143938353E-15 -8.794585317014E-02  1.395660730980E+02  5.175539686406E-01  9.961829141960E-01 -5.592295912693E-01  8.756861298061E-04 -1.045161027472E+00  7.017990592923E+00  1.837632249846E-01 -4.337976908822E-01  2.500344658967E-01 -7.451974151988E-01 -1.034772882223E-02  1.359221146789E-04 -8.748406225015E-06 -5.472709504439E-05  1.510522329736E+00 -1.359221145097E-04  2.367303187215E-02 -7.227154811422E-21  2.155503481005E-20  1.340931669349E-19 -4.188080175343E-02
  2.400000000000E+01  2.600000000000E+01  1.201902292419E+01  5.477054718326E-15 -8.230187918247E-02  1.474308021458E+02  5.448516831824E-01  9.894279043813E-01 -5.600445114839E-01  1.125732201008E-03 -1.005593330406E+00  6.717099267304E+00  1.600146556966E-01 -3.993513319599E-01  2.393366762631E-01 -5.968339898568E-01 -8.821397974766E-03 -3.176384918389E-05 -6.135076244422E-06 -3.683327253928E-05  1.265070674104E+00  3.176384915791E-05  2.297983379894E-02  4.157729289880E-20 -2.736344262025E-20  1.427193357205E-19 -3.472748447034E-02
  2.800000000000E+01  3.000000000000E+01  1.231544691355E+01  4.481127130242E-15 -7.675165698678E-02  1.545789225771E+02  5.671416717534E-01  9.814955468375E-01 -5.639015053606E-01  1.387344817141E-03 -9.599283742625E-01  6.470698523617E+00  1.416713162621E-01 -3.703021956198E-01  2.286308793551E-01 -5.190440174947E-01 -1.025169475075E-02  1.025323149988E-04 -1.182815935605E-05 -2.637795725587E-05  1.105412514303E+00 -1.025323151308E-04  2.014519580799E-02  1.533361250566E-20 -1.868318577816E-20  1.588865147882E-19 -3.012215390542E-02
  3.200000000000E+01  3.400000000000E+01  1.257141472259E+01  3.294940239343E-15 -7.246913245204E-02  1.608912250201E+02  5.850983812510E-01  9.723267326536E-01 -5.636731503916E-01  1.435378524550E-03 -9.243161144388E-01  6.224929893874E+00  1.273188496533E-01 -3.440026025043E-01  2.166837528534E-01 -4.476083849877E-01 -7.361501038165E-03  1.121937532311E-04 -5.028435752352E-06 -1.104183103668E-04  9.740732644203E-01 -1.121937531666E-04  1.460060691506E-02  4.009826055818E-20  1.209067831608E-20  1.046627565239E-19 -2.638933922664E-02
  3.600000000000E+01  3.800000000000E+01  1.280249556663E+01  5.303145604401E-15 -6.946196008709E-02  1.667146125089E+02  5.993632207923E-01  9.643567683847E-01 -5.641096642422E-01  1.656516628463E-03 -9.027370149310E-01  6.010687843526E+00  1.153779560669E-01 -3.209167292640E-01  2.055387732008E-01 -3.989031335644E-01 -5.672514384478E-03 -4.288585492154E-05  2.092460339082E-07 -1.102437807508E-04  8.768212860292E-01  4.288585499065E-05  1.142445653073E-02 -2.288297923298E-21 -1.122282943905E-20  1.708198597699E-19 -2.356870641916E-02
  4.000000000000E+01  4.200000000000E+01  1.300990675909E+01  8.659942473408E-15 -6.657160612477E-02  1.720354487451E+02  6.106271744045E-01  9.564257343370E-01 -5.632632560032E-01  1.825774411004E-03 -8.800571266023E-01  5.819615076364E+00  1.059212352212E-01 -3.012062342718E-01  1.952849990527E-01 -3.561872691616E-01 -5.821860294244E-03 -3.593976955527E-06  3.153321222262E-06 -1.885091211823E-05  7.964768767477E-01  3.593977155562E-06  1.102428166448E-02 -6.381016791593E-21  3.286213757083E-21  1.953490748586E-19 -2.127526715867E-02
  4.400000000000E+01  4.600000000000E+01  1.320063378706E+01  1.024273323854E-14 -6.396484312589E-02  1.770111007081E+02  6.194791452700E-01  9.491341499654E-01 -5.622314659189E-01  2.048154752762E-03 -8.575241736650E-01  5.650835546678E+00  9.751958396748E-02 -2.843568611442E-01  1.868372771786E-01 -3.255170763813E-01 -4.717721603428E-03  6.567548785254E-05  1.224034598905E-05  2.508242337879E-05  7.341402075992E-01 -6.567548772926E-05  8.112689121227E-03 -4.237506083920E-20 -1.299319560776E-20  1.715716688377E-19 -1.950169575327E-02
  4.800000000000E+01  5.000000000000E+01  1.337703963624E+01  8.644225237229E-15 -6.268766488759E-02  1.816796864383E+02  6.263047619538E-01  9.434304807433E-01 -5.607880866358E-01  2.287347382399E-03 -8.491767087123E-01  5.499244838714E+00  9.141359420097E-02 -2.701590189705E-01  1.787454247638E-01 -2.992141666474E-01 -3.351528313559E-03  4.753288183723E-05  1.895166481942E-05  2.886846273038E-06  6.816818907310E-01 -4.753288192472E-05  3.300033998624E-03 -1.046298641894E-20  1.013584436017E-20  1.042941194728E-19 -1.798964249295E-02
  5.200000000000E+01  5.400000000000E+01  1.354154819264E+01  2.664849822291E-15 -6.237725921399E-02  1.860910007959E+02  6.315818580922E-01  9.389699929812E-01 -5.592241761214E-01  2.419977330779E-03 -8.518834898263E-01  5.354418402943E+00  8.565667745710E-02 -2.568676406249E-01  1.712109631688E-01 -2.767703802159E-01 -2.054808578307E-03  3.492205992772E-05  2.229767952124E-05 -3.606063439704E-05  6.377446646077E-01 -3.492205970435E-05 -7.294621255250E-04  6.272429560586E-20 -1.749898642037E-20  1.848412576082E-19 -1.668531161975E-02
  5.600000000000E+01  5.800000000000E+01  1.369590723692E+01 -4.083292442595E-15 -6.300312540683E-02  1.902827403625E+02  6.355104807820E-01  9.333154157489E-01 -5.573479167088E-01  2.789512023909E-03 -8.673396034064E-01  5.222031533338E+00  7.968994844881E-02 -2.443736536261E-01  1.646837051836E-01 -2.578740081662E-01 -4.800622925672E-04  2.062594265413E-06  2.229029984860E-05 -2.239305611463E-05  6.009338307845E-01 -2.062594383044E-06 -4.122462190714E-03  3.146563594806E-20  7.374254615778E-21  1.618488289666E-19 -1.561965958194E-02
  6.000000000000E+01  6.200000000000E+01  1.384210713572E+01 -1.318996098685E-14 -6.431481455490E-02  1.942993803693E+02  6.383463020674E-01  9.260877169035E-01 -5.554652730048E-01  3.052104245064E-03 -8.921300463577E-01  5.097615163879E+00  7.438349495989E-02 -2.332814974138E-01  1.588980024571E-01 -2.419256524088E-01  8.468782913005E-04  3.350729019500E-06  1.733193823592E-05  5.687487072956E-05  5.692570697537E-01 -3.350729388454E-06 -7.838254712154E-03 -1.533542924586E-20 -1.507134360476E-20  1.623673627358E-19 -1.464761241781E-02
  6.400000000000E+01  6.600000000000E+01  1.398047107817E+01 -2.332324177540E-14 -6.673347500811E-02  1.981436800776E+02  6.402271103386E-01  9.181614826538E-01 -5.532787109160E-01  3.353316332070E-03 -9.317750043573E-01  4.984820450711E+00  6.969955302816E-02 -2.233963862518E-01  1.536968332244E-01 -2.274081857608E-01  2.550671690940E-03 -2.948445003446E-05  1.215324044853E-05  1.061882448406E-04  5.398541192517E-01  2.948445015057E-05 -9.299604448038E-03  9.785837035861E-20 -3.692353212015E-21  1.853561229601E-19 -1.379241821431E-02
  6.800000000000E+01  7.000000000000E+01  1.411188948618E+01 -3.354145780565E-14 -6.895736948806E-02  2.018323758354E+02  6.411026138548E-01  9.114968575585E-01 -5.513136560770E-01  3.834929168910E-03 -9.698568431579E-01  4.879287079350E+00  6.481453693372E-02 -2.139027954249E-01  1.490882584913E-01 -2.142452366972E-01  2.194960139410E-03  3.805267131770E-06  8.733935897491E-06  8.310510860702E-05  5.149014505999E-01 -3.805267530759E-06 -9.581695712365E-03  2.829097240667E-20 -7.780564123333E-21  1.604920243668E-19 -1.303702516848E-02
  7.200000000000E+01  7.400000000000E+01  1.423780972579E+01 -3.724107972234E-14 -7.164302987690E-02  2.054001490269E+02  6.411597419621E-01  9.053820812300E-01 -5.490241273611E-01  4.182110553162E-03 -1.014572887646E+00  4.779822304954E+00  6.120783008597E-02 -2.052874715080E-01  1.440796414212E-01 -2.031241119892E-01  3.006837245882E-03  6.837372118813E-05  8.717176778032E-06  4.397752136982E-05  4.921722603202E-01 -6.837372107620E-05 -1.185411190344E-02  5.717794243182E-20 -8.289940917993E-21  1.112505208689E-19 -1.234413874793E-02
  7.600000000000E+01  7.800000000000E+01  1.435800095701E+01 -3.203027079679E-14 -7.481676046744E-02  2.088391538510E+02  6.405122386513E-01  8.991605763204E-01 -5.469525039603E-01  4.721403238856E-03 -1.068731510084E+00  4.685462898718E+00  5.827375628995E-02 -1.976487053139E-01  1.393749490223E-01 -1.919134918309E-01  3.844686977280E-03  7.035180404905E-05  8.792038753838E-06  2.897047411431E-05  4.697972590420E-01 -7.035180395792E-05 -1.309624246905E-02 -3.978878129496E-20 -1.987165924058E-20  1.479988190929E-19 -1.167202748633E-02
  8.000000000000E+01  8.200000000000E+01  1.447286531764E+01 -2.812827517203E-14 -7.811990512574E-02  2.121553409422E+02  6.392092844815E-01  8.913544942519E-01 -5.446293985622E-01  5.183759011151E-03 -1.125460798063E+00  4.597327366831E+00  5.493872826977E-02 -1.904405282322E-01  1.355017999657E-01 -1.817899026295E-01  3.814290083929E-03 -1.941984715835E-06  5.840621792072E-06  5.924376030377E-05  4.492543105915E-01  1.941984576498E-06 -1.330799215929E-02 -7.224727785686E-24 -2.901871766478E-21  1.387858708584E-19 -1.105345633478E-02
  8.400000000000E+01  8.600000000000E+01  1.458255713735E+01 -2.470886140369E-14 -8.143190074082E-02  2.153499413937E+02  6.374680815600E-01  8.831730340387E-01 -5.424272930854E-01  5.637993943782E-03 -1.181732482024E+00  4.515216078674E+00  5.200529770331E-02 -1.840358859896E-01  1.320305882872E-01 -1.723490571152E-01  3.910812218272E-03 -3.242854905809E-05  6.094171005427E-06  7.851544019657E-05  4.313541004688E-01  3.242854919227E-05 -1.382700100158E-02 -4.440499792176E-20 -3.773745560395E-20  1.324247459002E-19 -1.049646482473E-02
  8.800000000000E+01  9.000000000000E+01  1.468840532341E+01 -2.100649804567E-14 -8.489588575811E-02  2.184548059704E+02  6.353796912059E-01  8.737653936897E-01 -5.402060586603E-01  6.100100440150E-03 -1.239583030567E+00  4.438568690917E+00  4.946552953704E-02 -1.782386530142E-01  1.287731234752E-01 -1.638280865068E-01  4.272418399579E-03  4.621064083984E-05  1.012799102965E-05  7.210194021638E-05  4.140531626747E-01 -4.621064084759E-05 -1.418253209675E-02  3.463470555168E-20  2.927043694866E-21  1.189200265403E-19 -9.972854411867E-03
  9.200000000000E+01  9.400000000000E+01  1.478966884998E+01 -1.970799333913E-14 -8.846762200201E-02  2.214447781504E+02  6.330344130871E-01  8.642935447756E-01 -5.378647909530E-01  6.532673547672E-03 -1.300266406786E+00  4.361719787783E+00  4.685396331434E-02 -1.719231548361E-01  1.250691915226E-01 -1.553460487493E-01  4.005701616883E-03  8.673038615673E-05  1.150978072711E-05  5.880518132690E-05  3.982616159533E-01 -8.673038612342E-05 -1.264883360833E-02 -6.947982282204E-21 -3.676615879627E-20  1.657804735291E-19 -9.512487271348E-03
  9.600000000000E+01  9.800000000000E+01  1.488769181704E+01 -2.105202730890E-14 -9.128660561118E-02  2.243602865605E+02  6.304368935187E-01  8.544019631413E-01 -5.356114745852E-01  6.911230865738E-03 -1.351136563814E+00  4.283364714305E+00  4.433735846798E-02 -1.660153144308E-01  1.216779559623E-01 -1.486739879089E-01  2.952244306592E-03  3.937209936153E-05  8.695135442757E-06  5.500745558191E-05  3.839549637498E-01 -3.937209945113E-05 -1.083135005309E-02  1.247491646044E-20 -9.548153299347E-21  1.522712259727E-19 -9.042770400834E-03
  1.000000000000E+02  1.020000000000E+02  1.498163315682E+01 -2.389592806037E-14 -9.389888586911E-02  2.271725760056E+02  6.275867046289E-01  8.440669660658E-01 -5.333338145066E-01  7.300941244881E-03 -1.398766865497E+00  4.208325903971E+00  4.208542660481E-02 -1.605382950990E-01  1.184528684952E-01 -1.411088425802E-01  2.846827889979E-03  6.110073993992E-06  6.904405648705E-06  2.246215591814E-05  3.676714491328E-01 -6.110073916259E-06 -1.013411121782E-02  9.821541933571E-20  1.761145630844E-21  1.721802792311E-19 -8.590050304388E-03
  1.040000000000E+02  1.060000000000E+02  1.507141498462E+01 -2.675542195204E-14 -9.632790978259E-02  2.298772810501E+02  6.245310275892E-01  8.344823443879E-01 -5.309856621358E-01  7.595608763044E-03 -1.443876432875E+00  4.135041744826E+00  4.003479718850E-02 -1.553345772082E-01  1.152997800186E-01 -1.339991862651E-01  2.862808803945E-03  2.305798281633E-05  8.187183549744E-06  7.238445123352E-06  3.503348208998E-01 -2.305798302939E-05 -9.947569371689E-03  3.277009505437E-20  2.100323296399E-20  1.926985133344E-19 -8.147299866608E-03
  1.080000000000E+02  1.100000000000E+02  1.515684534695E+01 -2.757594644529E-14 -9.890520683767E-02  2.324646843975E+02  6.213540250757E-01  8.259775744677E-01 -5.286537907082E-01  7.863526808876E-03 -1.491673089181E+00  4.063667571683E+00  3.819623123206E-02 -1.502153171651E-01  1.120190859327E-01 -1.264626299426E-01  3.117406473278E-03  2.732464000144E-05  9.044120498944E-06  1.960280798904E-05  3.348276838357E-01 -2.732463999258E-05 -9.641644928959E-03 -3.608956065036E-21  9.939680483642E-22  1.307686695661E-19 -7.718669606836E-03
  1.120000000000E+02  1.140000000000E+02  1.523890384907E+01 -2.693895656316E-14 -1.011594489453E-01  2.349623972812E+02  6.180917410676E-01  8.170942696475E-01 -5.262316685868E-01  8.196139581798E-03 -1.534923267894E+00  3.996091677931E+00  3.625375225758E-02 -1.455859340305E-01  1.093321817742E-01 -1.202592862064E-01  2.639578549513E-03  2.471798442646E-05  1.062001664282E-05 -1.470501826021E-06  3.223584555182E-01 -2.471798457645E-05 -8.741406126158E-03  1.509142678628E-20 -9.348892035983E-21  1.191465328206E-19 -7.336864557097E-03
  1.160000000000E+02  1.180000000000E+02  1.531806089823E+01 -2.584628489242E-14 -1.032328388492E-01  2.373838202515E+02  6.147696596897E-01  8.079603783502E-01 -5.238096245912E-01  8.459034182499E-03 -1.576285783407E+00  3.933685067525E+00  3.479785001321E-02 -1.416767693989E-01  1.068789193849E-01 -1.145629683618E-01  2.188791224018E-03  1.485295492438E-06  1.256421501118E-05 -1.798783397605E-05  3.097530638431E-01 -1.485295411813E-06 -7.681483424856E-03 -2.685125495664E-21  9.463005915753E-21  1.194048854278E-19 -6.983955802857E-03
  1.200000000000E+02  1.220000000000E+02  1.539387977605E+01 -2.465707586025E-14 -1.049886622903E-01  2.397116471338E+02  6.113951899504E-01  7.988720978043E-01 -5.213416475769E-01  8.699268959984E-03 -1.612249145477E+00  3.874843708532E+00  3.305026292345E-02 -1.377380360658E-01  1.046877731421E-01 -1.088659990464E-01  1.690141834093E-03 -6.024367302301E-06  1.139202728309E-05 -1.411856294933E-05  2.979090923042E-01  6.024367291902E-06 -5.929475017599E-03  4.416892113011E-20 -1.252058816965E-20  1.161322830582E-19 -6.658457978334E-03
  1.240000000000E+02  1.260000000000E+02  1.546703431243E+01 -2.278440110193E-14 -1.062100832250E-01  2.419682050644E+02  6.081094005843E-01  7.893978150740E-01 -5.188364938182E-01  8.903826794496E-03 -1.639698351275E+00  3.811464557428E+00  3.159730519289E-02 -1.335890076719E-01  1.019917024792E-01 -1.042909930886E-01  1.373581412388E-03  8.036238196504E-06  9.983094106909E-06 -2.234448490061E-05  2.861408404651E-01 -8.036238020888E-06 -3.954118298331E-03 -9.701744107762E-20 -3.910620197864E-20  1.688986631460E-19 -6.352611233640E-03
  1.280000000000E+02  1.300000000000E+02  1.553687412450E+01 -1.767518943707E-14 -1.069075645673E-01  2.441296054835E+02  6.050031740573E-01  7.805703645912E-01 -5.162303215260E-01  9.145290617667E-03 -1.659233052405E+00  3.754919433020E+00  3.041720981312E-02 -1.298339238405E-01  9.941671402559E-02 -9.906401563621E-02  7.649094254520E-04  5.539830511073E-06  1.126570119146E-05 -4.294603285761E-05  2.754057472131E-01 -5.539830565788E-06 -1.530300095535E-03 -4.628425254692E-20  1.401965259159E-20  1.136467853176E-19 -6.062821349186E-03
  1.320000000000E+02  1.340000000000E+02  1.560475993961E+01 -1.274398353050E-14 -1.069215952272E-01  2.462375816400E+02  6.020213334638E-01  7.719334646367E-01 -5.136681589452E-01  9.319132879614E-03 -1.668565063393E+00  3.698457136949E+00  2.865808390705E-02 -1.261848993768E-01  9.752681546876E-02 -9.470046804015E-02  2.201513916218E-04  2.726613723535E-06  1.108799713263E-05 -3.658639907190E-05  2.654844214440E-01 -2.726613611663E-06 -1.970716695984E-04 -1.115245884496E-20 -1.703396954546E-21  1.097815807364E-19 -5.787680646649E-03
  1.360000000000E+02  1.380000000000E+02  1.566976238557E+01 -1.217386029947E-14 -1.069976628791E-01  2.482630969423E+02  5.990218934184E-01  7.631368874309E-01 -5.110150233970E-01  9.473982842391E-03 -1.679466183847E+00  3.642584267747E+00  2.738855732887E-02 -1.230081678616E-01  9.561961053108E-02 -9.020296879565E-02  1.871854653691E-04  5.053858726366E-07  3.694818994287E-06 -2.642877641197E-05  2.544601683490E-01 -5.053859877966E-07  3.240911723109E-05 -8.412191057633E-21 -1.542274435752E-20  1.486629117925E-19 -5.509190820874E-03
  1.400000000000E+02  1.420000000000E+02  1.573193987538E+01 -1.328239717287E-14 -1.069055838536E-01  2.502067861361E+02  5.959946339758E-01  7.544446068894E-01 -5.083954268836E-01  9.645636129499E-03 -1.688211281933E+00  3.588302993030E+00  2.607626829401E-02 -1.196250533097E-01  9.354878501641E-02 -8.624244425805E-02 -1.449594039887E-04 -3.699173002393E-05 -3.689870134771E-06 -5.569558831013E-05  2.455721599097E-01  3.699173014757E-05  5.962238885037E-05 -5.495781064172E-20 -2.706754742288E-20  1.171368961631E-19 -5.264049118036E-03
  1.440000000000E+02  1.460000000000E+02  1.579230133226E+01 -1.389841887411E-14 -1.070487119524E-01  2.520985815419E+02  5.929039136122E-01  7.451668957874E-01 -5.056118129143E-01  9.783337689898E-03 -1.700648759922E+00  3.539076552375E+00  2.521197389718E-02 -1.168976798753E-01  9.168570597625E-02 -8.246483930218E-02  5.002922892022E-05 -4.410887172037E-05 -3.096560598562E-06 -6.963216634106E-05  2.367185901927E-01  4.410887170351E-05  5.967238737153E-05 -4.620866613873E-20  2.583102352984E-21  1.390971373491E-19 -5.045619237723E-03
  1.480000000000E+02  1.500000000000E+02  1.585016413288E+01 -1.493935415190E-14 -1.069626401323E-01  2.539174818825E+02  5.896841390688E-01  7.359792434598E-01 -5.029302277122E-01  9.856868380877E-03 -1.709062070043E+00  3.490876726755E+00  2.485216376517E-02 -1.141071818597E-01  8.925501809293E-02 -7.884990751851E-02 -8.570245708801E-05 -1.277777268593E-05  1.224287337718E-06 -7.040049372864E-05  2.275955411373E-01  1.277777274953E-05 -3.743032762096E-04 -4.111196780925E-20 -3.457509400827E-20  1.020245146281E-19 -4.827365542427E-03
  1.520000000000E+02  1.540000000000E+02  1.590610138335E+01 -1.444752882144E-14 -1.072565905182E-01  2.556800190730E+02  5.864319646283E-01  7.272381577692E-01 -4.999918988140E-01  9.799686306781E-03 -1.722935274223E+00  3.441496402808E+00  2.413318889213E-02 -1.112182112110E-01  8.708502231954E-02 -7.568915589684E-02  2.425876019232E-04  1.777405362280E-05  2.675532058538E-06 -9.480020858394E-05  2.197353863720E-01 -1.777405361274E-05 -1.204263511887E-03 -1.898914435752E-20  1.810666573921E-20  1.176439067934E-19 -4.642126738590E-03
  1.560000000000E+02  1.580000000000E+02  1.596009275105E+01 -1.241823831266E-14 -1.076290762833E-01  2.573867824927E+02  5.833585396781E-01  7.195833222108E-01 -4.971990933143E-01  9.809566324635E-03 -1.737230117184E+00  3.397370422495E+00  2.319819293872E-02 -1.086679853459E-01  8.546979240565E-02 -7.282248944224E-02  2.515028696772E-04  2.241687672920E-05 -7.644425527598E-07 -1.021074470512E-04  2.132896439740E-01 -2.241687658086E-05 -1.170694937392E-03  7.380890880574E-21 -2.562328504747E-20  1.008282981456E-19 -4.466310358373E-03
  1.600000000000E+02  1.620000000000E+02  1.601275462135E+01 -1.171754071087E-14 -1.079576537153E-01  2.590547089452E+02  5.805725378371E-01  7.122070558282E-01 -4.942233249367E-01  9.776382061101E-03 -1.750480594447E+00  3.356791307912E+00  2.207626057706E-02 -1.062482424332E-01  8.417198185564E-02 -7.026238351990E-02 -1.051236902651E-04 -1.413420911426E-05 -4.894774383132E-06 -7.659453596118E-05  2.063797344241E-01  1.413420907778E-05 -1.843723211460E-03 -3.239288053399E-20  2.362334269615E-23  1.315629655648E-19 -4.295706836683E-03
  1.640000000000E+02  1.660000000000E+02  1.606316475725E+01 -9.510327710534E-15 -1.085490158789E-01  2.606545498686E+02  5.779903238745E-01  7.058198584448E-01 -4.913021422109E-01  9.710596906713E-03 -1.766681122231E+00  3.312053337548E+00  2.115588045191E-02 -1.036733041931E-01  8.251742374227E-02 -6.708134175275E-02  2.865788955717E-04 -1.743458704381E-05 -4.247518825622E-06 -4.579993664796E-05  1.984984684614E-01  1.743458709130E-05 -2.999003400735E-03 -2.585479226429E-20 -1.825385841890E-21  1.472048315729E-19 -4.095111954640E-03
  1.680000000000E+02  1.700000000000E+02  1.611193319113E+01 -5.562921651103E-15 -1.093643853275E-01  2.622044228962E+02  5.754712658946E-01  6.993369891435E-01 -4.883003849946E-01  9.598991334941E-03 -1.785694746401E+00  3.268671743722E+00  2.030466892387E-02 -1.011282811724E-01  8.082361224886E-02 -6.386051984164E-02  4.623015908412E-04  3.893937959356E-06 -8.239184082228E-07 -5.876353573103E-05  1.902154352676E-01 -3.893937913836E-06 -3.165062786382E-03  5.276898368993E-20 -7.101583412297E-21  1.611562044867E-19 -3.898319664715E-03
  1.720000000000E+02  1.740000000000E+02  1.615830769202E+01 -2.960970878207E-15 -1.101460994910E-01  2.636809789871E+02  5.729562300127E-01  6.940101735519E-01 -4.852669025998E-01  9.505854992131E-03 -1.803826347239E+00  3.232828766080E+00  2.009052374489E-02 -9.925113289935E-02  7.916060915480E-02 -6.107863541838E-02  2.729151212569E-04 -1.551694876140E-05  1.096988086689E-06 -5.874381948310E-05  1.814728639651E-01  1.551694889202E-05 -2.681908566803E-03 -2.844761465158E-20 -1.087531620132E-20  9.289193587509E-20 -3.732973288917E-03
  1.760000000000E+02  1.780000000000E+02  1.620263416299E+01  8.690733318180E-17 -1.107478732430E-01  2.650955991100E+02  5.705652676645E-01  6.889405845620E-01 -4.820901109509E-01  9.339512784856E-03 -1.819578132056E+00  3.194738553801E+00  1.949232322203E-02 -9.703496883887E-02  7.754264561765E-02 -5.859552329848E-02  1.010289877554E-04  2.043018931984E-05  3.427979590763E-06 -3.418315858767E-05  1.756124911832E-01 -2.043018920482E-05 -2.756009186340E-03 -4.370939567957E-20 -7.057364540560E-21  8.755963362571E-20 -3.607430788685E-03
  1.800000000000E+02  1.820000000000E+02  1.624610561518E+01  4.698661020449E-15 -1.114987832580E-01  2.664871836593E+02  5.682401115175E-01  6.848090449060E-01 -4.789883478749E-01  9.181597988401E-03 -1.837940156344E+00  3.159305599086E+00  1.883624827654E-02 -9.503997788542E-02  7.620372960825E-02 -5.673520126754E-02  8.170871450310E-05  5.144923520876E-05  4.523383257766E-06 -4.907193516956E-05  1.711112884105E-01 -5.144923510067E-05 -3.073089939775E-03  6.127084238711E-20 -2.998470373632E-20  1.084355004629E-19 -3.494711787913E-03
  1.840000000000E+02  1.860000000000E+02  1.628832510573E+01  9.562398905113E-15 -1.123004104036E-01  2.678415525445E+02  5.659690049150E-01  6.817266936770E-01 -4.756949598069E-01  8.939148157741E-03 -1.857096261694E+00  3.125709844719E+00  1.823967283543E-02 -9.325991753987E-02  7.502024470461E-02 -5.518137582493E-02  2.666569565678E-04 -2.427760630842E-06  1.350239753177E-06 -5.254368485444E-05  1.679023422784E-01  2.427760732613E-06 -3.785309454363E-03  5.775428914439E-21  4.309837635160E-21  1.072621296367E-19 -3.402216178419E-03
  1.880000000000E+02  1.900000000000E+02  1.633013836496E+01  1.458319662945E-14 -1.134390057923E-01  2.691843516952E+02  5.637538067514E-01  6.801080036585E-01 -4.724762018415E-01  8.712696086877E-03 -1.881972178054E+00  3.094874980854E+00  1.738107051834E-02 -9.145299792607E-02  7.407192740651E-02 -5.366810297522E-02  6.252487369741E-04 -2.734170917617E-05 -1.714349658933E-06 -2.314082628303E-05  1.660518003549E-01  2.734170925595E-05 -3.998930707229E-03 -2.628439075827E-20 -2.535367449484E-20  1.162222066329E-19 -3.310438833689E-03
  1.920000000000E+02  1.940000000000E+02  1.637126958213E+01  1.905069909695E-14 -1.143248038049E-01  2.705079184655E+02  5.616310507374E-01  6.788899954553E-01 -4.691084963241E-01  8.442864366685E-03 -1.903018006573E+00  3.059561723425E+00  1.653394459349E-02 -8.943982983267E-02  7.290588523758E-02 -5.228275787336E-02  7.697691563652E-04  1.768430098316E-05  2.134254894944E-07 -2.044741522159E-05  1.618271366855E-01 -1.768430102387E-05 -3.090559478252E-03 -9.748603586814E-21 -1.322441689728E-20  1.479663303891E-19 -3.195100913570E-03
  1.960000000000E+02  1.980000000000E+02  1.641107288754E+01  2.039651289300E-14 -1.150113565205E-01  2.717924819817E+02  5.597004683355E-01  6.782793416179E-01 -4.659221762458E-01  8.198411543843E-03 -1.920776388457E+00  3.034044516113E+00  1.619610294678E-02 -8.814438760221E-02  7.194828465441E-02 -5.005992882215E-02  1.991285752935E-04  4.478017869549E-05  2.438929866576E-06 -2.635898091862E-05  1.582187053230E-01 -4.478017866593E-05 -2.263330557518E-03  8.306847179386E-20 -3.853177138151E-20  9.307152623370E-20 -3.094641514841E-03
  2.000000000000E+02  2.020600000000E+02  1.645054424185E+01  2.132286982976E-14 -1.154860405618E-01  2.730694318912E+02  5.577462272461E-01  6.763455829659E-01 -4.623344207180E-01  7.856824527845E-03 -1.934914040659E+00  3.010291667851E+00  1.526338724663E-02 -8.540481806040E-02  7.014143081266E-02 -4.908967884745E-02  3.496236575972E-04 -8.589106606070E-07  5.783830350444E-08 -2.062062793226E-05  1.546326460501E-01  8.589106463435E-07 -1.761716646416E-03 -1.289742219642E-20 -3.366748782752E-20  7.776732757023E-20 -3.048820561663E-03
  2.041200000000E+02  2.062418000000E+02  1.649069836408E+01  2.597116893650E-14 -1.159190564317E-01  2.743718320368E+02  5.557954230094E-01  6.749580063751E-01 -4.588441237533E-01  7.496450348060E-03 -1.947866203056E+00  2.986668005028E+00  1.423309513359E-02 -8.249229345239E-02  6.825919831845E-02 -4.849706124533E-02  5.421127472395E-04  4.408588879553E-06 -3.083708740626E-07 -8.655283387205E-06  1.527628700412E-01 -4.408588596208E-06 -7.269308216749E-04 -4.499502462115E-20 -3.953401851184E-20  7.076675023140E-20 -3.004275524993E-03
  2.083636000000E+02  2.105490540000E+02  1.653151453380E+01  3.333498906598E-14 -1.158684479283E-01  2.756988171594E+02  5.536627018905E-01  6.729891809764E-01 -4.550447257913E-01  7.154876268695E-03 -1.953483168121E+00  2.962043756410E+00  1.314761525375E-02 -7.954066216862E-02  6.639304691452E-02 -4.773918014607E-02  2.723664098791E-04  2.150315205949E-05  3.116938809483E-06  6.064184847772E-06  1.504800424177E-01 -2.150315226046E-05  8.188002000483E-04  6.608218899951E-21 -2.845083864270E-20  7.590017599216E-20 -2.969523309889E-03
  2.127345080000E+02  2.149855256200E+02  1.657295826362E+01  4.367178327592E-14 -1.154606205019E-01  2.770477290681E+02  5.514217553417E-01  6.706390203005E-01 -4.512848746805E-01  6.695545347287E-03 -1.954152018517E+00  2.936448483651E+00  1.174999476554E-02 -7.602665243329E-02  6.427665766719E-02 -4.739459318379E-02 -1.372907434938E-04  3.354846134307E-06  5.067512881262E-06  1.074986582157E-05  1.480983493655E-01 -3.354845808929E-06  2.675934292431E-03  2.624415530281E-20 -1.695701482130E-20  1.006059618553E-19 -2.942974764453E-03
  2.172365432400E+02  2.195550913886E+02  1.661488570745E+01  5.184100326028E-14 -1.143501539626E-01  2.784144518455E+02  5.492147601006E-01  6.677372361158E-01 -4.471565213570E-01  6.334639335953E-03 -1.943843356012E+00  2.909131161023E+00  1.042187667573E-02 -7.270437881339E-02  6.228250213767E-02 -4.644504493967E-02 -6.003620368898E-04  8.840097817500E-06  5.298434501412E-06 -1.469148167940E-05  1.444036747883E-01 -8.840097861388E-06  4.500660718702E-03  1.247044321497E-20 -1.948067833439E-20  1.183272966947E-19 -2.876596594738E-03
  2.218736395372E+02  2.242617441303E+02  1.665667236805E+01  5.494299250228E-14 -1.129219688702E-01  2.797791818174E+02  5.470117334444E-01  6.653104340292E-01 -4.430227513363E-01  5.782148324178E-03 -1.927543367437E+00  2.887084586553E+00  9.020230260328E-03 -6.977631424220E-02  6.075608398282E-02 -4.558703925163E-02 -8.563353406238E-04 -1.766745265477E-05  3.482627948914E-06 -1.048095696305E-05  1.409125526686E-01  1.766745271112E-05  5.229528077595E-03 -1.291745764080E-20 -1.436626140771E-20  1.079872074641E-19 -2.807198193895E-03
  2.266498487233E+02  2.291095964542E+02  1.669901427179E+01  5.840487475884E-14 -1.113049547340E-01  2.811637350326E+02  5.448250616423E-01  6.634861488522E-01 -4.386009519177E-01  5.340854764127E-03 -1.908532578658E+00  2.869658301839E+00  7.858928208503E-03 -6.676011656006E-02  5.890118835170E-02 -4.447006867256E-02 -6.244275002578E-04 -2.502479942173E-05  1.468228338943E-07  1.889664713396E-05  1.384672713444E-01  2.502479939919E-05  5.033421312733E-03 -1.426440448998E-20 -8.748384869105E-22  9.296394392424E-20 -2.749934625385E-03
  2.315693441850E+02  2.341028843478E+02  1.674179760267E+01  6.221929395311E-14 -1.098035374391E-01  2.825649167507E+02  5.426861807148E-01  6.612580455583E-01 -4.341150211113E-01  4.678504291276E-03 -1.890270447928E+00  2.846077298786E+00  6.632733436050E-03 -6.337629165747E-02  5.674355822033E-02 -4.371680326293E-02 -3.768864116891E-04 -4.474045488082E-06 -1.824081038140E-06  2.549216495945E-05  1.355329333020E-01  4.474045512574E-06  4.556180449167E-03  2.519287275764E-20  1.785264664297E-20  7.538948015512E-20 -2.714520614979E-03
  2.366364245106E+02  2.392459708782E+02  1.678486300256E+01  6.278263156029E-14 -1.083738983320E-01  2.839786397274E+02  5.405568794258E-01  6.585473275687E-01 -4.294482535478E-01  4.187455973069E-03 -1.872986382866E+00  2.822298656238E+00  5.421707047029E-03 -5.978479195722E-02  5.436308490992E-02 -4.308633370912E-02 -8.685553824758E-05  3.805406678055E-06 -4.213299797066E-06  1.177472550127E-05  1.329471211470E-01 -3.805406571758E-06  3.124510110357E-03 -4.697884355621E-20 -1.762932189218E-20  9.472187831361E-20 -2.681929513800E-03
  2.418555172459E+02  2.445433500046E+02  1.682857983326E+01  5.910454468153E-14 -1.077762077733E-01  2.854172724719E+02  5.384473945458E-01  6.560441145332E-01 -4.246927556733E-01  3.485051245812E-03 -1.868805996362E+00  2.804753995118E+00  4.205861631397E-03 -5.657718061429E-02  5.237131898210E-02 -4.278168235381E-02  1.280656851243E-04 -1.323255940512E-05 -9.409451844794E-06  1.746004935591E-05  1.305389581722E-01  1.323255936018E-05  1.470920015973E-03 -3.061145810012E-20 -2.635757073899E-20  9.442922235880E-20 -2.652659277386E-03
  2.472311827633E+02  2.499996505047E+02  1.687256459039E+01  5.431610507143E-14 -1.073863406008E-01  2.868698624841E+02  5.365662230512E-01  6.547049275531E-01 -4.198492530924E-01  2.852110246350E-03 -1.867257109809E+00  2.787012631579E+00  3.162958417682E-03 -5.336524074243E-02  5.020228232253E-02 -4.215500530076E-02  4.156798151387E-04 -5.248580998835E-06 -1.526914619067E-05  2.968351009364E-05  1.270656800202E-01  5.248580921716E-06  9.950748865559E-04 -1.116460331315E-20 -1.903237744856E-20  8.657560969839E-20 -2.600318408085E-03
  2.527681182462E+02  2.556196400198E+02  1.691645806192E+01  5.262269128839E-14 -1.070442850731E-01  2.883251470335E+02  5.348971265460E-01  6.542311565247E-01 -4.149029273137E-01  2.074313991306E-03 -1.866692469923E+00  2.767148441516E+00  2.169931647042E-03 -4.981137878806E-02  4.764144714169E-02 -4.113610631158E-02  5.772184496416E-04  1.682631872544E-05 -1.980527594403E-05  2.654549026336E-05  1.231078208032E-01 -1.682631871474E-05  1.174164649626E-03 -4.528765564034E-20 -3.692827730348E-20  1.186216377649E-19 -2.553403379986E-03
  2.584711617935E+02  2.614082292204E+02  1.696030462104E+01  5.408930291509E-14 -1.065183059730E-01  2.897807223708E+02  5.332689443842E-01  6.528974003226E-01 -4.098863111043E-01  1.234527670473E-03 -1.863924438727E+00  2.748850791570E+00  1.142442811879E-03 -4.638391187426E-02  4.524146906289E-02 -4.063786572855E-02  4.327471856030E-04  1.842572843579E-05 -2.316600696370E-05  1.375763085357E-05  1.211381530593E-01 -1.842572845410E-05  1.546188766513E-03  1.254653963607E-20 -2.295040851687E-20  9.261966001877E-20 -2.538937341343E-03
  2.643452966473E+02  2.673704760971E+02  1.700537700279E+01  5.540739901032E-14 -1.058936002074E-01  2.912801355409E+02  5.315152136496E-01  6.512555897497E-01 -4.048284429174E-01  2.903419430915E-04 -1.857153439878E+00  2.732691965407E+00 -1.920301314255E-04 -4.294117239933E-02  4.313320253139E-02 -4.043192971819E-02  4.723555641114E-04  1.910721292654E-05 -2.340881423654E-05  5.076238187574E-06  1.190902703055E-01 -1.910721295664E-05  1.114568598464E-03 -3.238180548938E-20 -1.057872378178E-20  3.382566800966E-20 -2.495549382471E-03
  2.703956555468E+02  2.735115903800E+02  1.705033594348E+01  5.330121442595E-14 -1.056573477769E-01  2.927788091652E+02  5.294355861918E-01  6.493179113625E-01 -3.995699417070E-01 -7.438948124145E-04 -1.854330267363E+00  2.720156895352E+00 -1.290113652892E-03 -3.973758503338E-02  4.102769868571E-02 -3.956891869543E-02  7.264823475317E-04  1.233350538118E-05 -2.072211997081E-05  2.533938938073E-06  1.165789177079E-01 -1.233350548290E-05 -7.778512929946E-04  2.627513256285E-20 -3.609586272493E-20  6.417150608017E-20 -2.460697880934E-03
  2.766275252132E+02  2.798369380914E+02  1.709618357883E+01  4.956722836000E-14 -1.064792039196E-01  2.943116221875E+02  5.271123360087E-01  6.471425643359E-01 -3.942027037037E-01 -1.724919540375E-03 -1.871859016519E+00  2.707517319048E+00 -2.663065410908E-03 -3.660698150899E-02  3.927004691909E-02 -3.912593916190E-02  1.038893027389E-03 -8.133640847297E-06 -1.713128707413E-05  1.196498847569E-05  1.147648185641E-01  8.133640744985E-06 -1.306680188697E-03 -6.440896025070E-21 -3.030301185059E-20  5.051189554949E-20 -2.419634557447E-03
  2.830463509696E+02  2.863520462341E+02  1.714242478909E+01  5.071898688073E-14 -1.066614660349E-01  2.958621915560E+02  5.244904448972E-01  6.464992811251E-01 -3.889819764847E-01 -2.768452749891E-03 -1.879957704655E+00  2.699788889136E+00 -3.672847166645E-03 -3.328047811852E-02  3.695332528509E-02 -3.854250972403E-02  1.139120235675E-03 -1.437894585749E-05 -1.432998230759E-05  6.100372703145E-06  1.131170379187E-01  1.437894590216E-05 -3.603489953259E-04  3.951214637185E-20 -1.614387276982E-20  4.045446279636E-20 -2.408606277498E-03
  2.896577414987E+02  2.930626076211E+02  1.718966507219E+01  5.603467357363E-14 -1.067510499971E-01  2.974484301379E+02  5.214427811047E-01  6.464342537400E-01 -3.834847634394E-01 -3.802430085720E-03 -1.887649504063E+00  2.691600672518E+00 -4.957183003766E-03 -2.979101016883E-02  3.474819317267E-02 -3.845854410997E-02  9.291830318549E-04 -8.773492119589E-06 -1.274881146940E-05 -1.298477348313E-05  1.121533812213E-01  8.773492155136E-06  5.199731809999E-04  1.626178397229E-20  4.502269483512E-21  6.329161128735E-20 -2.403910652992E-03
  2.964674737436E+02  2.999744858498E+02  1.723788860193E+01  5.848764911334E-14 -1.062555728623E-01  2.990690102505E+02  5.180606686256E-01  6.462300792388E-01 -3.779799504852E-01 -4.921282936187E-03 -1.884056407934E+00  2.689322661269E+00 -5.957099418758E-03 -2.633526060483E-02  3.229236002256E-02 -3.859749053872E-02  5.229630084222E-04  6.684743919422E-06 -1.072938705451E-05 -1.847982315834E-05  1.101106191378E-01 -6.684743856423E-06  1.401530423302E-03 -3.408661664336E-21 -2.183501191796E-20  3.215411568280E-20 -2.405242461596E-03
  3.034814979559E+02  3.070937204253E+02  1.728621668027E+01  5.625769988749E-14 -1.055596039980E-01  3.006935347124E+02  5.143368795603E-01  6.456860312072E-01 -3.724056164854E-01 -5.918041344320E-03 -1.877056396675E+00  2.682123153242E+00 -6.859360537340E-03 -2.282597082719E-02  2.968533136498E-02 -3.829752163384E-02  8.100663424473E-04 -2.127302937511E-06 -8.279735238148E-06 -8.092026190604E-06  1.069761270501E-01  2.127302912397E-06  7.134644028154E-04 -1.169992620128E-20  3.099073230419E-21  6.495247879277E-20 -2.390372887322E-03
  3.107059428946E+02  3.144265320380E+02  1.733449183196E+01  5.003327394907E-14 -1.056313211647E-01  3.023151367745E+02  5.101143403606E-01  6.447965870524E-01 -3.669187614933E-01 -7.063936009609E-03 -1.883370932465E+00  2.688921556407E+00 -8.070665217913E-03 -1.920053174630E-02  2.727119696384E-02 -3.828306995270E-02  1.057302000029E-03 -6.691424027308E-06 -4.142359951160E-06 -1.233621137365E-05  1.033238265986E-01  6.691423981908E-06 -3.430594420933E-04  1.356100575155E-20 -1.011905789220E-20  2.177348537798E-20 -2.385080551196E-03
  3.181471211814E+02  3.219793279992E+02  1.738232208680E+01  3.926791850668E-14 -1.059241107773E-01  3.039233003429E+02  5.056196541002E-01  6.445680672196E-01 -3.612651999281E-01 -8.051539624070E-03 -1.893650299338E+00  2.692097013572E+00 -9.071013557114E-03 -1.602712684556E-02  2.509814040257E-02 -3.811356501661E-02  1.168601296888E-03 -2.094322178774E-06  4.282615055803E-09 -1.130019096809E-05  1.007450204433E-01  2.094322036222E-06 -8.417598085967E-04  3.208663422774E-20 -3.442731520196E-20  2.299688691089E-20 -2.397055685974E-03
  3.258115348169E+02  3.297587078391E+02  1.743104129817E+01  2.976844191613E-14 -1.064882200583E-01  3.055630637524E+02  5.012086173393E-01  6.433045126052E-01 -3.556803419353E-01 -9.056115655887E-03 -1.910551406525E+00  2.693567095462E+00 -9.716702813145E-03 -1.276909803491E-02  2.248580084717E-02 -3.859829018041E-02  1.200089911653E-03  4.908147052838E-06  8.294734584137E-07 -1.820327690578E-06  9.966318021006E-02 -4.908146981311E-06 -2.071973089640E-03  7.207950097801E-20 -2.620001681502E-20  2.008974846303E-20 -2.413861605629E-03
  3.337058808614E+02  3.377714690743E+02  1.748071068675E+01  2.143847266956E-14 -1.079801639155E-01  3.072394874129E+02  4.966404458774E-01  6.419927567438E-01 -3.499086953057E-01 -1.006630832232E-02 -1.943931654121E+00  2.693354814012E+00 -1.053143272924E-02 -9.559066652840E-03  2.009049938223E-02 -3.836224531982E-02  1.227945973703E-03  8.803095525633E-06 -1.759465353378E-06  7.731866730514E-06  9.849112756202E-02 -8.803095606484E-06 -2.831041749478E-03  4.538709952875E-20 -2.450815746648E-20  1.867430379956E-20 -2.400695246275E-03
  3.418370572872E+02  3.460246131465E+02  1.753118367871E+01  1.206909333758E-14 -1.093706735502E-01  3.089406373059E+02  4.920659078146E-01  6.373078710392E-01 -3.441992298636E-01 -1.104740502058E-02 -1.974023549872E+00  2.693287241466E+00 -1.131176510820E-02 -6.344373890998E-03  1.765613899921E-02 -3.862545376355E-02  1.460269069859E-03  5.689975670322E-06 -4.241174378478E-06  1.570410877722E-05  9.817349638353E-02 -5.689975669376E-06 -2.405168246631E-03  9.886075655605E-21 -2.051735516255E-20  1.998314626153E-20 -2.438239288599E-03
  3.502121690058E+02  3.545253515409E+02  1.758352489863E+01  5.145823148376E-15 -1.105238083269E-01  3.107151798459E+02  4.876654123385E-01  6.319311122281E-01 -3.380755390615E-01 -1.199667325476E-02 -2.001121062811E+00  2.702276479222E+00 -1.199776560565E-02 -3.229956181961E-03  1.522772178766E-02 -3.933859223561E-02  1.230679314727E-03  1.527238645523E-05 -6.261015217401E-06  1.498959309224E-05  9.722544200308E-02 -1.527238651243E-05 -5.292026623019E-04  2.841729058723E-20 -2.747887664250E-20 -8.654766604641E-21 -2.461852403877E-03
  3.588385340760E+02  3.632811120872E+02  1.763602544127E+01  1.175608944683E-15 -1.099380010342E-01  3.125045589847E+02  4.830263286501E-01  6.231446594424E-01 -3.325201254940E-01 -1.314745682268E-02 -1.995663760228E+00  2.695130480136E+00 -1.286884701991E-02 -4.888702818232E-04  1.335771730168E-02 -3.897095242259E-02  5.189104661798E-04  1.726831398147E-05 -1.024726346234E-05  1.453799640928E-05  9.292388125753E-02 -1.726831395417E-05  6.237328391272E-04  4.349080161589E-20 -2.419692343092E-20  2.534714189541E-20 -2.384715056855E-03
  3.677236900983E+02  3.722995454498E+02  1.768670201047E+01 -1.381102986605E-16 -1.098075842336E-01  3.142372633845E+02  4.779930017297E-01  6.125778250302E-01 -3.266820999745E-01 -1.397681991662E-02 -1.998651057355E+00  2.698691568480E+00 -1.356675875000E-02  2.561728087781E-03  1.100503066279E-02 -3.730887275708E-02  8.446586975307E-04  1.651473767717E-05 -1.509609659511E-05  2.374364568363E-05  8.760635115265E-02 -1.651473767590E-05  8.040127348513E-04  5.080883040597E-20  1.824982867670E-21  2.686502814070E-20 -2.304596100212E-03
  3.768754008012E+02  3.815885318133E+02  1.773622645437E+01 -1.912261292601E-15 -1.090174128384E-01  3.159342442123E+02  4.727566385900E-01  5.989652341556E-01 -3.208836130505E-01 -1.512908382783E-02 -1.987458086296E+00  2.697832215681E+00 -1.407593948222E-02  5.111500884670E-03  8.964438596784E-03 -3.639366272030E-02  7.276684325128E-04  1.308365668870E-05 -1.784759244997E-05  2.402119886574E-05  8.202780778118E-02 -1.308365665453E-05  1.486222796524E-03  4.486647051768E-20 -1.747696525721E-20  3.704772329829E-20 -2.205921467458E-03
  3.863016628253E+02  3.911561877677E+02  1.778330496801E+01 -6.295160284257E-15 -1.080645152833E-01  3.175523391137E+02  4.667192598636E-01  5.886457620250E-01 -3.148078032460E-01 -1.576920651593E-02 -1.975492367975E+00  2.705990219079E+00 -1.455876299893E-02  7.374497193929E-03  7.184265804960E-03 -3.455497278909E-02  3.753683613833E-04  5.967894841980E-06 -1.787597395396E-05  2.518031049976E-05  7.993118426359E-02 -5.967894857507E-06  2.941407082108E-03  7.528346925024E-20 -2.991839159165E-20 -7.447341093874E-21 -2.171564886167E-03
  3.960107127100E+02  4.010108734007E+02  1.783316123234E+01 -1.001139156385E-14 -1.054130977200E-01  3.192744429591E+02  4.597180333265E-01  5.773451669447E-01 -3.089748329595E-01 -1.662395879698E-02 -1.932351033167E+00  2.724824406024E+00 -1.541729990225E-02  1.042297106456E-02  4.994328836742E-03 -3.520054199757E-02 -5.157888538608E-04 -1.703387329852E-06 -1.571252573678E-05  1.801542868872E-05  7.912402319949E-02  1.703387340309E-06  5.130086059647E-03  5.169304156244E-20 -3.105273904843E-22  2.839398120198E-20 -2.178684808804E-03
  4.060110340913E+02  4.111611996027E+02  1.788220792069E+01 -1.141759285496E-14 -1.015942836768E-01  3.209808752504E+02  4.520560947308E-01  5.623468887303E-01 -3.029589261703E-01 -1.713643991667E-02 -1.870477737760E+00  2.738721969292E+00 -1.602031283821E-02  1.298233954855E-02  3.037973289408E-03 -3.404802583227E-02 -1.303761682477E-03 -1.229469824130E-06 -1.394115081200E-05  1.949068318944E-05  7.541068918269E-02  1.229469808666E-06  9.404387183209E-03  3.020902070726E-22 -1.711321881900E-20 -8.780205261455E-21 -2.092167035586E-03
  4.163113651141E+02  4.216160355908E+02  1.793031470976E+01 -1.241558257751E-14 -9.327275837952E-02  3.226529204415E+02  4.440018411264E-01  5.499784588342E-01 -2.972234367541E-01 -1.757213779548E-02 -1.727540738441E+00  2.751931771152E+00 -1.649670628959E-02  1.529148285513E-02  1.205223434860E-03 -3.278893834221E-02 -2.781937057497E-03  1.790625258941E-05 -1.348764776457E-05  1.268336964649E-05  7.039750297239E-02 -1.790625263652E-05  1.384627786831E-02  1.056385887718E-21 -2.627381216596E-20 -5.723831864935E-20 -1.993935869559E-03
  4.269207060675E+02  4.323845166585E+02  1.797558356568E+01 -1.135014783621E-14 -8.320940195188E-02  3.242296390338E+02  4.357105505583E-01  5.333790545405E-01 -2.914349831774E-01 -1.783655641876E-02 -1.551213727112E+00  2.770156577003E+00 -1.717099473561E-02  1.794258394206E-02 -7.715892063861E-04 -3.131575705267E-02 -3.320463520119E-03  6.943845772516E-06 -9.234312924226E-06  3.200480584798E-06  6.540388204926E-02 -6.943845732683E-06  1.570539814868E-02  6.292485209004E-20 -5.215127393673E-21 -1.330686515190E-20 -1.936570103948E-03
  4.378483272495E+02  4.434760521583E+02  1.801963400390E+01 -7.559711765454E-15 -7.185307084391E-02  3.257660857730E+02  4.266549946432E-01  5.155403944140E-01 -2.853543532896E-01 -1.807265793709E-02 -1.348612228493E+00  2.788627021466E+00 -1.758876879096E-02  2.012548673347E-02 -2.536717943003E-03 -3.077233883524E-02 -4.172275936099E-03  3.404002789967E-06 -2.277978551853E-06 -3.887235775197E-06  6.629680895075E-02 -3.404002777289E-06  1.719981327220E-02  9.394889104472E-20 -3.784207299806E-20 -1.674009179715E-20 -1.946842790467E-03
  4.491037770670E+02  4.549003337230E+02  1.806885314495E+01 -5.580277198080E-15 -5.909261558856E-02  3.274928718188E+02  4.173315750307E-01  4.958218742636E-01 -2.790569722823E-01 -1.846395399213E-02 -1.119600469111E+00  2.797429649869E+00 -1.813952981159E-02  2.179662776295E-02 -3.657097951999E-03 -3.122371527101E-02 -4.491667628395E-03 -5.139064289115E-06  3.810598450900E-06 -7.010808002738E-06  6.325003979613E-02  5.139064329560E-06  1.945723086023E-02  4.851149947344E-20 -7.047843795261E-20 -4.807972422998E-21 -1.860011259314E-03
  4.606968903790E+02  4.666673437347E+02  1.811129370460E+01 -6.095023791231E-15 -4.371138167757E-02  3.289832504676E+02  4.081781014972E-01  4.740317205692E-01 -2.727412238441E-01 -1.840158537591E-02 -8.423896136049E-01  2.798227364696E+00 -1.879208375721E-02  2.325286007328E-02 -4.460776315798E-03 -2.780950511906E-02 -5.505240447704E-03 -7.768169949410E-06  8.541359555821E-06 -4.011282932317E-06  5.684967501931E-02  7.768169986510E-06  1.756870127733E-02  1.112230223132E-19 -1.737805658684E-20 -2.677122339667E-20 -1.679859307915E-03
  4.726377970904E+02  4.787873640468E+02  1.815371640828E+01 -1.065798866986E-14 -3.290203149432E-02  3.304830471990E+02  3.990660953032E-01  4.497250062364E-01 -2.659521148946E-01 -1.853897506232E-02 -6.481040328142E-01  2.806646764328E+00 -1.893486252508E-02  2.481279133328E-02 -5.877928808818E-03 -2.635339573904E-02 -3.835392808901E-03 -9.148148733128E-06  1.081518116737E-05  1.757365842100E-06  5.308851758828E-02  9.148148668750E-06  1.596058420793E-02  3.603609846418E-20 -2.948113497804E-20 -2.064390618004E-20 -1.594357350537E-03
  4.849369310031E+02  4.912709849682E+02  1.819293571434E+01 -1.540088716279E-14 -1.919694874767E-02  3.318754939021E+02  3.898492991075E-01  4.320414803886E-01 -2.592095216448E-01 -1.759097521899E-02 -3.962390033197E-01  2.823831362334E+00 -1.976164064679E-02  2.637263687004E-02 -6.610996222372E-03 -2.448683863328E-02 -4.490802787408E-03 -1.038798367863E-05  1.094031969891E-05  2.821735033210E-06  4.862063005937E-02  1.038798379662E-05  1.792968689656E-02  6.143549829018E-20 -5.252231110058E-20  4.491175630422E-21 -1.465748558484E-03
  4.976050389332E+02  5.041291145172E+02  1.823071162860E+01 -1.866164789250E-14 -4.526179029807E-03  3.332206981407E+02  3.805508657636E-01  4.129582935852E-01 -2.525102499851E-01 -1.722792400694E-02 -1.233798444819E-01  2.844134101744E+00 -2.030641146799E-02  2.735515679918E-02 -7.048745331411E-03 -2.240828096911E-02 -5.091512283200E-03 -1.631599935206E-05  1.046736312485E-05 -5.192341481298E-06  4.541350348288E-02  1.631599923465E-05  1.807402159790E-02  8.300149638223E-20 -1.416862227205E-20 -2.342089700674E-21 -1.360568328138E-03
  5.106531901012E+02  5.173729879527E+02  1.826697312889E+01 -2.209075977699E-14  1.025936775211E-02  3.345132610207E+02  3.699735853313E-01  4.037595863500E-01 -2.454452177418E-01 -1.576299006472E-02  1.494338410806E-01  2.868091198399E+00 -2.067687258068E-02  2.871770880370E-02 -8.040836223022E-03 -2.139429439132E-02 -5.278282744481E-03 -3.561627176289E-06  1.193075683443E-05  5.423576737891E-07  4.336564134819E-02  3.561627212139E-06  1.857323236535E-02  6.951649655594E-20 -4.397682049603E-20 -3.159011082753E-20 -1.304427144810E-03
  5.240927858042E+02  5.310141775913E+02  1.830357335053E+01 -1.999380782464E-14  2.665295332614E-02  3.358240373650E+02  3.583877350348E-01  3.940033553725E-01 -2.383966566794E-01 -1.529109915112E-02  4.540322942438E-01  2.882042477947E+00 -2.023564074238E-02  2.922799837327E-02 -8.992357631368E-03 -2.038576902694E-02 -5.520522607107E-03  3.536910288021E-06  1.247778023033E-05  3.748263262863E-06  4.355183729837E-02 -3.536910232775E-06  1.899624659087E-02  6.428440091138E-20 -2.629260241554E-20 -1.166938125131E-20 -1.274293524839E-03
  5.379355693784E+02  5.450646029190E+02  1.834236016560E+01 -1.429405407695E-14  4.314498762390E-02  3.372201299554E+02  3.462289058245E-01  3.858243686019E-01 -2.308565793844E-01 -1.370780364139E-02  7.626575943597E-01  2.895385445982E+00 -2.018631515314E-02  3.016299888261E-02 -9.976683729386E-03 -2.036938589119E-02 -5.552273958534E-03 -7.366617700487E-07  9.124407128331E-06  6.165425898647E-06  4.302785229413E-02  7.366618296302E-07  1.456644295971E-02  8.045767303867E-20 -3.992977800692E-20 -2.819750101535E-20 -1.257783697238E-03
  5.521936364597E+02  5.595365410066E+02  1.838025397204E+01 -1.318040844291E-14  5.264823024893E-02  3.385876901214E+02  3.331428939416E-01  3.815660728877E-01 -2.232439374149E-01 -1.265621053045E-02  9.417907787546E-01  2.918588723911E+00 -1.985912537427E-02  3.109266319714E-02 -1.123353782327E-02 -2.005895050056E-02 -3.942810024829E-03  6.373923621955E-07  4.352627882915E-06  2.115823120635E-05  4.318036060891E-02 -6.373923761973E-07  9.217855891214E-03  4.391700994985E-20 -9.950608271201E-21  8.691181298605E-22 -1.275825451778E-03
  5.668794455535E+02  5.743794455535E+02  1.842165027021E+01 -1.542113427696E-14  6.010550787660E-02  3.400908399444E+02  3.187561379472E-01  3.744966714683E-01 -2.148428521559E-01 -1.082428334071E-02  1.081620251440E+00  2.922154758550E+00 -2.012090574090E-02  3.160118731284E-02 -1.148028157184E-02 -2.041841030810E-02 -2.738533756162E-03  4.230458201536E-07  1.179124912468E-06  4.980270068056E-06  4.147488212384E-02 -4.230457652709E-07  8.226416556805E-03  3.255175125654E-20  1.562128658494E-20 -3.879264304372E-20 -1.209902801217E-03
  5.818794455535E+02  5.893794455535E+02  1.845804592731E+01 -1.680005064462E-14  6.811491061930E-02  3.414175621409E+02  3.046337168328E-01  3.728019594045E-01 -2.063465494264E-01 -9.282867887519E-03  1.229535424651E+00  2.873689138453E+00 -1.962138199789E-02  3.036905445443E-02 -1.074767245756E-02 -1.814035658932E-02 -2.772444382199E-03  3.193255873009E-07  7.035441077874E-07 -7.613820924357E-06  3.930787865974E-02 -3.193255899948E-07  8.835107800950E-03  3.745375150306E-20 -1.078253343895E-20 -1.135488149873E-20 -1.112725224516E-03
  5.968794455535E+02  6.043794455535E+02  1.849530534174E+01 -2.009751364172E-14  7.664578376946E-02  3.427795215408E+02  2.913954532736E-01  3.688037731048E-01 -1.972485225531E-01 -6.817624463025E-03  1.386722197079E+00  2.855656518195E+00 -1.943311762962E-02  3.013517221858E-02 -1.070205458812E-02 -1.747146932340E-02 -3.071407909006E-03 -4.437426515850E-06  3.337830497946E-06 -8.943318189107E-06  3.780432746174E-02  4.437426547763E-06  6.732014102923E-03  6.487130731540E-20 -1.732947649037E-20  6.265782984195E-21 -1.065941198042E-03
  6.118794455535E+02  6.193794455535E+02  1.852888302938E+01 -2.376489427700E-14  8.070064273247E-02  3.440029622034E+02  2.795041945980E-01  3.650362234103E-01 -1.883790453956E-01 -5.143971496452E-03  1.466915890952E+00  2.829608978741E+00 -1.884462446126E-02  2.949243342886E-02 -1.064780896799E-02 -1.667184595548E-02 -2.225940198044E-03 -4.995517407483E-06  5.721789591832E-06 -8.852762253981E-06  3.561428238234E-02  4.995517384914E-06  5.276381209052E-03  3.653961354169E-20 -7.020047364377E-21 -7.509783257445E-21 -1.046231582515E-03
  6.268794455535E+02  6.343794455535E+02  1.856209341413E+01 -2.448773706957E-14  8.654084873196E-02  3.452144703578E+02  2.687236740700E-01  3.597687502351E-01 -1.791688393198E-01 -2.942785653459E-03  1.576325242872E+00  2.790861552070E+00 -1.844289682266E-02  2.903923915677E-02 -1.059634233378E-02 -1.706486608196E-02 -1.993900577398E-03  3.605459890040E-06  6.742780166231E-06 -8.573160349329E-06  3.701001417271E-02 -3.605459928536E-06  4.654009241115E-03  4.521088699102E-20 -2.361641847726E-20  6.035438146841E-21 -1.100263073015E-03
  6.418794455535E+02  6.493794455535E+02  1.859828290394E+01 -2.232279610002E-14  8.942197779589E-02  3.465288330207E+02  2.590230818505E-01  3.468991510333E-01 -1.702964742234E-01 -1.131183307564E-03  1.631554934457E+00  2.766124809895E+00 -1.810832945293E-02  2.853459714979E-02 -1.042626769690E-02 -1.821266294202E-02 -1.403374625785E-03  9.144297190479E-06  8.680584585402E-06 -1.260396957824E-05  4.046177241048E-02 -9.144297152996E-06  2.212304021130E-03  5.688316201786E-20  2.028844986852E-22 -3.632574728448E-21 -1.171409387581E-03
  6.568794455535E+02  6.643794455535E+02  1.863791780395E+01 -1.980809989412E-14  9.068467241959E-02  3.479836812838E+02  2.504273338000E-01  3.327349436895E-01 -1.615943884963E-01  1.147782785516E-03  1.656105122649E+00  2.741618786181E+00 -1.791124288885E-02  2.799714720594E-02 -1.008590431688E-02 -1.919434301428E-02 -6.878151116639E-04  4.182349461321E-06  9.791054197163E-06 -1.046717418692E-05  4.318729653439E-02 -4.182349458812E-06 -9.627580468767E-04  2.804803275805E-20 -5.530817113565E-21 -1.749528505453E-20 -1.209997398720E-03
  6.718794455535E+02  6.793794455535E+02  1.867921596403E+01 -1.944333293905E-14  8.761682144778E-02  3.494954178959E+02  2.433264844574E-01  3.150610482293E-01 -1.532203633279E-01  3.131181073724E-03  1.603537833417E+00  2.702665350368E+00 -1.714416220787E-02  2.680869000126E-02 -9.664527792972E-03 -1.931025247432E-02  1.050489617998E-03 -3.359081433935E-06  9.081223693720E-06  7.556136826342E-07  4.367995549781E-02  3.359081489930E-06 -4.335328082815E-03  3.832812851829E-20 -7.074631581918E-21 -2.668971362463E-20 -1.190451531831E-03
  6.868794455535E+02  6.943794455535E+02  1.871983342346E+01 -1.962569921391E-14  8.257966451534E-02  3.509858442761E+02  2.369471730395E-01  3.005659211488E-01 -1.446408722503E-01  4.532572835819E-03  1.514277892103E+00  2.650026651263E+00 -1.650010042189E-02  2.587492508892E-02 -9.374824667097E-03 -1.876747901730E-02  1.967635250131E-03  3.096074457274E-06  7.296066177966E-06  8.781779116908E-06  4.401615767302E-02 -3.096074458216E-06 -5.525909720484E-03  1.242770706484E-20  2.459928718391E-21 -1.922269442308E-20 -1.168939931760E-03
  7.018794455535E+02  7.093794455535E+02  1.876180145349E+01 -2.105239767236E-14  7.731862065398E-02  3.525293662791E+02  2.302660042290E-01  2.921481745933E-01 -1.366425551507E-01  5.888983441936E-03  1.422927210660E+00  2.608099522381E+00 -1.600978940372E-02  2.561731513689E-02 -9.607525733131E-03 -1.873601431711E-02  2.251719639395E-03 -5.635327475041E-06  5.010196374159E-06  1.029536107033E-05  4.420965356130E-02  5.635327434146E-06 -7.936481870381E-03  9.204533149280E-21  7.640236741631E-21 -3.193601225735E-20 -1.176278634634E-03
  7.168794455535E+02  7.243794455535E+02  1.880277559258E+01 -2.573996802739E-14  6.774803182615E-02  3.540366775464E+02  2.236352431364E-01  2.892611142339E-01 -1.279699618017E-01  6.806589607843E-03  1.246975332218E+00  2.576829938206E+00 -1.555518194407E-02  2.503629321395E-02 -9.481111269881E-03 -1.858762022194E-02  3.218124105501E-03 -4.868428632662E-06  3.866358528130E-06  7.707079243689E-06  4.334524074685E-02  4.868428604941E-06 -1.094387635962E-02  2.619867271377E-21 -3.514834205578E-20 -3.384622717611E-20 -1.138015232534E-03
  7.318794455535E+02  7.393794455535E+02  1.884312730735E+01 -2.928424979361E-14  5.679241740719E-02  3.555297644275E+02  2.169528030891E-01  2.796994576811E-01 -1.199074620814E-01  7.332750413711E-03  1.052193505508E+00  2.560752505355E+00 -1.540106555576E-02  2.501744959372E-02 -9.616384038158E-03 -1.802264602854E-02  3.476170653789E-03 -1.140957498619E-06  1.400155520054E-06 -1.649527421431E-06  4.276224158355E-02  1.140957527509E-06 -1.373542148544E-02  2.982492461778E-21  4.592264241045E-21 -2.906295013948E-20 -1.115115520995E-03
  7.468794455535E+02  7.543794455535E+02  1.888293443894E+01 -2.991864742063E-14  4.198671342662E-02  3.570100177121E+02  2.103407461629E-01  2.734152472843E-01 -1.114957236465E-01  8.028399573656E-03  7.763063323986E-01  2.541456311809E+00 -1.526577523240E-02  2.452177033858E-02 -9.255995106206E-03 -1.737977773024E-02  3.938898669218E-03 -2.475872799951E-06 -1.863115689749E-06 -5.454797659113E-06  4.189406082272E-02  2.475872793570E-06 -1.699628927739E-02  3.455199540694E-20 -7.765132599408E-21 -5.944629921813E-20 -1.051103084051E-03
  7.618794455535E+02  7.693794455535E+02  1.892162167770E+01 -2.809003088004E-14  2.494371682874E-02  3.584581742613E+02  2.042511583616E-01  2.652727560154E-01 -1.037289368055E-01  8.326939376840E-03  4.630975774746E-01  2.515374197101E+00 -1.494839746767E-02  2.370967061253E-02 -8.761273145002E-03 -1.643062313613E-02  5.017791527787E-03 -4.079227864008E-06 -2.657707608092E-06 -9.308003128948E-07  4.045187422961E-02  4.079227849935E-06 -1.712345720611E-02  2.418654229476E-20 -2.014806428400E-22 -4.530598636794E-20 -1.016932265416E-03
  7.768794455535E+02  7.843794455535E+02  1.895878654134E+01 -2.256000421197E-14  9.890563012226E-03  3.598480187397E+02  1.983403930410E-01  2.591251805268E-01 -9.607288783497E-02  8.346017257218E-03  1.821597414993E-01  2.482352500381E+00 -1.425461883798E-02  2.262008434616E-02 -8.365465508226E-03 -1.606274595735E-02  4.283394121323E-03 -7.175364853091E-06 -2.130025528955E-06 -2.444432316211E-08  4.088528870772E-02  7.175364878981E-06 -1.828415724702E-02 -3.466158374552E-21  1.161159818405E-21 -1.355956691148E-20 -1.011622152364E-03
  7.918794455535E+02  7.993794455535E+02  1.899828771665E+01 -1.495657937778E-14 -9.316022128679E-03  3.613309970907E+02  1.920509400431E-01  2.536695453126E-01 -8.822791955619E-02  7.794752114432E-03 -1.781203288971E-01  2.466260783055E+00 -1.402269319070E-02  2.226719951104E-02 -8.244506319949E-03 -1.638770452545E-02  5.413279959954E-03 -6.973043925287E-06 -9.025893732545E-07  1.574479031460E-06  4.114056412374E-02  6.973043983424E-06 -1.965620932065E-02  1.341464186012E-20 -1.177558861704E-20 -2.728741332368E-20 -1.008361944201E-03
  8.068794455535E+02  8.143794455535E+02  1.903589427320E+01 -8.285210480648E-15 -2.694876135209E-02  3.627419803772E+02  1.857714199237E-01  2.483734562590E-01 -8.000399019174E-02  7.728675657552E-03 -5.126891668765E-01  2.448615041527E+00 -1.420604727410E-02  2.198125047815E-02 -7.775203204096E-03 -1.592702761205E-02  5.201436013246E-03 -3.735629691469E-06  5.705037925331E-08 -2.543385335689E-07  4.172143454259E-02  3.735629760252E-06 -1.787422296604E-02  1.947369269671E-20 -1.151013962633E-20 -8.281628826801E-21 -1.004298181693E-03
  8.218794455535E+02  8.293794455535E+02  1.907648525489E+01 -3.245139111134E-15 -4.285433379867E-02  3.642665929933E+02  1.792462824397E-01  2.460089278778E-01 -7.210644559892E-02  6.529899051517E-03 -8.150192643542E-01  2.420058537686E+00 -1.350938360966E-02  2.124056030426E-02 -7.731176694721E-03 -1.632354589762E-02  4.613223720435E-03  3.492209712780E-07  1.087078430481E-06 -1.712764295848E-06  4.404565041120E-02 -3.492209464961E-07 -1.762260295130E-02 -1.172122841457E-20  1.293244067045E-20 -1.130511856522E-20 -1.018560081339E-03
  8.368794455535E+02  8.443794455535E+02  1.911848787118E+01  7.926032515500E-16 -5.997633815698E-02  3.658499557807E+02  1.721805010573E-01  2.428705835679E-01 -6.437056160569E-02  6.093637768694E-03 -1.142960500244E+00  2.398303875253E+00 -1.305316053840E-02  2.082039347917E-02 -7.767232940666E-03 -1.592891544762E-02  5.142944589525E-03  1.875762998074E-07  2.726182211700E-06 -8.585924639188E-06  4.104245175721E-02 -1.875762581942E-07 -1.917601530214E-02  3.236393196749E-21  6.447291307006E-21 -3.739595850561E-20 -9.276798032913E-04
  8.518794455535E+02  8.593794455535E+02  1.915346096312E+01  3.754714132202E-15 -7.877288354567E-02  3.671701742537E+02  1.643902465325E-01  2.458709999560E-01 -5.707550232357E-02  4.862489906450E-03 -1.507484241506E+00  2.364800617469E+00 -1.269786288112E-02  2.051465569225E-02 -7.816792811359E-03 -1.387054881819E-02  4.875712842552E-03 -3.001499644103E-06  4.005471514052E-06 -9.909690218103E-06  4.050748922807E-02  3.001499659478E-06 -1.479873717935E-02 -2.277760750151E-20  1.266587733873E-20 -3.761069640992E-20 -8.797567343201E-04
  8.668794455535E+02  8.743794455535E+02  1.919446666641E+01  4.007991855071E-15 -8.772645549145E-02  3.687293946392E+02  1.558683864648E-01  2.467998639258E-01 -5.016255177247E-02  4.365326824055E-03 -1.685043379874E+00  2.350620147266E+00 -1.231965021839E-02  2.050998898930E-02 -8.190338771170E-03 -1.441294181464E-02  2.961851058998E-03  5.508388935927E-06  3.426909463388E-06 -9.573474860233E-06  4.331264542562E-02 -5.508388980714E-06 -1.159941774881E-02  9.178631274051E-22 -2.437870686316E-20 -1.586092595005E-20 -9.140123855480E-04
  8.818794455535E+02  8.893794455535E+02  1.923468894356E+01  2.902907659622E-15 -1.005128981804E-01  3.702620235308E+02  1.467370748696E-01  2.509276822884E-01 -4.352201065251E-02  3.559650631959E-03 -1.940582547334E+00  2.335796280869E+00 -1.191217243925E-02  2.026750710839E-02 -8.355334669245E-03 -1.475769586530E-02  3.173182913972E-03  6.289525733512E-06  1.653222128928E-06 -1.530453299797E-06  4.371869033085E-02 -6.289525722347E-06 -1.101906206137E-02  8.330133097941E-21 -4.671732857711E-21 -3.338704344924E-20 -9.315033861644E-04
  8.968794455535E+02  9.043794455535E+02  1.927642364745E+01 -2.007682214922E-17 -1.083543990530E-01  3.718648937690E+02  1.370396533450E-01  2.516995790255E-01 -3.676396392968E-02  2.917884165364E-03 -2.099657012315E+00  2.309703486283E+00 -1.134075118741E-02  1.971031471092E-02 -8.369563523549E-03 -1.488296030714E-02  2.396650367546E-03  9.345561439233E-06 -1.511785305662E-06 -8.461053319463E-07  4.354699034265E-02 -9.345561449645E-06 -1.126694936687E-02  1.323617289101E-20 -1.439332079872E-20 -4.319726122440E-20 -9.123164721807E-04
  9.118794455535E+02  9.193794455535E+02  1.931629895558E+01 -4.497853189437E-15 -1.216203530536E-01  3.734020847199E+02  1.262654453437E-01  2.522220235520E-01 -3.082957386019E-02  2.422836742778E-03 -2.367565141574E+00  2.313604364303E+00 -1.116832868862E-02  1.943514469994E-02 -8.266816011633E-03 -1.441380383208E-02  3.537134874105E-03  4.136825018152E-06 -4.838918967538E-06 -2.615904291428E-06  4.334449683883E-02 -4.136825048049E-06 -1.099326463341E-02 -1.550903452718E-21 -5.536556450156E-21 -4.724045403751E-20 -8.841394264361E-04
  9.268794455535E+02  9.343794455535E+02  1.935766813648E+01 -5.825081447290E-15 -1.289767584376E-01  3.750036039141E+02  1.127950709054E-01  2.543902610973E-01 -2.436068219501E-02  1.899023301592E-03 -2.519589047686E+00  2.300250354161E+00 -1.029854190675E-02  1.857860793368E-02 -8.280066026522E-03 -1.380253255801E-02  2.366749353806E-03 -8.193910574921E-06 -5.559780672804E-06 -6.486466753953E-07  4.394840383386E-02  8.193910636544E-06 -1.028802281736E-02 -1.925332322744E-20 -2.080212181334E-21 -3.963948616841E-21 -8.435889756227E-04
  9.418794455535E+02  9.493794455535E+02  1.939870755336E+01 -5.558542630809E-15 -1.409372367311E-01  3.766089621625E+02  9.538167813681E-02  2.597612419877E-01 -1.869654953593E-02  1.739419982830E-03 -2.762356623573E+00  2.315669331542E+00 -1.003986336878E-02  1.850922004648E-02 -8.469356677167E-03 -1.308461922893E-02  3.214478984585E-03 -7.088494094691E-06 -5.084239629175E-06 -5.334495698721E-06  4.322380977274E-02  7.088494096702E-06 -9.500256986555E-03 -9.148905538234E-21 -2.242049168817E-21 -1.366664208323E-20 -8.071427220274E-04
  9.568794455535E+02  9.643794455535E+02  1.943870148796E+01 -6.707977344885E-15 -1.467953913647E-01  3.781834577468E+02  7.353601876093E-02  2.719356158213E-01 -1.276366565029E-02  7.414470810802E-04 -2.887997238469E+00  2.369153846692E+00 -1.085004222401E-02  1.908694520004E-02 -8.236902976133E-03 -1.275706882602E-02  2.381722734148E-03 -1.226118216747E-05 -4.143177471253E-06 -2.725081635085E-07  4.447937490918E-02  1.226118220248E-05 -1.047059095672E-02  1.627468202493E-21 -6.118167560989E-21 -1.810238291296E-20 -7.926402843112E-04
  9.718794455535E+02  9.793794455535E+02  1.948208609024E+01 -6.226859522798E-15 -1.605490545995E-01  3.799054365913E+02  4.615288120076E-02  2.979644959793E-01 -6.969935851303E-03  3.585443349464E-04 -3.168314444546E+00  2.553592743915E+00 -1.125251857008E-02  2.070165432078E-02 -9.449135750594E-03 -1.318576467445E-02  3.811633491467E-03 -7.254236506816E-06 -1.805963378590E-06  8.149220257014E-06  4.633635080395E-02  7.254236512869E-06 -1.370511492008E-02 -1.490031201743E-20 -4.106916659779E-21 -1.168374878084E-20 -8.855833359313E-04
  9.868794455535E+02  9.943794455535E+02  1.952556352511E+01 -2.377513875877E-15 -1.724720746682E-01  3.816737343480E+02  9.737390044458E-03  3.543956934896E-01 -2.003213846166E-03 -1.352656661578E-04 -3.411808704144E+00  2.512419467626E+00 -1.274401435963E-02  2.184082249473E-02 -9.096808134875E-03 -1.309438843370E-02  4.214062036765E-03 -1.489237580318E-06 -2.384759548264E-07  1.911709494044E-05  2.319731253772E-02  1.489237623019E-06 -6.365049457238E-03 -1.091999046892E-20  2.397102622891E-21  2.713688187504E-20 -3.639665655613E-04
