                   y                  ym                   U                   V                   W                 U^2                 V^2                 W^2                  UV                  VW                  UW                VISC               SFSxx               SFSyy               SFSzz               SFSxy               SFSyz                dUdX                dVdX                dWdX                dUdY                dVdY                dWdY                dUdZ                dVdZ                dWdZ              SFSxym
 -4.000000000000E+00 -2.000000000000E+00  0.000000000000E+00  0.000000000000E+00  0.000000000000E+00  0.000000000000E+00  0.000000000000E+00  0.000000000000E+00  0.000000000000E+00  0.000000000000E+00  0.000000000000E+00  0.000000000000E+00  0.000000000000E+00  0.000000000000E+00  0.000000000000E+00  0.000000000000E+00  0.000000000000E+00  0.000000000000E+00  0.000000000000E+00  0.000000000000E+00  0.000000000000E+00  0.000000000000E+00  0.000000000000E+00  0.000000000000E+00  0.000000000000E+00  0.000000000000E+00  0.000000000000E+00
  2.220446049250E-16  2.000000000000E+00  9.958269488041E+00 -5.703674258878E-15  3.613549557489E-03  1.016214592893E+02  5.274990421607E-02  6.747112825069E-01 -1.581882212897E-01 -1.012080343631E-03  4.921117689879E-02  1.002926473311E+00 -1.737126725342E-03  6.806185743876E-03 -5.069059018901E-03 -5.125654355818E+00  7.792941476938E-03 -1.098195608161E-03 -9.148205100161E-05  8.741234637927E-06  4.284455569839E+01  1.098195607981E-03  5.482351438007E-02 -1.396850805453E-20  2.052732656870E-21 -8.779150675805E-20 -1.092512378503E-02
  4.000000000000E+00  6.000000000000E+00  1.146422313274E+01 -1.520638150988E-14  2.361278813757E-02  1.338743715910E+02  2.096241642387E-01  6.473749791375E-01 -3.078098603264E-01 -2.754077451580E-03  2.946629796953E-01  5.542910171771E+00  2.251661463464E-01 -2.423312378787E-01  1.716509153987E-02 -1.123080331822E+00 -1.012069506985E-01  3.301916205869E-04 -1.379231053283E-04  7.050868099345E-06  3.999965882409E+00 -3.301916207088E-04  5.455995465294E-02 -2.509088471103E-20 -1.963209945173E-20  6.289004518046E-21 -7.958520013339E-02
  8.000000000000E+00  1.000000000000E+01  1.195812408687E+01 -2.203285367737E-14  3.095999121536E-02  1.450651996846E+02  2.535100769595E-01  5.957461175580E-01 -2.991521702911E-01 -2.712819555284E-03  3.975619490368E-01  5.798158199809E+00  1.277296689237E-01 -3.185487196961E-01  1.908190507725E-01 -6.451118343317E-01 -2.124974038564E-02  2.129060163123E-04 -7.351858697127E-05 -4.901222385105E-05  1.910462352892E+00 -2.129060163862E-04  2.565643027126E-02 -7.820236596268E-20 -6.979903863382E-21  6.497151021551E-20 -3.891711936597E-02
  1.200000000000E+01  1.400000000000E+01  1.241958480925E+01 -2.675906956955E-14  3.656275806157E-02  1.562715019640E+02  2.770913895401E-01  5.807684794845E-01 -3.211228908057E-01 -3.011646681401E-03  4.832979006686E-01  5.711610896527E+00  1.213310528818E-01 -2.934034043735E-01  1.720723514958E-01 -6.101111535444E-01 -3.825859116014E-03  1.248605847458E-04 -4.715344582355E-05 -1.683786798737E-05  1.586895987419E+00 -1.248605850041E-04  1.730079487975E-02 -8.211433158187E-20  1.214739673052E-21  4.405143953645E-20 -3.331431262112E-02
  1.600000000000E+01  1.800000000000E+01  1.275135440994E+01 -2.687515195197E-14  3.959979501334E-02  1.645282668466E+02  2.957794787227E-01  5.706873106127E-01 -3.197581757898E-01 -3.202729643269E-03  5.358046820837E-01  5.380787019437E+00  1.003266507367E-01 -2.611640958496E-01  1.608374451144E-01 -4.459600339607E-01 -1.173959801831E-03  3.385824806578E-05 -3.165540145494E-05 -2.395117520258E-06  1.244212262770E+00 -3.385824803117E-05  9.545984971310E-03 -3.621307943947E-20 -1.540469509611E-20  5.461768731525E-20 -2.574333510367E-02
  2.000000000000E+01  2.200000000000E+01  1.304153621626E+01 -2.237895635180E-14  4.136154570949E-02  1.719737898516E+02  3.112618471526E-01  5.675328562951E-01 -3.255586075929E-01 -3.429571682979E-03  5.713041043378E-01  5.157214791199E+00  9.011676052363E-02 -2.377001609469E-01  1.475834004226E-01 -3.839868474025E-01 -1.162101287450E-03  7.175754637030E-05 -2.011477291076E-05  1.873764987371E-05  1.058836097447E+00 -7.175754657645E-05  4.081769562731E-03 -5.910162173374E-20  1.968212126881E-21  7.719560441511E-20 -2.188593990119E-02
  2.400000000000E+01  2.600000000000E+01  1.328078922520E+01 -1.625440410885E-14  4.176970027241E-02  1.782283996116E+02  3.237682540798E-01  5.632401391116E-01 -3.251274843142E-01 -3.472671011717E-03  5.862629190205E-01  4.929787401861E+00  7.822464804884E-02 -2.171940489232E-01  1.389694008792E-01 -3.160189579827E-01 -1.030633407225E-04  4.749201936439E-05 -1.828656027469E-05  1.721925297924E-05  9.035852301902E-01 -4.749201923864E-05  1.340904978078E-03 -6.927044521989E-20  3.197947427618E-20  1.116681676093E-19 -1.848330703515E-02
  2.800000000000E+01  3.000000000000E+01  1.349332610673E+01 -1.019508154114E-14  4.208618240178E-02  1.838949394882E+02  3.333857026467E-01  5.583513936122E-01 -3.265365008902E-01 -3.615030588064E-03  5.989716262043E-01  4.746416368929E+00  7.015170657960E-02 -2.015425862257E-01  1.313908796427E-01 -2.773851077102E-01 -7.159512634766E-04  2.044633450701E-06 -1.795183871225E-05  2.293811451925E-05  7.960603381570E-01 -2.044633639675E-06  1.168412628536E-03 -1.824311751441E-21  7.001619988276E-21  9.494446591569E-20 -1.616490413296E-02
  3.200000000000E+01  3.400000000000E+01  1.367878230164E+01 -3.775395071802E-15  4.233744652187E-02  1.889112448988E+02  3.405248498627E-01  5.523426173451E-01 -3.257972271475E-01 -3.604008928046E-03  6.085092449646E-01  4.565255783925E+00  6.262139088530E-02 -1.869471322803E-01  1.243257413987E-01 -2.405769499246E-01 -4.252760764727E-04  2.444656517684E-05 -1.197328655012E-05  1.023758216171E-05  7.062817204012E-01 -2.444656489559E-05  1.028061504172E-03 -3.035765820795E-20  9.942648114781E-21  1.296215382454E-19 -1.419229553424E-02
  3.600000000000E+01  3.800000000000E+01  1.384650990655E+01  3.428523307272E-15  4.263443656925E-02  1.935113366249E+02  3.458179096194E-01  5.462523470591E-01 -3.256032717204E-01 -3.668208853949E-03  6.183251624164E-01  4.403638305081E+00  5.677247210434E-02 -1.744514832576E-01  1.176790111543E-01 -2.148426303720E-01 -7.255913996595E-04 -2.020413479111E-05 -4.479559727178E-06  5.411013091793E-06  6.373200619235E-01  2.020413471178E-05  1.016856705796E-03 -2.943352356423E-20 -5.388840529741E-21  9.696602173066E-20 -1.272150015753E-02
  4.000000000000E+01  4.200000000000E+01  1.399755584927E+01  5.679121271920E-15  4.284620733370E-02  1.977032625762E+02  3.497336362412E-01  5.400042683632E-01 -3.243721034800E-01 -3.737939655292E-03  6.257435314164E-01  4.252134539875E+00  5.160032154083E-02 -1.634219312121E-01  1.118216096725E-01 -1.921197289170E-01 -1.182120056969E-03  8.533519023310E-06 -7.987106655205E-07  1.148473402535E-05  5.800854689956E-01 -8.533518823159E-06  7.823487645705E-04  3.289613790312E-20  1.431557258039E-20  9.334322276440E-20 -1.148928848274E-02
  4.400000000000E+01  4.600000000000E+01  1.413662498293E+01  6.648348863623E-16  4.293629631197E-02  2.016070582381E+02  3.525881453735E-01  5.346561783614E-01 -3.233347179325E-01 -3.867794425861E-03  6.320555393759E-01  4.124387819962E+00  4.773390784899E-02 -1.540621624983E-01  1.063282546502E-01 -1.759356708726E-01 -1.368711541223E-03  7.926806104086E-06  4.033646457439E-07 -6.347436672927E-06  5.375125040766E-01 -7.926806125346E-06  2.963053758477E-04  2.190016389428E-20 -1.909591085927E-21  1.292640972372E-19 -1.055333957101E-02
  4.800000000000E+01  5.000000000000E+01  1.426629126075E+01 -4.063266324968E-15  4.294418429817E-02  2.052842423691E+02  3.547591814865E-01  5.299580202857E-01 -3.218983197194E-01 -3.909692768547E-03  6.353183943192E-01  4.006421327003E+00  4.449413597462E-02 -1.455386654786E-01  1.010445295052E-01 -1.622699085086E-01 -8.848065446019E-04  2.177032461186E-05  2.703577556491E-06 -1.607069313361E-06  5.010234754611E-01 -2.177032474377E-05 -9.262252634439E-04  2.056370729336E-20 -1.467280567188E-20  8.090069490271E-20 -9.735674447509E-03
  5.200000000000E+01  5.400000000000E+01  1.438710101916E+01 -4.732618087931E-15  4.249404802985E-02  2.087412171844E+02  3.562606649130E-01  5.255440678820E-01 -3.205825805394E-01 -4.067236748682E-03  6.333179951832E-01  3.904708750687E+00  4.148915634005E-02 -1.384233033678E-01  9.693414702965E-02 -1.497236831459E-01 -6.820406882399E-04  2.319095015025E-05  6.895591235785E-06 -6.887751878755E-06  4.675566140066E-01 -2.319094973982E-05 -3.604944123293E-03 -3.982852888966E-20  5.954413510074E-21  1.160999864276E-19 -9.040556353473E-03
  5.600000000000E+01  5.800000000000E+01  1.450012433829E+01 -7.664596171283E-15  4.112869032826E-02  2.120032628350E+02  3.572163028056E-01  5.212575455925E-01 -3.189456555229E-01 -4.130280448126E-03  6.178080844634E-01  3.808385272996E+00  3.881443178904E-02 -1.320436525863E-01  9.322922079495E-02 -1.393330120416E-01  2.212431998489E-04  4.221029352725E-07  1.028062864085E-05 -1.533487173792E-05  4.397018386193E-01 -4.221032758080E-07 -4.336400988018E-03  3.594756052936E-20 -5.411101248933E-21  6.053043806713E-20 -8.426315140898E-03
  6.000000000000E+01  6.200000000000E+01  1.460701414002E+01 -1.231479284866E-14  4.027684928569E-02  2.151138060259E+02  3.577986540651E-01  5.174906932105E-01 -3.174321940171E-01 -4.152382501112E-03  6.085404890435E-01  3.712525464072E+00  3.627421209050E-02 -1.256763070616E-01  8.940209497058E-02 -1.303171109777E-01 -4.719141095077E-05  1.050568298833E-05  9.257585480106E-06 -1.362756138521E-05  4.152558447471E-01 -1.050568325584E-05 -2.993596587037E-03  3.306223204906E-21  1.556981999692E-20  1.447998154518E-19 -7.881075193956E-03
  6.400000000000E+01  6.600000000000E+01  1.470766401637E+01 -1.964502374432E-14  3.960299208404E-02  2.180625285580E+02  3.579462852589E-01  5.138579939721E-01 -3.158101853841E-01 -4.146842242908E-03  6.016983213653E-01  3.625514529087E+00  3.377082582930E-02 -1.197424595538E-01  8.597163372467E-02 -1.221317454185E-01 -9.521414633126E-05  4.967419594779E-06  6.183505616738E-06 -3.445867298238E-06  3.943940812419E-01 -4.967420166758E-06 -1.404918373550E-03  2.251723224473E-22 -2.240913719404E-20  7.836703791257E-20 -7.399474777314E-03
  6.800000000000E+01  7.000000000000E+01  1.480406987265E+01 -2.588119735886E-14  3.953581814573E-02  2.209064572639E+02  3.577247840846E-01  5.090338854525E-01 -3.141303020128E-01 -4.099498570926E-03  6.036036039183E-01  3.546044855284E+00  3.178910262019E-02 -1.150331391168E-01  8.324403649654E-02 -1.148857162002E-01 -7.301950748221E-04  2.626315336218E-05  5.421826516655E-06 -6.483899290556E-06  3.762136345431E-01 -2.626315312369E-05  1.892342585022E-03 -1.459429049917E-20  8.092088259429E-21  1.062472454287E-19 -6.967188930094E-03
  7.200000000000E+01  7.400000000000E+01  1.489580823730E+01 -2.365554489849E-14  4.048773141928E-02  2.236285935231E+02  3.573341138384E-01  5.038802122996E-01 -3.123823551515E-01 -4.037548636606E-03  6.201044922898E-01  3.472706882669E+00  3.009080609115E-02 -1.107407664895E-01  8.064996039892E-02 -1.082167746416E-01 -1.707156344816E-03  2.393068573207E-06  2.677156833700E-06 -9.769664717116E-06  3.584087917522E-01 -2.393068637869E-06  4.920175456444E-03  4.353795323645E-20 -1.329512768247E-20  1.294537528416E-19 -6.579751286421E-03
  7.600000000000E+01  7.800000000000E+01  1.498334115373E+01 -1.849229200757E-14  4.198899798431E-02  2.262421000795E+02  3.568010337526E-01  4.978598565579E-01 -3.106934973308E-01 -4.101447894427E-03  6.462889528423E-01  3.402601693084E+00  2.833519956507E-02 -1.065357598808E-01  7.820056031499E-02 -1.023189277300E-01 -2.168664439286E-03 -5.485731193718E-06 -2.894629997381E-06 -5.685190340240E-06  3.416195918892E-01  5.485731489883E-06  6.831784406704E-03  6.270136945919E-20 -3.275298590072E-21  1.187197068605E-19 -6.220435525069E-03
  8.000000000000E+01  8.200000000000E+01  1.506653586596E+01 -1.703657184221E-14  4.394120686035E-02  2.287389851632E+02  3.559808308156E-01  4.916340026363E-01 -3.089474778201E-01 -4.032423774764E-03  6.783351531740E-01  3.337140867273E+00  2.643049598525E-02 -1.025378029018E-01  7.610730691942E-02 -9.643564409443E-02 -2.163818502712E-03  2.638407607676E-05 -5.643815642051E-06 -1.121339496310E-05  3.255900151231E-01 -2.638407631914E-05  7.443886136695E-03  1.058340847331E-19 -1.331509177297E-20  1.113477660079E-19 -5.872431889067E-03
  8.400000000000E+01  8.600000000000E+01  1.514615585992E+01 -1.294902191839E-14  4.570682948345E-02  2.311411061924E+02  3.548567652919E-01  4.857364706771E-01 -3.072046890151E-01 -4.033816711241E-03  7.068975559135E-01  3.272450056550E+00  2.493528317201E-02 -9.898037556747E-02  7.404509239658E-02 -9.150010081164E-02 -1.900371755453E-03  1.656877142414E-05 -7.405227130215E-06 -3.666186897821E-05  3.105372624078E-01 -1.656877127320E-05  6.963278209210E-03  4.396660596645E-20 -1.390181344434E-20  6.958680696750E-20 -5.564166370615E-03
  8.800000000000E+01  9.000000000000E+01  1.522191194787E+01 -2.330623830501E-15  4.740780237558E-02  2.334385045950E+02  3.536108461214E-01  4.801228568444E-01 -3.054587086714E-01 -3.997204213147E-03  7.337042159753E-01  3.210308008561E+00  2.391188378197E-02 -9.558194069868E-02  7.167005691718E-02 -8.646425548398E-02 -1.577652021974E-03  1.320368915839E-05 -9.206786463869E-06 -3.273793900071E-05  2.972840229332E-01 -1.320368921417E-05  6.062275336498E-03  6.574036144680E-20 -2.028823918520E-20  6.557250906723E-20 -5.289015882597E-03
  9.200000000000E+01  9.400000000000E+01  1.529483151850E+01  1.594395767033E-15  4.877097541806E-02  2.356578244083E+02  3.522559571624E-01  4.746309451826E-01 -3.037377592202E-01 -3.999456869068E-03  7.559260328602E-01  3.146436712707E+00  2.274351713018E-02 -9.187916938415E-02  6.913565225367E-02 -8.267364448534E-02 -1.392819317505E-03  1.986424975769E-05 -8.291772770384E-06 -1.930806123737E-05  2.866480865241E-01 -1.986424960490E-05  4.972015036388E-03  4.822102379017E-20 -1.012790957789E-20  9.016383908749E-20 -5.037508947517E-03
  9.600000000000E+01  9.800000000000E+01  1.536521702779E+01  3.466294236596E-15  4.992935149255E-02  2.378106803832E+02  3.507209696433E-01  4.700588238195E-01 -3.020607090294E-01 -3.910602017586E-03  7.754602109943E-01  3.089117811673E+00  2.198257701636E-02 -8.880460761597E-02  6.682203060023E-02 -7.857459465729E-02 -1.348439348041E-03  2.902580759451E-05 -5.181690556102E-06 -1.018803117301E-05  2.750826699212E-01 -2.902580773085E-05  2.701450970100E-03  5.819715328730E-20 -3.601217245831E-20  8.601892367365E-20 -4.780971588146E-03
  1.000000000000E+02  1.020000000000E+02  1.543233716468E+01  1.279269080714E-14  5.014325793358E-02  2.398723639712E+02  3.489609986935E-01  4.655898692020E-01 -3.003582430474E-01 -3.934680951503E-03  7.804740516416E-01  3.036155306969E+00  2.088211442800E-02 -8.630024893603E-02  6.541813450925E-02 -7.450663567779E-02 -9.464728740593E-04  2.414211065017E-05 -1.264742393367E-06 -1.208525255779E-05  2.631142959167E-01 -2.414211052616E-05 -1.637706382016E-04  7.074643544286E-20 -2.681810326174E-21  8.580946923613E-20 -4.541302420352E-03
  1.040000000000E+02  1.060000000000E+02  1.549679838884E+01  1.573826370153E-14  4.987576864674E-02  2.418595694327E+02  3.470795294441E-01  4.608546730638E-01 -2.986652942995E-01 -3.817273999313E-03  7.785732895692E-01  2.989250801218E+00  1.973268864002E-02 -8.383670451362E-02  6.410401587359E-02 -7.085108433287E-02 -8.721301674357E-04  4.092344618719E-05  1.395900499915E-06 -8.871199950952E-06  2.542079268796E-01 -4.092344635208E-05 -6.589151351388E-04  1.156798645075E-19  8.349394886836E-21  5.892086471922E-20 -4.348353086016E-03
  1.080000000000E+02  1.100000000000E+02  1.555948693640E+01  1.171448991052E-14  4.984588163346E-02  2.437981726134E+02  3.451985419351E-01  4.561500481774E-01 -2.969466385222E-01 -3.776502973346E-03  7.802575933317E-01  2.942219373978E+00  1.842767346659E-02 -8.124017363153E-02  6.281250016671E-02 -6.816703865535E-02 -1.147805211591E-03  3.239464810210E-05  1.440421214358E-06 -3.376145353025E-06  2.450113494861E-01 -3.239464802257E-05 -4.411763506158E-04  9.992138972025E-20 -5.763424215574E-21  7.951217496144E-20 -4.166392672707E-03
  1.120000000000E+02  1.140000000000E+02  1.561930609191E+01  1.324897425566E-14  4.970632649910E-02  2.456561645532E+02  3.433744362787E-01  4.517482084086E-01 -2.952731673287E-01 -3.650493257394E-03  7.811325863104E-01  2.894637668013E+00  1.734318736871E-02 -7.897943791119E-02  6.163625054516E-02 -6.510295795625E-02 -7.571058367674E-04  3.187884588472E-06  2.133286816543E-07 -4.131955994655E-06  2.357321742137E-01 -3.187884766334E-06  5.529115814231E-05  8.289736736731E-20  1.900978672286E-20  9.370280966905E-20 -3.969904326717E-03
  1.160000000000E+02  1.180000000000E+02  1.567734645117E+01  1.479204360273E-14  4.990123036582E-02  2.474641820300E+02  3.415832365064E-01  4.478393061063E-01 -2.936620298156E-01 -3.569399988672E-03  7.876364383567E-01  2.853273966969E+00  1.639757679365E-02 -7.686869611928E-02  6.047111932395E-02 -6.215269385111E-02 -6.745103771912E-04 -1.848550763222E-07 -6.003458293726E-07 -7.579786031434E-06  2.293487514112E-01  1.848552660566E-07  1.379662162437E-03  3.289855112458E-20 -1.701220023900E-20  5.223825163561E-20 -3.806762393811E-03
  1.200000000000E+02  1.220000000000E+02  1.573395851301E+01  1.502163902526E-14  5.037567471730E-02  2.492351103581E+02  3.397634634691E-01  4.440163014794E-01 -2.919146250995E-01 -3.397662162798E-03  7.978877440810E-01  2.818503073816E+00  1.585615971460E-02 -7.502365398558E-02  5.916749427028E-02 -5.983167921820E-02 -6.627064206634E-04  1.595912299502E-05  2.013547595597E-07  3.700889139216E-06  2.235830785222E-01 -1.595912304614E-05  1.479586649017E-03  1.073877739881E-19  3.926769033024E-21  1.002229759638E-19 -3.677704301690E-03
  1.240000000000E+02  1.260000000000E+02  1.578914053276E+01  1.848017500023E-14  5.062607422543E-02  2.509677703884E+02  3.378815794273E-01  4.401042251672E-01 -2.903536767593E-01 -3.290826829379E-03  8.049091749312E-01  2.783721504954E+00  1.548778788110E-02 -7.318784002150E-02  5.770005214153E-02 -5.778042443543E-02 -5.526445673933E-04  8.895478400946E-06  1.824837684519E-07  2.944059428439E-06  2.173065441638E-01 -8.895478219040E-06  8.946218107390E-04  8.695976725090E-20 -1.548150527643E-20  8.211287894925E-20 -3.554474140375E-03
  1.280000000000E+02  1.300000000000E+02  1.584262479653E+01  2.066111387880E-14  5.081525747124E-02  2.526511849751E+02  3.360142818398E-01  4.361979453661E-01 -2.886921497537E-01 -3.163582689075E-03  8.109802852400E-01  2.746351454864E+00  1.495037304052E-02 -7.133999373981E-02  5.638962069954E-02 -5.594829111263E-02 -3.171257224899E-04 -1.977107389052E-05 -1.449095677253E-06 -9.025905656149E-07  2.102162515261E-01  1.977107350591E-05  9.641021891898E-04  7.692782259153E-20 -1.085320446006E-20  1.148703223767E-19 -3.407162262630E-03
  1.320000000000E+02  1.340000000000E+02  1.589423634440E+01  2.277128977278E-14  5.108701004434E-02  2.542818045765E+02  3.341828364731E-01  4.324196710112E-01 -2.871830334318E-01 -2.989873264212E-03  8.177399179363E-01  2.707519896633E+00  1.423721777310E-02 -6.960270955142E-02  5.536549177696E-02 -5.314784483925E-02 -5.305539250790E-04 -1.058406669840E-06 -2.441455074848E-06  2.126277753079E-06  2.025772364568E-01  1.058407090103E-06  1.014986938163E-03  6.598167484605E-20  1.252315261379E-20  9.255306597646E-20 -3.255649636531E-03
  1.360000000000E+02  1.380000000000E+02  1.594392108884E+01  3.720752287002E-14  5.129770267065E-02  2.558564957599E+02  3.322693289323E-01  4.288028414130E-01 -2.855197977517E-01 -2.873980562456E-03  8.240403485076E-01  2.675053861309E+00  1.379188152396E-02 -6.819866347916E-02  5.440678195512E-02 -5.099243993255E-02 -6.656079331112E-04 -8.663403952497E-06 -3.592012829387E-06  4.310385190059E-06  1.960146436295E-01  8.663403615636E-06  8.501990275272E-04  5.459722340263E-20 -5.423372966732E-21  5.905808075589E-20 -3.130981997340E-03
  1.400000000000E+02  1.420000000000E+02  1.599219535153E+01  5.799116185809E-14  5.147796032377E-02  2.573921194166E+02  3.303360796355E-01  4.247923554710E-01 -2.840130559670E-01 -2.707582654848E-03  8.292771918724E-01  2.646697449771E+00  1.330701521378E-02 -6.689374091686E-02  5.358672570299E-02 -4.932824162728E-02 -7.319461883542E-04 -2.710900706224E-05 -3.239989377952E-06 -1.280536819271E-06  1.914643938114E-01  2.710900772349E-05  4.723592979052E-04  7.164715909176E-20 -1.457802085612E-21  4.636993442013E-20 -3.031785143174E-03
  1.440000000000E+02  1.460000000000E+02  1.603958733922E+01  6.767585067289E-14  5.151278454632E-02  2.589048032354E+02  3.284934506097E-01  4.204696000689E-01 -2.824103593184E-01 -2.621501762582E-03  8.319493115051E-01  2.617095244059E+00  1.265105095448E-02 -6.538552610699E-02  5.273447515327E-02 -4.768935897771E-02 -5.381046481826E-04 -1.564101268950E-05 -7.466127911618E-07 -8.516055639408E-06  1.872280744981E-01  1.564101269976E-05  2.043028735969E-04  7.761775885577E-20 -4.284176331674E-21  4.463157058306E-20 -2.937962935449E-03
  1.480000000000E+02  1.500000000000E+02  1.608580789273E+01  7.095847795342E-14  5.158149487071E-02  2.603849456333E+02  3.266894785016E-01  4.166272730306E-01 -2.808328317451E-01 -2.454843836039E-03  8.347674955136E-01  2.585967571003E+00  1.215240497368E-02 -6.389339512212E-02  5.174099014818E-02 -4.634777425280E-02 -5.192941186603E-04 -4.947033922517E-06  1.069005248390E-06 -5.601764489564E-06  1.838260632316E-01  4.947034175487E-06  6.480507165344E-04  6.050301014981E-20 -1.659558194288E-20  8.045874800547E-20 -2.867260217136E-03
  1.520000000000E+02  1.540000000000E+02  1.613149919842E+01  7.456002745909E-14  5.183736425694E-02  2.618519797620E+02  3.249314018772E-01  4.122761053449E-01 -2.793093593823E-01 -2.363323664352E-03  8.403526093913E-01  2.558916030189E+00  1.171377925618E-02 -6.256861069323E-02  5.085483143656E-02 -4.549169620344E-02 -6.262797165726E-04  1.605428430134E-07  2.724414595244E-06  6.228639805584E-07  1.827716155910E-01 -1.605428158335E-07  6.178620768702E-05  1.204183126069E-19 -2.763354417208E-21  6.339264799440E-20 -2.810257289741E-03
  1.560000000000E+02  1.580000000000E+02  1.617714760325E+01  7.441669491997E-14  5.161877496021E-02  2.633198194557E+02  3.233406675030E-01  4.073091316781E-01 -2.778106134882E-01 -2.238064816698E-03  8.383716020502E-01  2.529024890630E+00  1.141553597024E-02 -6.115199586578E-02  4.973645989427E-02 -4.447405781756E-02 -2.131517417726E-04 -8.372151847314E-06  5.831017374360E-06  6.210128850270E-06  1.798410017293E-01  8.372151971451E-06 -2.189270347006E-03  1.329268164078E-19  7.460984546329E-21  4.613190828011E-20 -2.721945841577E-03
  1.600000000000E+02  1.620000000000E+02  1.622137237485E+01  7.038103140653E-14  5.078207649297E-02  2.647453033607E+02  3.218800477125E-01  4.022687923081E-01 -2.762828495010E-01 -2.113987666827E-03  8.258478453424E-01  2.499097563192E+00  1.102771234174E-02 -5.962529209831E-02  4.859757975638E-02 -4.274067537322E-02  1.374778566932E-04  3.494965747582E-06  9.444631181822E-06  4.516693185804E-06  1.738512130765E-01 -3.494965844751E-06 -3.999319272724E-03  8.426604920733E-20  2.046021335912E-21  7.466714070215E-20 -2.627426759127E-03
  1.640000000000E+02  1.660000000000E+02  1.626408638911E+01  6.373211828796E-14  4.966618197418E-02  2.661249928069E+02  3.204476919366E-01  3.969975053582E-01 -2.747686896990E-01 -1.993817477857E-03  8.088698008576E-01  2.468821579760E+00  1.067826791690E-02 -5.819153004048E-02  4.751326212433E-02 -4.123384994500E-02  2.353859269983E-04  1.558371346473E-05  1.148856913930E-05 -1.096180455625E-06  1.701126487043E-01 -1.558371348795E-05 -4.449266182675E-03  1.956817428420E-19 -9.166089601481E-21  6.394969903595E-20 -2.547599946946E-03
  1.680000000000E+02  1.700000000000E+02  1.630645521916E+01  5.600798105825E-14  4.859521621245E-02  2.674960515002E+02  3.190326634342E-01  3.916174657956E-01 -2.732451762322E-01 -1.893509404543E-03  7.928275093993E-01  2.440460638520E+00  1.025212124976E-02 -5.668809289608E-02  4.643597164632E-02 -4.020836479490E-02  3.210119687057E-04 -6.563550148020E-07  1.191388713706E-05  7.226961105412E-07  1.664417648508E-01  6.563549161792E-07 -5.212199551916E-03  1.305445479222E-19  7.797883914574E-21  5.567368231543E-20 -2.471157446425E-03
  1.720000000000E+02  1.740000000000E+02  1.634731831006E+01  5.091709522903E-14  4.710990711790E-02  2.688221017465E+02  3.175924200238E-01  3.859767602224E-01 -2.717569679623E-01 -1.781456010869E-03  7.693366083450E-01  2.411264447157E+00  9.807796728149E-03 -5.528097476503E-02  4.547317803693E-02 -3.876846290408E-02  6.897053539415E-04 -4.548911777411E-06  1.172642922438E-05  6.062618354516E-06  1.609779013998E-01  4.548911776955E-06 -6.049811967917E-03  1.129409587817E-19  1.631063888521E-20  8.149000800173E-20 -2.375007866017E-03
  1.760000000000E+02  1.780000000000E+02  1.638697268362E+01  4.719858994381E-14  4.561381587392E-02  2.701121452936E+02  3.160380510689E-01  3.808333262329E-01 -2.702395789111E-01 -1.677108930972E-03  7.461333350075E-01  2.384356824500E+00  9.569264338693E-03 -5.417752799744E-02  4.460826365795E-02 -3.718210788244E-02  8.568745143133E-04  8.088736968030E-06  1.076340663506E-05  9.498918773435E-08  1.556005918285E-01 -8.088737080265E-06 -6.526736301890E-03  1.126371666843E-19 -1.470954947659E-20  7.584809513225E-20 -2.274459791736E-03
  1.800000000000E+02  1.820000000000E+02  1.642514090925E+01  4.109690853460E-14  4.387183064097E-02  2.713559638340E+02  3.143490884873E-01  3.768782639327E-01 -2.687882997719E-01 -1.521203340805E-03  7.185310584722E-01  2.359434876355E+00  9.256157722515E-03 -5.319291016873E-02  4.393675244576E-02 -3.569154526212E-02  9.766998511419E-04  1.297280277698E-05  9.807185382339E-06 -8.277482468705E-06  1.509509533975E-01 -1.297280269877E-05 -6.120144939579E-03  1.356011795463E-19 -1.227000414381E-20  6.195926846771E-20 -2.193872519978E-03
  1.840000000000E+02  1.860000000000E+02  1.646248124304E+01  3.344433852580E-14  4.256388029056E-02  2.725755865749E+02  3.126141539216E-01  3.734550147507E-01 -2.672360377571E-01 -1.363376711766E-03  6.979646023859E-01  2.333484748521E+00  8.841432691739E-03 -5.213405280124E-02  4.329262010978E-02 -3.446933993444E-02  7.785860682368E-04  1.746664182964E-05  8.426498442635E-06  8.346308498338E-06  1.462911429181E-01 -1.746664188199E-05 -5.086336231824E-03  8.162356182504E-20 -1.541904993261E-20  1.054439571126E-19 -2.117702579438E-03
  1.880000000000E+02  1.900000000000E+02  1.649832567637E+01  2.706230337118E-14  4.135423295561E-02  2.737484814796E+02  3.108436276061E-01  3.705024748968E-01 -2.657465664369E-01 -1.222392820125E-03  6.789531018663E-01  2.310724642829E+00  8.532225742200E-03 -5.109709713778E-02  4.256487139606E-02 -3.333610870098E-02  7.858560351480E-04 -2.837511091117E-07  6.440539394747E-06  2.475303412355E-05  1.421017167201E-01  2.837511779052E-07 -5.900253015070E-03  1.511494334250E-19 -9.924999851592E-21  6.909112103800E-20 -2.057483490332E-03
  1.920000000000E+02  1.940000000000E+02  1.653352229028E+01  2.173192444232E-14  3.965572287096E-02  2.749028654468E+02  3.089974703736E-01  3.672336738624E-01 -2.641633625393E-01 -1.102583914153E-03  6.518339150048E-01  2.285795286353E+00  8.142609745231E-03 -5.013454886245E-02  4.199193911748E-02 -3.245238275283E-02  9.083477548150E-04  1.338474456995E-06  5.691889341273E-06  1.485542183009E-05  1.385803611320E-01 -1.338474494888E-06 -7.477493542076E-03  6.227678197673E-20  1.238866845456E-20  5.473977632944E-20 -1.988641857765E-03
  1.960000000000E+02  1.980000000000E+02  1.656759937862E+01  1.553923414278E-14  3.762376356245E-02  2.760232621614E+02  3.071753911127E-01  3.644595842833E-01 -2.627131240032E-01 -9.479342663909E-04  6.195176029192E-01  2.264934302288E+00  7.841486890338E-03 -4.937047456125E-02  4.152898767144E-02 -3.128325226945E-02  9.424745474303E-04  1.010369779890E-05  4.952903241231E-06  3.682229866681E-06  1.364311136093E-01 -1.010369789188E-05 -8.166274002728E-03  1.035901087225E-19 -2.063238381848E-21  4.239340770703E-20 -1.932575413510E-03
  2.000000000000E+02  2.020600000000E+02  1.660174584358E+01  8.885688517445E-15  3.555230435145E-02  2.771475129819E+02  3.053155410902E-01  3.615440705515E-01 -2.611216214646E-01 -8.372731654988E-04  5.871778445504E-01  2.243818149073E+00  7.380979145221E-03 -4.779441592905E-02  4.041343678324E-02 -3.067016417261E-02  1.348880865629E-03 -2.234024420804E-06  2.281179279718E-06  1.791250825771E-06  1.333648928829E-01  2.234024248555E-06 -8.633016882018E-03  1.176268865608E-19 -5.102321864783E-21  2.757035423767E-20 -1.903111513572E-03
  2.041200000000E+02  2.062418000000E+02  1.663628575436E+01  4.622404419589E-15  3.315240438513E-02  2.782860974984E+02  3.034328220279E-01  3.595603539921E-01 -2.594890969923E-01 -6.756233008988E-04  5.496182469414E-01  2.226660517342E+00  6.886362664213E-03 -4.640379686368E-02  3.951743420031E-02 -3.013130484409E-02  1.447544976507E-03 -8.900386445029E-06 -1.263283250879E-06 -2.003537320459E-06  1.289412113648E-01  8.900386653300E-06 -1.025917685103E-02  1.518068696639E-19 -1.815881511459E-20  6.612025591590E-20 -1.851594240266E-03
  2.083636000000E+02  2.105490540000E+02  1.667010831764E+01  2.603279571078E-15  3.010510223688E-02  2.794011559212E+02  3.015594920806E-01  3.573320913370E-01 -2.578323565267E-01 -5.444216411186E-04  5.017573183944E-01  2.205970416752E+00  6.161080454175E-03 -4.455730691931E-02  3.839622646508E-02 -2.916510597135E-02  1.815741554908E-03 -2.663666448360E-06 -2.685135297682E-06 -1.264017790320E-06  1.242554888272E-01  2.663665828845E-06 -1.210818999218E-02  1.273650510621E-19 -7.486713859268E-21  4.731841027828E-20 -1.798724399055E-03
  2.127345080000E+02  2.149855256200E+02  1.670414203905E+01 -1.437403147897E-15  2.656828348463E-02  2.805241768991E+02  2.996418803829E-01  3.554922953242E-01 -2.561583208456E-01 -3.954403383406E-04  4.449732061936E-01  2.186622690549E+00  5.397970423369E-03 -4.266308901039E-02  3.726511858706E-02 -2.841308743626E-02  2.070370634683E-03  1.105323217223E-05 -1.670534370543E-06 -3.196721777611E-06  1.206490757125E-01 -1.105323180472E-05 -1.293529775852E-02  1.151037118016E-19  1.022199851990E-20  2.171523150515E-20 -1.752013087867E-03
  2.172365432400E+02  2.195550913886E+02  1.673801353424E+01 -8.578246692264E-15  2.283735837406E-02  2.816433229494E+02  2.976454448818E-01  3.531893584770E-01 -2.543735805123E-01 -2.605189016165E-04  3.854501659858E-01  2.170330310108E+00  4.939403902494E-03 -4.088008464354E-02  3.594068074196E-02 -2.763819428046E-02  2.219691514377E-03  1.902417371811E-05 -2.152644588741E-07 -1.381263392468E-05  1.171442314869E-01 -1.902417389592E-05 -1.317554889436E-02  5.813540177288E-20 -2.763526386455E-20  6.829625227756E-20 -1.712456930072E-03
  2.218736395372E+02  2.242617441303E+02  1.677206470436E+01 -1.116920517301E-14  1.890210462758E-02  2.827695720422E+02  2.957038913812E-01  3.513323062554E-01 -2.525676870220E-01 -1.062717153722E-04  3.222132133326E-01  2.155053776108E+00  4.274349673056E-03 -3.914645626195E-02  3.487210658909E-02 -2.710664410701E-02  2.375438318515E-03  1.407294245030E-05  1.118654310045E-06 -1.551007996000E-05  1.132555608794E-01 -1.407294220457E-05 -1.325526516425E-02  1.210441956171E-19 -2.477227495823E-20  3.428459498282E-20 -1.669675459638E-03
  2.266498487233E+02  2.291095964542E+02  1.680563564031E+01 -7.437348335572E-15  1.491456661019E-02  2.838803482424E+02  2.940074759550E-01  3.491292296244E-01 -2.506654781403E-01  6.702070492529E-05  2.581326486191E-01  2.135183328103E+00  3.534210484043E-03 -3.734287812968E-02  3.380866764537E-02 -2.631715182994E-02  2.515406062691E-03  3.870391278605E-06  2.954915062981E-06 -1.424110987550E-05  1.089461905917E-01 -3.870391449255E-06 -1.288748666738E-02  9.182199837055E-20 -1.492573076477E-20  6.256038744903E-20 -1.624969162142E-03
  2.315693441850E+02  2.341028843478E+02  1.683905318685E+01 -3.187773901907E-15  1.098462755784E-02  2.849868151774E+02  2.925294961275E-01  3.478754206091E-01 -2.487331052561E-01  2.370143891786E-04  1.954105773195E-01  2.117467246558E+00  2.735914216456E-03 -3.544628997013E-02  3.271037575440E-02 -2.568751313716E-02  2.399337210688E-03  1.385701129839E-05  5.354518040806E-06 -1.618443899999E-05  1.058359396861E-01 -1.385701118122E-05 -1.199114726333E-02  1.042560698272E-19 -2.461331914776E-20  3.359410298546E-20 -1.592966553205E-03
  2.366364245106E+02  2.392459708782E+02  1.687266915298E+01  3.118225440589E-16  7.315683164145E-03  2.861017085170E+02  2.911968217714E-01  3.480744858343E-01 -2.466829444779E-01  4.261284343310E-04  1.371355894438E-01  2.103391106668E+00  1.778319068969E-03 -3.368229207283E-02  3.190397300344E-02 -2.518230952959E-02  2.248914334012E-03  1.017542118127E-05  7.862155933882E-06 -1.388969379316E-05  1.023109922622E-01 -1.017542108839E-05 -9.993926478777E-03  1.669359874492E-19  8.242819196072E-21  4.927651264288E-20 -1.546779107631E-03
  2.418555172459E+02  2.445433500046E+02  1.690578853553E+01  2.988917996207E-15  4.462514870704E-03  2.871983796562E+02  2.899387097780E-01  3.496137600697E-01 -2.445617009951E-01  6.991909756498E-04  9.218256929048E-02  2.091844919106E+00  1.066371029881E-03 -3.206309434255E-02  3.099672331243E-02 -2.441256741344E-02  1.987821554701E-03  7.992266216683E-06  1.039693707901E-05 -1.439382608485E-05  9.831150396509E-02 -7.992266110126E-06 -8.545927213552E-03  1.192797715402E-19 -3.768608029350E-21  3.590107945756E-20 -1.508558834000E-03
  2.472311827633E+02  2.499996505047E+02  1.693873049674E+01  6.370016638011E-15  1.550654004190E-03  2.882910701458E+02  2.887476447555E-01  3.506384768522E-01 -2.424023289337E-01  8.881081465078E-04  4.561186362094E-02  2.082276355010E+00  3.988251459526E-04 -3.033745808370E-02  2.993863293849E-02 -2.391224620714E-02  2.025990820631E-03 -3.417881796248E-06  1.149737648028E-05 -1.881109186202E-05  9.454791289798E-02  3.417881757692E-06 -6.994386990953E-03  9.205872806223E-20 -7.753755755369E-21  3.436971606881E-20 -1.474951060655E-03
  2.527681182462E+02  2.556196400198E+02  1.697124709412E+01  1.152201279988E-14 -4.274745130141E-04  2.893724606562E+02  2.877467335822E-01  3.515631199801E-01 -2.401718399094E-01  1.137484391522E-03  1.514193056261E-02  2.072548468987E+00 -1.616378832229E-04 -2.849883867000E-02  2.866047655315E-02 -2.326887142318E-02  1.676021772510E-03 -1.016548947801E-05  1.068615261674E-05 -1.995727167570E-05  9.079481879778E-02  1.016548964596E-05 -5.652143319535E-03  4.688549790325E-20 -3.648468765473E-21  3.148039159821E-20 -1.443679492938E-03
  2.584711617935E+02  2.614082292204E+02  1.700347386085E+01  1.590178524159E-14 -2.500867280692E-03  2.904431258464E+02  2.869098494801E-01  3.518439109738E-01 -2.378448719982E-01  1.346744125994E-03 -1.760128879354E-02  2.060897678881E+00 -7.556447546829E-04 -2.658597884435E-02  2.734162360013E-02 -2.299143014041E-02  1.615255155716E-03 -1.861314213737E-06  9.107652505770E-06 -2.042833976817E-05  8.653702552379E-02  1.861314183447E-06 -6.674472055458E-03  1.080123560710E-19 -1.216126317274E-20  3.966643253074E-20 -1.416434033270E-03
  2.643452966473E+02  2.673704760971E+02  1.703479444345E+01  1.679903359070E-14 -5.318291824490E-03  2.914857240829E+02  2.861420670574E-01  3.512530632761E-01 -2.355413223922E-01  1.581512818941E-03 -6.522479716163E-02  2.049643381114E+00 -1.281690231374E-03 -2.451769094032E-02  2.579938117194E-02 -2.232525087627E-02  1.813681509235E-03 -3.356594647350E-06  5.927158575595E-06 -1.750668415855E-05  8.373504993718E-02  3.356594703150E-06 -7.214508449589E-03  9.115914467817E-20  4.742772323881E-21  4.930679333282E-20 -1.385143622014E-03
  2.703956555468E+02  2.735115903800E+02  1.706679343122E+01  1.291887148473E-14 -7.955435499243E-03  2.925520102785E+02  2.853720618781E-01  3.498358343053E-01 -2.331366686545E-01  1.836588039854E-03 -1.110286286185E-01  2.034847574003E+00 -1.792684395290E-03 -2.267238434865E-02  2.446506874391E-02 -2.202003410464E-02  1.637894859333E-03 -1.112559095126E-06  3.132573843593E-06 -2.075560571842E-05  8.076986171564E-02  1.112559022034E-06 -6.574120064088E-03  8.017290861632E-20 -2.344511099570E-20  4.042564381297E-20 -1.358275289933E-03
  2.766275252132E+02  2.798369380914E+02  1.709769351505E+01  7.030657956861E-15 -1.043807142520E-02  2.935836889927E+02  2.845242378165E-01  3.480644154693E-01 -2.307371153041E-01  2.075981693751E-03 -1.538405915678E-01  2.024796121548E+00 -2.215946872911E-03 -2.083179935348E-02  2.304774622630E-02 -2.146483226272E-02  1.835459137251E-03 -2.336045585194E-06  3.265289922231E-06 -2.767073780016E-05  7.834584701280E-02  2.336045517699E-06 -5.235734888937E-03  1.117548872517E-19 -2.138381818757E-20  5.579771812908E-21 -1.347752900337E-03
  2.830463509696E+02  2.863520462341E+02  1.712964500838E+01  2.313966582003E-15 -1.215502850850E-02  2.946508953203E+02  2.837822836330E-01  3.463073053870E-01 -2.281992955137E-01  2.451099968592E-03 -1.828461766026E-01  2.016894184520E+00 -2.940285374977E-03 -1.885329342228E-02  2.179357879702E-02 -2.162183969424E-02  1.378562855530E-03 -6.172476920444E-07  3.291279952050E-06 -2.383529108520E-05  7.667921376599E-02  6.172476848164E-07 -3.750618380279E-03  1.108603811817E-19 -1.342950590014E-20  4.035086649571E-20 -1.331933865782E-03
  2.896577414987E+02  2.930626076211E+02  1.716105795551E+01 -1.966381051044E-15 -1.355614442865E-02  2.957018153976E+02  2.832518232935E-01  3.454812196190E-01 -2.257567227119E-01  2.762025609639E-03 -2.056544938038E-01  2.009206389022E+00 -3.514812361050E-03 -1.693737517883E-02  2.045218754013E-02 -2.100996973357E-02  9.881454087933E-04  4.582644181267E-06  1.761509716773E-06 -2.122446091709E-05  7.488100671212E-02 -4.582644263620E-06 -4.436344050131E-03  1.044320441757E-19 -2.861671158899E-20  4.180433946963E-20 -1.320415733670E-03
  2.964674737436E+02  2.999744858498E+02  1.719339445245E+01 -4.258107393883E-15 -1.597988836081E-02  2.967844341575E+02  2.830425057278E-01  3.458015181282E-01 -2.230463692501E-01  3.231867510423E-03 -2.449258031124E-01  2.002519084141E+00 -4.093580587407E-03 -1.490820787678E-02  1.900178846390E-02 -2.121295920738E-02  1.257360556093E-03  8.712513253216E-06 -6.434457109960E-07 -2.147185740830E-05  7.241561972836E-02 -8.712513348964E-06 -5.213138157225E-03  5.313010159914E-20 -1.230837430227E-20  3.100366076692E-20 -1.310692879479E-03
  3.034814979559E+02  3.070937204253E+02  1.722457369390E+01 -4.000043352104E-15 -1.816622080821E-02  2.978270391379E+02  2.829656369787E-01  3.450718234825E-01 -2.204677642360E-01  3.481429499455E-03 -2.811421663078E-01  2.000787204162E+00 -4.794261212969E-03 -1.293177768563E-02  1.772603889873E-02 -2.058373924460E-02  1.123903957746E-03  8.872633745951E-06 -4.084650391977E-06 -1.587956640407E-05  6.800557447102E-02 -8.872633774972E-06 -5.100706606563E-03  9.828178406727E-20 -2.654769661756E-20  1.606029755001E-20 -1.252334052308E-03
  3.107059428946E+02  3.144265320380E+02  1.725481928157E+01 -2.283362229040E-15 -2.060039727310E-02  2.988403625851E+02  2.827314265870E-01  3.458814402318E-01 -2.176625358338E-01  3.883849248942E-03 -3.217651010358E-01  2.001810088295E+00 -5.046396863641E-03 -1.145327228125E-02  1.649966914488E-02 -1.958991916151E-02  1.242760158112E-03  5.494639830770E-06 -6.943827824452E-06 -1.128683639528E-05  6.272309605102E-02 -5.494639878346E-06 -4.974744127365E-03  1.170220560796E-19 -1.413518903237E-20 -8.188898381314E-21 -1.197412706547E-03
  3.181471211814E+02  3.219793279992E+02  1.728291001776E+01 -1.525584707752E-15 -2.279001422191E-02  2.997794749018E+02  2.821954643246E-01  3.455924715612E-01 -2.149018678646E-01  4.265661196387E-03 -3.598602368235E-01  2.002778671906E+00 -5.447009977942E-03 -9.513295398434E-03  1.496030537616E-02 -1.871358613949E-02  1.089218616890E-03  5.832761839733E-06 -7.798532912512E-06 -4.330955611305E-06  5.803727614436E-02 -5.832761940840E-06 -3.754898395675E-03  1.267704663492E-19 -1.064446888993E-20  1.005345219753E-20 -1.150612820376E-03
  3.258115348169E+02  3.297587078391E+02  1.731036876256E+01 -5.119012707934E-15 -2.417055688435E-02  3.006978907659E+02  2.814087977469E-01  3.437915697726E-01 -2.118787355871E-01  4.790188874463E-03 -3.838633159802E-01  2.003191317694E+00 -6.249840603634E-03 -7.660529244573E-03  1.391036984840E-02 -1.806630219362E-02  8.946601718714E-04 -4.277688883872E-06 -6.657173495488E-06 -9.958255330923E-06  5.532827111959E-02  4.277688899392E-06 -3.131663281735E-03  1.029393971512E-19  2.746143096253E-21  3.766807568580E-21 -1.113098786432E-03
  3.337058808614E+02  3.377714690743E+02  1.733744436857E+01 -8.644708574558E-15 -2.586528872873E-02  3.016076982996E+02  2.805473751644E-01  3.398547993539E-01 -2.090964618224E-01  5.314067461266E-03 -4.143676193649E-01  2.007981737821E+00 -6.718133755243E-03 -5.750688822679E-03  1.246882257792E-02 -1.768716366830E-02  1.018332773102E-03 -1.269062596195E-05 -6.597454644590E-06 -6.296960986339E-06  5.144181792940E-02  1.269062592133E-05 -2.677655352645E-03  1.152124252918E-19 -8.473597138874E-21 -1.082313681105E-21 -1.080055121781E-03
  3.418370572872E+02  3.460246131465E+02  1.736261899939E+01 -6.466812473247E-15 -2.689070256521E-02  3.024529400509E+02  2.794350949704E-01  3.362044603101E-01 -2.060591833678E-01  5.931648502630E-03 -4.349488523944E-01  2.015068833246E+00 -7.089418522819E-03 -4.092020920218E-03  1.118143944288E-02 -1.685059157217E-02  6.139609903657E-04 -7.256565898796E-06 -6.618942818897E-06  1.158303138173E-05  4.751434301624E-02  7.256565888491E-06 -1.439618947966E-03  9.809166829950E-20 -4.408026987637E-20  4.757629763892E-22 -1.032040818095E-03
  3.502121690058E+02  3.545253515409E+02  1.738719996397E+01 -1.638883617936E-15 -2.738700442201E-02  3.032811490185E+02  2.781251004685E-01  3.349381851804E-01 -2.032151913452E-01  6.536013728235E-03 -4.459773715407E-01  2.023543665987E+00 -7.442274450869E-03 -2.317743440458E-03  9.760017891360E-03 -1.612696203365E-02  5.251046065356E-04 -3.472694013929E-07 -4.671761712696E-06  1.649257321647E-05  4.519872071065E-02  3.472694087770E-07 -1.380104936098E-04  1.098373810560E-19 -5.096373108677E-21  4.257132534934E-20 -9.845765693857E-04
  3.588385340760E+02  3.632811120872E+02  1.741141511042E+01  1.972317130218E-15 -2.705574843705E-02  3.040969617183E+02  2.766723028037E-01  3.340767783594E-01 -2.002722834767E-01  7.119540041917E-03 -4.443502291285E-01  2.029227802785E+00 -8.051301849428E-03 -6.400985813002E-04  8.691400430641E-03 -1.542771297611E-02  1.784900155885E-04  3.567283477200E-06 -3.986018254333E-06  9.347918184238E-06  4.356738610969E-02 -3.567283543802E-06  4.724310775028E-05  1.045539526082E-19  2.159464177095E-20  1.881919006865E-20 -9.518995440334E-04
  3.677236900983E+02  3.722995454498E+02  1.743561134859E+01  4.689616750486E-15 -2.734561106255E-02  3.049148556073E+02  2.752185127083E-01  3.331059792548E-01 -1.973798657592E-01  7.910420127760E-03 -4.527506519746E-01  2.043113847313E+00 -8.574039549432E-03  9.269021649560E-04  7.647137384865E-03 -1.516168780321E-02  2.953501706697E-04  4.719782819324E-06 -4.656920148469E-06 -3.623489670302E-06  4.334827379717E-02 -4.719782784829E-06  8.147609969994E-04  1.547091593493E-19 -6.465138180168E-21  1.771867752890E-20 -9.492407646734E-04
  3.768754008012E+02  3.815885318133E+02  1.746099161732E+01  6.120449054977E-15 -2.614299575924E-02  3.057741475979E+02  2.738659706840E-01  3.319500849840E-01 -1.945976525893E-01  8.560700406726E-03 -4.347551882252E-01  2.053019815998E+00 -9.227988414144E-03  2.749371524314E-03  6.478616890029E-03 -1.525814232631E-02 -5.592110636773E-05 -5.647422846589E-07 -3.336557880511E-06 -5.765085528326E-06  4.372674582457E-02  5.647422751326E-07  2.006760017290E-03  1.089586554834E-19 -3.388642644544E-20 -1.919620439611E-20 -9.616974186475E-04
  3.863016628253E+02  3.911561877677E+02  1.748712346610E+01  2.332104272427E-15 -2.499059146813E-02  3.066646853067E+02  2.720750217230E-01  3.303957611617E-01 -1.916082859532E-01  9.427480490229E-03 -4.165629227257E-01  2.067263766628E+00 -9.870137072803E-03  4.472664938839E-03  5.397472133404E-03 -1.530284509432E-02  5.037542373929E-05 -2.673029453753E-06 -9.164730181495E-07 -1.865501252812E-05  4.241426076304E-02  2.673029395195E-06  6.934133750883E-04  1.378207379086E-19 -8.827393541128E-21 -4.170418892066E-21 -9.433795067166E-04
  3.960107127100E+02  4.010108734007E+02  1.751245042525E+01 -1.538936946627E-15 -2.530553009733E-02  3.075287699096E+02  2.695685895296E-01  3.300271910295E-01 -1.890050890623E-01  1.027642205764E-02 -4.234539789585E-01  2.082851072734E+00 -1.038559872071E-02  6.199318851847E-03  4.186279868741E-03 -1.494464714741E-02  3.027769638939E-04 -2.424786769181E-06 -4.491421652038E-07 -3.085370941893E-05  4.221468915573E-02  2.424786685239E-06  1.521716166268E-03  1.073650856394E-19 -1.909025834532E-20  6.923382632097E-21 -9.410751794099E-04
  4.060110340913E+02  4.111611996027E+02  1.753989861409E+01  4.385807111003E-15 -2.310288374463E-02  3.084689526705E+02  2.666733789113E-01  3.299638896513E-01 -1.862026940597E-01  1.144732748432E-02 -3.868535194213E-01  2.106830625761E+00 -1.076138243193E-02  7.698080229401E-03  3.063302202047E-03 -1.537897284506E-02 -3.511429098860E-04  5.074371018169E-09  5.695938858944E-08 -2.515441496600E-05  4.394088211953E-02 -5.074261734129E-09  6.371101021537E-04  1.195973463520E-19 -3.163896267277E-20  1.905065869770E-22 -9.809984258329E-04
  4.163113651141E+02  4.216160355908E+02  1.756903293456E+01  1.473201349684E-14 -2.449236177449E-02  3.094640718336E+02  2.636570909521E-01  3.289002226518E-01 -1.833965797698E-01  1.230306960168E-02 -4.113212233988E-01  2.137602377370E+00 -1.092924470969E-02  9.253721600539E-03  1.675523108654E-03 -1.609878342493E-02  5.993514807938E-04  6.643512328002E-06  3.117051073122E-06 -1.381264547243E-05  4.743760601386E-02 -6.643512293433E-06 -1.660249379603E-03  1.331873550735E-19 -3.610400474214E-20 -2.615889239852E-21 -1.043378561238E-03
  4.269207060675E+02  4.323845166585E+02  1.760278130999E+01  2.228661020199E-14 -2.530625431617E-02  3.106247758690E+02  2.603925173123E-01  3.266297779125E-01 -1.803919133045E-01  1.347027420028E-02 -4.256705804858E-01  2.165721160885E+00 -1.150381807446E-02  1.102930420611E-02  4.745138679564E-04 -1.711008142290E-02  6.654291086470E-04  6.277998120375E-07  6.329166680242E-06 -8.345692367877E-06  4.840355975689E-02 -6.277997048121E-07 -1.523978439616E-03  1.323961983398E-19 -9.505306681825E-21  1.037586232282E-20 -1.059104140486E-03
  4.378483272495E+02  4.434760521583E+02  1.763513914064E+01  3.072335441612E-14 -2.658322962221E-02  3.117425735856E+02  2.570981029421E-01  3.228628752876E-01 -1.775595036867E-01  1.405031518510E-02 -4.483638042269E-01  2.188173882895E+00 -1.192715590781E-02  1.224535538986E-02 -3.181994816850E-04 -1.682070500842E-02  1.065185991394E-03 -8.636866197613E-06  7.594828798936E-06 -2.347450870827E-06  4.926711908904E-02  8.636866154534E-06 -2.148956758294E-03  1.243759235189E-19 -1.962200996459E-20 -9.541361085601E-21 -1.073199688889E-03
  4.491037770670E+02  4.549003337230E+02  1.767210920256E+01  4.150934919863E-14 -2.832847862103E-02  3.130240154292E+02  2.535568228142E-01  3.201394458917E-01 -1.741209364288E-01  1.510491869497E-02 -4.801320411410E-01  2.232418188596E+00 -1.203957957173E-02  1.354324806977E-02 -1.503668498263E-03 -1.772711479346E-02  1.120848979929E-03 -1.090954631995E-05  1.022132947876E-05 -3.579784714187E-06  5.001692190441E-02  1.090954646864E-05 -2.318835399153E-03  1.209656604197E-19 -1.727127928928E-20  8.878438344658E-21 -1.105249553133E-03
  4.606968903790E+02  4.666673437347E+02  1.770763174559E+01  4.660228510959E-14 -2.993160226446E-02  3.142549706476E+02  2.496587815311E-01  3.173487164242E-01 -1.708232425078E-01  1.530960180627E-02 -5.137635323822E-01  2.274422761565E+00 -1.236610473984E-02  1.503782828211E-02 -2.671723542742E-03 -1.769972740944E-02  9.775610756054E-04 -1.107946570655E-05  1.438725319963E-05 -1.754209956682E-06  5.104390935912E-02  1.107946574604E-05 -3.160526132114E-03  1.125096077473E-19  1.693178010011E-20  1.786550868966E-20 -1.150256445268E-03
  4.726377970904E+02  4.787873640468E+02  1.774829298079E+01  4.092378403745E-14 -3.304226015483E-02  3.156695967412E+02  2.453484843549E-01  3.142488350871E-01 -1.670504159702E-01  1.594590126769E-02 -5.716103074432E-01  2.330319569715E+00 -1.275598936656E-02  1.653989636971E-02 -3.783907003452E-03 -1.913611336524E-02  1.206231975349E-03 -6.054534103027E-06  1.694901964954E-05 -4.557347662541E-06  5.317708444900E-02  6.054534066661E-06 -5.241099013936E-03  9.579463844755E-20  6.148180842215E-21  2.405649843185E-20 -1.214759937560E-03
  4.849369310031E+02  4.912709849682E+02  1.778938186592E+01  2.651109771527E-14 -3.802128590548E-02  3.171056398780E+02  2.402846363722E-01  3.116938657320E-01 -1.632328600774E-01  1.609110886353E-02 -6.623613706845E-01  2.393062246757E+00 -1.323194649516E-02  1.823183340858E-02 -4.999886913813E-03 -1.979139975874E-02  1.918564724923E-03 -1.547786322379E-06  2.065114269195E-05 -2.353176827058E-06  5.322824800381E-02  1.547786237392E-06 -6.020876652304E-03  8.558027528914E-20 -1.881297185509E-20  6.221041275138E-21 -1.272239919087E-03
  4.976050389332E+02  5.041291145172E+02  1.783260769937E+01  2.833795698098E-15 -4.264942008337E-02  3.186170408544E+02  2.352679943644E-01  3.081855165501E-01 -1.588165356499E-01  1.648107885392E-02 -7.477121526802E-01  2.434487338360E+00 -1.339602814451E-02  1.988276146044E-02 -6.486733315702E-03 -2.093199610377E-02  1.709300995615E-03  1.648730292476E-06  2.275323995670E-05 -1.160963489460E-05  5.198035711834E-02 -1.648730363313E-06 -6.492246250658E-03  9.484077375586E-20 -1.006776483202E-20  9.009843441857E-22 -1.297249420089E-03
  5.106531901012E+02  5.173729879527E+02  1.787420852475E+01 -1.531245327295E-14 -4.867656657011E-02  3.200787517387E+02  2.304697392480E-01  3.022552859965E-01 -1.541653601519E-01  1.624859540141E-02 -8.608473097261E-01  2.490227420391E+00 -1.402906018539E-02  2.099453435933E-02 -6.965474173823E-03 -2.027534560749E-02  1.615891624159E-03 -5.710325854114E-06  1.719094235015E-05 -1.063296448365E-05  5.127919780273E-02  5.710325763393E-06 -5.286049509653E-03  5.642942418576E-20 -1.666876824468E-20 -7.334839109205E-21 -1.268656724500E-03
  5.240927858042E+02  5.310141775913E+02  1.791873791538E+01 -1.943198611280E-14 -5.157890232701E-02  3.216473010086E+02  2.257522598710E-01  2.990192912050E-01 -1.493376446258E-01  1.649093136553E-02 -9.204898980229E-01  2.557914828785E+00 -1.389301622640E-02  2.188477749755E-02 -7.991761270841E-03 -2.078081341334E-02  8.200369999930E-04 -1.192217168760E-05  9.836152886624E-06  1.936667491627E-06  5.380938681756E-02  1.192217166241E-05 -1.950911863987E-03  6.474221466960E-20 -1.512052216502E-20 -3.473718641310E-20 -1.322818799322E-03
  5.379355693784E+02  5.450646029190E+02  1.796729294397E+01 -2.207682994748E-14 -5.203985626068E-02  3.233668302535E+02  2.220459551411E-01  2.949595495520E-01 -1.441783242383E-01  1.608817511417E-02 -9.347070238726E-01  2.627563792553E+00 -1.465099099128E-02  2.363016065991E-02 -8.979169668914E-03 -2.168643171885E-02  1.578700473446E-08 -7.006378487197E-06  4.296018966770E-06  7.376576837373E-06  5.498293186915E-02  7.006378450847E-06 -6.650984985170E-04  6.383954040040E-20  2.064581237346E-20 -1.462091573763E-20 -1.371520049877E-03
  5.521936364597E+02  5.595365410066E+02  1.801678042698E+01 -3.057950420660E-14 -5.270014635776E-02  3.251235600725E+02  2.190348467679E-01  2.947068361326E-01 -1.388016674795E-01  1.592635473763E-02 -9.512477270912E-01  2.695775192643E+00 -1.480622097883E-02  2.502977546911E-02 -1.022355449079E-02 -2.211337028148E-02 -1.090974349191E-04  5.773350626890E-06 -2.960741383632E-07  2.775099107084E-06  5.728834501551E-02 -5.773350630305E-06  2.165168480513E-03  3.777366392503E-20 -8.778407954056E-21  2.509906386105E-21 -1.445836611707E-03
  5.668794455535E+02  5.743794455535E+02  1.807248021271E+01 -4.014582879093E-14 -4.808140904264E-02  3.271090325272E+02  2.164791074226E-01  2.919007729823E-01 -1.331211179249E-01  1.533159046107E-02 -8.706378138951E-01  2.741966421256E+00 -1.449043598628E-02  2.562578192884E-02 -1.113534594300E-02 -2.392297096178E-02 -1.293767044663E-03  1.116310977828E-05 -2.657790127661E-06  5.330169058760E-06  5.995120206376E-02 -1.116310985187E-05  3.977978846859E-03  3.660419735268E-20 -4.343410694312E-21 -1.656772577024E-20 -1.512463178624E-03
  5.818794455535E+02  5.893794455535E+02  1.812918329388E+01 -4.487050661584E-14 -4.529937253172E-02  3.291360932493E+02  2.146254398875E-01  2.899835384311E-01 -1.281804253989E-01  1.469871823300E-02 -8.203883046757E-01  2.710796606785E+00 -1.432650481086E-02  2.517952528980E-02 -1.085302047951E-02 -2.393730049348E-02 -1.110714778774E-03  8.112343089462E-06 -3.979773963400E-06  1.031993358156E-05  5.920645863852E-02 -8.112343099824E-06  1.508553917068E-03  2.787763044095E-20 -3.688561186085E-21 -6.002693153689E-21 -1.450657529746E-03
  5.968794455535E+02  6.043794455535E+02  1.818348323049E+01 -4.529717110661E-14 -4.525856658239E-02  3.310853941051E+02  2.131766455706E-01  2.882248639805E-01 -1.223119380749E-01  1.380496172880E-02 -8.223866523343E-01  2.682804271658E+00 -1.439753947426E-02  2.476665644028E-02 -1.036911696601E-02 -2.273896926526E-02 -3.393832007986E-04  2.896442868398E-06 -6.515987723861E-06  1.196692394008E-05  5.816428137546E-02 -2.896442910207E-06 -1.038604518313E-03  7.930485612831E-21  7.031843298712E-21 -2.598599168401E-20 -1.419787478383E-03
  6.118794455535E+02  6.193794455535E+02  1.823821967845E+01 -4.820784281027E-14 -4.723453776838E-02  3.330568920943E+02  2.116974840982E-01  2.865952627215E-01 -1.174823777374E-01  1.270739434285E-02 -8.614114308636E-01  2.672056306609E+00 -1.416370267539E-02  2.409473737797E-02 -9.931034702547E-03 -2.256164067342E-02  3.168173370019E-04  1.311563952465E-06 -8.088986356958E-06  3.653870717517E-06  5.740726272774E-02 -1.311563916570E-06 -2.843933112881E-03 -1.497762921341E-20  1.302558543160E-21 -4.610688994423E-21 -1.399019126883E-03
  6.268794455535E+02  6.343794455535E+02  1.829114051727E+01 -5.015728226273E-14 -5.060798406378E-02  3.349695662755E+02  2.092388380495E-01  2.843117530785E-01 -1.124226940058E-01  1.161418011583E-02 -9.257368266140E-01  2.636335009235E+00 -1.385707985660E-02  2.379957470548E-02 -9.942494848870E-03 -2.212313395655E-02  8.325687192220E-04  2.721182562280E-06 -5.043249298725E-06 -4.676816182306E-07  5.726563056256E-02 -2.721182556147E-06 -2.397319073116E-03  1.417138806809E-20  6.186957714948E-21 -1.715815139701E-20 -1.393358014042E-03
  6.418794455535E+02  6.493794455535E+02  1.834563760610E+01 -4.619525479736E-14 -5.175742372074E-02  3.369522683757E+02  2.051273300067E-01  2.813965630908E-01 -1.079908124023E-01  1.006984375007E-02 -9.517661303559E-01  2.604810803862E+00 -1.357299725839E-02  2.362926357032E-02 -1.005626631154E-02 -2.239245837126E-02  4.241043600253E-04 -1.686498245087E-06 -1.866281865560E-06  1.737624553068E-05  5.718725663147E-02  1.686498303837E-06 -1.414718950939E-03 -2.041775228978E-20  2.004337660895E-20 -1.768616452293E-20 -1.378627176654E-03
  6.568794455535E+02  6.643794455535E+02  1.839837580146E+01 -4.453300459876E-14 -5.324642726206E-02  3.388783144387E+02  2.000868995951E-01  2.712922369137E-01 -1.031705772284E-01  9.144769936172E-03 -9.846785882164E-01  2.599645727988E+00 -1.328368717069E-02  2.348218270949E-02 -1.019849553852E-02 -2.187067430090E-02  4.639335682483E-04 -1.079249591662E-06  5.265451768486E-07  1.627959533387E-05  5.728827721495E-02  1.079249553956E-06 -9.868086082310E-04 -3.344164500795E-20  5.047995505929E-21 -3.474237357565E-21 -1.377361944470E-03
  6.718794455535E+02  6.793794455535E+02  1.845307897828E+01 -4.805781004628E-14 -5.357151064197E-02  3.408816022191E+02  1.947913349886E-01  2.592540980450E-01 -9.886511472335E-02  7.626812986738E-03 -9.958045230128E-01  2.575333448944E+00 -1.354703469884E-02  2.317778157979E-02 -9.630746881060E-03 -2.197662811748E-02 -1.994358614900E-05 -6.129429090208E-06  9.887892890625E-07  8.452243081892E-06  5.774691477236E-02  6.129429108177E-06  1.106024402838E-03 -1.025720876938E-20 -1.060975939199E-20 -1.131904315767E-20 -1.333660361576E-03
  6.868794455535E+02  6.943794455535E+02  1.850668655907E+01 -4.831008741194E-14 -5.114552713703E-02  3.428535619528E+02  1.884477798275E-01  2.508582730630E-01 -9.431372221040E-02  6.620004999651E-03 -9.554466886239E-01  2.561719459406E+00 -1.333975586716E-02  2.292694140579E-02 -9.587185538497E-03 -2.089872181873E-02 -4.607867358618E-04  3.205199633088E-06 -2.496963543974E-06  2.314442390516E-06  5.997020667658E-02 -3.205199629035E-06  4.568101121583E-04 -1.835384149481E-20  4.056813820518E-21 -2.302579223931E-20 -1.351188187085E-03
  7.018794455535E+02  7.093794455535E+02  1.856551849937E+01 -4.118154659875E-14 -5.269806877261E-02  3.450234330226E+02  1.808226947479E-01  2.400725805637E-01 -8.993865787261E-02  5.376384637068E-03 -9.924913367662E-01  2.547636351170E+00 -1.295606406876E-02  2.239315676613E-02 -9.437092697062E-03 -2.231784544773E-02  7.663533206846E-05  4.542301541520E-06 -7.813180523683E-06  3.534225609072E-06  6.169073571088E-02 -4.542301440677E-06 -1.502823293679E-03 -1.234200212105E-20 -4.218243370596E-22 -2.371579352139E-20 -1.385346360057E-03
  7.168794455535E+02  7.243794455535E+02  1.862233185877E+01 -3.733702583220E-14 -5.396104693709E-02  3.471233413978E+02  1.733628340226E-01  2.246423024156E-01 -8.521473765261E-02  4.370873211502E-03 -1.021725015349E+00  2.499919558164E+00 -1.229498414779E-02  2.162637291434E-02 -9.331388766285E-03 -2.166126551667E-02  2.548621030520E-04  7.483639386415E-07 -1.129842589129E-05  1.361052394749E-06  6.060466951314E-02 -7.483639560496E-07 -1.050957175245E-03 -3.527408073699E-20  1.096551840630E-20 -1.086226235717E-20 -1.328252317803E-03
  7.318794455535E+02  7.393794455535E+02  1.867914286845E+01 -3.584515265627E-14 -5.463093556189E-02  3.492290722965E+02  1.656016027100E-01  2.108153090738E-01 -8.049190857614E-02  2.849019641973E-03 -1.036221561862E+00  2.480229190064E+00 -1.207833356090E-02  2.130929396321E-02 -9.230960402198E-03 -2.127933169482E-02  6.891464657536E-05  1.159274125093E-06 -1.109730158492E-05 -1.786779567091E-06  6.227463199902E-02 -1.159274118553E-06 -2.707932884798E-03 -5.951364926321E-21  4.089799091431E-20 -1.045180288763E-20 -1.339056952802E-03
  7.468794455535E+02  7.543794455535E+02  1.873912266103E+01 -3.310778214083E-14 -5.898552915664E-02  3.514572745602E+02  1.574775818679E-01  1.982884908954E-01 -7.577943621261E-02  1.534149320185E-03 -1.116894594249E+00  2.442602635153E+00 -1.141831517727E-02  2.022413948413E-02 -8.805824306974E-03 -2.140864116062E-02  8.323585757836E-04 -2.175737216151E-06 -9.117659299341E-06 -1.201790196085E-05  6.238713288702E-02  2.175737197763E-06 -4.956396333347E-03 -2.945703879984E-20 -2.069953074914E-21  1.573730934563E-21 -1.310813968452E-03
  7.618794455535E+02  7.693794455535E+02  1.879611793556E+01 -3.284258397647E-14 -6.393378497136E-02  3.535800068563E+02  1.490900821844E-01  1.871598419290E-01 -7.125704101684E-02  2.837237996026E-04 -1.210951217359E+00  2.379085448101E+00 -1.096137598570E-02  1.923029710724E-02 -8.268921121348E-03 -2.041106291797E-02  1.122138846109E-03 -1.446535717262E-06 -4.511350803862E-06 -1.211828357859E-05  6.134380357951E-02  1.446535747438E-06 -4.808720177047E-03 -2.613120902127E-20  5.861501131210E-22 -2.409089233191E-20 -1.266662960629E-03
  7.768794455535E+02  7.843794455535E+02  1.885414173519E+01 -3.206194858218E-14 -6.802562221576E-02  3.557501301554E+02  1.404103141026E-01  1.764319074303E-01 -6.668283717967E-02 -8.127237627761E-04 -1.288915645994E+00  2.307280835794E+00 -9.914453845730E-03  1.812867003898E-02 -8.214216192979E-03 -2.011720490204E-02  8.084525229351E-04  3.114182289846E-06 -4.613834692620E-07 -2.421381015369E-07  6.033177703710E-02 -3.114182272420E-06 -2.077992019910E-03 -1.993262107912E-20  7.946518927990E-21 -3.797880914146E-20 -1.232566153927E-03
  7.918794455535E+02  7.993794455535E+02  1.890925883525E+01 -3.254456368747E-14 -6.781692228866E-02  3.578175568888E+02  1.317422452362E-01  1.676946944180E-01 -6.212594287131E-02 -1.817499210732E-03 -1.287528647274E+00  2.265703172058E+00 -9.120770181859E-03  1.748364729929E-02 -8.362877117543E-03 -1.937783356353E-02 -1.250049061226E-04  3.331721528908E-07  1.590946050088E-06  3.102725940036E-06  5.998333580330E-02 -3.331722347863E-07  1.281391649613E-04 -3.338949485545E-20  6.747398885013E-21 -1.211860412313E-20 -1.211860533571E-03
  8.068794455535E+02  8.143794455535E+02  1.896660245468E+01 -3.369565506247E-14 -6.777773060148E-02  3.599771457028E+02  1.228702046553E-01  1.592871879132E-01 -5.768630136302E-02 -2.634828717912E-03 -1.289685205198E+00  2.210539366041E+00 -9.048653424869E-03  1.711102074926E-02 -8.062367324332E-03 -1.903897779291E-02 -4.478696525418E-04  2.435693752356E-06  4.526355561287E-06  1.214542263486E-05  5.722300757076E-02 -2.435693724842E-06  5.171182169418E-04 -1.747256794344E-20 -4.160125477057E-22 -1.007468930770E-20 -1.122971877505E-03
  8.218794455535E+02  8.293794455535E+02  1.901655364147E+01 -2.973676860307E-14 -6.685182794625E-02  3.618580167266E+02  1.138954754163E-01  1.518766627638E-01 -5.272669522055E-02 -3.307050229707E-03 -1.272795556673E+00  2.149326973277E+00 -8.745754044471E-03  1.658600764633E-02 -7.840253602026E-03 -1.721187543651E-02 -4.745381675712E-04  2.291349534807E-06  5.818983843810E-06  9.644766828465E-06  5.489842980999E-02 -2.291349534760E-06  1.980730713809E-04 -1.960585194562E-20  6.485437903739E-21 -1.250170420711E-20 -1.079252931656E-03
  8.368794455535E+02  8.443794455535E+02  1.906955750464E+01 -2.872162577217E-14 -6.740698523571E-02  3.638568545671E+02  1.052800867161E-01  1.445029397496E-01 -4.797348431974E-02 -3.639404376065E-03 -1.284372469702E+00  2.097180792157E+00 -8.262796863055E-03  1.592794247422E-02 -7.665145611010E-03 -1.715355572260E-02 -2.133417244718E-04  1.387089382737E-06  4.579376130720E-06  7.217530463469E-06  5.565178188995E-02 -1.387089356423E-06  4.100036988587E-03 -1.755489216745E-20 -1.301134140229E-20 -6.462350004197E-20 -1.052904593191E-03
  8.518794455535E+02  8.593794455535E+02  1.912090646685E+01 -3.441678423736E-14 -5.916093026729E-02  3.657976082536E+02  9.721637207227E-02  1.394725325126E-01 -4.315244421056E-02 -3.879299778793E-03 -1.127264328562E+00  2.040563117724E+00 -8.100971621740E-03  1.531740612068E-02 -7.216434498587E-03 -1.636220513812E-02 -1.532021346733E-03 -2.822860955231E-06  3.828795515885E-06  3.269022586819E-06  5.287798323041E-02  2.822860936648E-06  8.084206278465E-03 -2.372856679212E-20  8.426344342181E-21 -2.162016759124E-20 -9.719206381364E-04
  8.668794455535E+02  8.743794455535E+02  1.916870280669E+01 -3.839318619969E-14 -5.223568470356E-02  3.676109904336E+02  8.974610415118E-02  1.331929593737E-01 -3.819411349951E-02 -3.995574900128E-03 -9.946938994769E-01  1.982231198879E+00 -7.445698788001E-03  1.436698344900E-02 -6.921284661123E-03 -1.495527320823E-02 -1.124587231917E-03 -2.810263250322E-06  1.988614480770E-06 -1.017070191254E-06  5.156876927936E-02  2.810263343993E-06  4.634946956752E-03 -2.349017721099E-20  8.642132538492E-21 -4.836140516724E-20 -9.229382127276E-04
  8.818794455535E+02  8.893794455535E+02  1.921758930871E+01 -3.597557552785E-14 -5.046693253731E-02  3.694714791870E+02  8.271973076123E-02  1.279160860966E-01 -3.345454032850E-02 -4.255746837564E-03 -9.635132073309E-01  1.932199274457E+00 -6.864531852474E-03  1.321819384552E-02 -6.353661993176E-03 -1.449506488624E-02 -2.952641754043E-04  1.927577050122E-06 -5.809238423647E-07  7.576250524949E-06  4.933831193933E-02 -1.927577056731E-06  1.171391099083E-03 -2.591898526193E-20  3.311905264318E-21 -1.009902786740E-20 -8.603030504019E-04
  8.968794455535E+02  9.043794455535E+02  1.926119108258E+01 -3.048452477140E-14 -5.003832124973E-02  3.711364553248E+02  7.521811426591E-02  1.223367971769E-01 -2.867974829075E-02 -4.227721798624E-03 -9.601270124394E-01  1.869289654203E+00 -6.475090006657E-03  1.242085379747E-02 -5.945763790583E-03 -1.297811263422E-02 -2.239007580354E-04 -6.422079846265E-06 -2.302589458204E-06  1.237183801548E-05  4.851271873125E-02  6.422079933836E-06  2.400542729654E-03 -2.201236267939E-20  1.680239340847E-22 -4.666460427867E-20 -8.104757163361E-04
  9.118794455535E+02  9.193794455535E+02  1.930850936696E+01 -2.689563112154E-14 -4.593391304935E-02  3.729543352006E+02  6.676778703091E-02  1.151138507374E-01 -2.412676499929E-02 -4.274368005703E-03 -8.871510371642E-01  1.820087862926E+00 -6.203283624394E-03  1.186996928614E-02 -5.666685661610E-03 -1.287519898473E-02 -8.768024017255E-04 -1.306989813225E-05 -1.972119527374E-06  2.837365812687E-06  4.614560815970E-02  1.306989812909E-05  3.805101677422E-03 -1.792330162004E-20 -4.146246649101E-21 -2.948437719200E-20 -7.465654852462E-04
  9.268794455535E+02  9.343794455535E+02  1.934768964474E+01 -2.709855892920E-14 -4.288920178545E-02  3.744652016427E+02  5.775654725672E-02  1.100336620890E-01 -1.917364112431E-02 -3.687029796579E-03 -8.320044990738E-01  1.750866755252E+00 -6.226607307223E-03  1.119308005183E-02 -4.966472744643E-03 -1.084011030236E-02 -9.179633961592E-04 -7.117251692238E-06 -9.426336065381E-07 -3.967752997022E-06  3.953997652007E-02  7.117251691949E-06  3.754537287243E-03 -1.067803958819E-20 -2.858399997200E-21 -3.598667335128E-20 -6.285493433196E-04
  9.418794455535E+02  9.493794455535E+02  1.938264456813E+01 -2.558089493270E-14 -3.890668722867E-02  3.758169420552E+02  4.812440040037E-02  1.057178385005E-01 -1.474156148299E-02 -3.201755141175E-03 -7.591100501179E-01  1.709081637907E+00 -5.913465552292E-03  1.056465783672E-02 -4.651192284121E-03 -9.418422027382E-03 -8.255595483809E-04  5.223454600132E-06 -1.625377604180E-06 -5.274459202329E-06  3.756282656747E-02 -5.223454629045E-06  6.051998498718E-03 -1.792659446081E-20  2.181596614703E-21 -4.183648116583E-20 -5.665551684468E-04
  9.568794455535E+02  9.643794455535E+02  1.941809379315E+01 -1.883643975932E-14 -3.154279811302E-02  3.771930203156E+02  3.693265795454E-02  9.915629244941E-02 -1.004721649823E-02 -2.470342440854E-03 -6.192249364292E-01  1.716620684235E+00 -6.178142193199E-03  1.022280554304E-02 -4.044663349773E-03 -8.806786258371E-03 -1.237433157242E-03  4.816278712673E-06 -1.682781947459E-06 -1.595525421638E-06  3.824457733802E-02 -4.816278641317E-06  1.136633506222E-02 -2.049853821652E-20 -5.873415367286E-21 -3.915961525107E-20 -5.472845072673E-04
  9.718794455535E+02  9.793794455535E+02  1.945432020720E+01 -9.437531232487E-15 -1.758086164770E-02  3.786030959938E+02  2.283921462724E-02  9.664345938699E-02 -5.652289326267E-03 -1.749213737315E-03 -3.490992494082E-01  1.785446315955E+00 -6.508178583610E-03  1.071160754226E-02 -4.203428958799E-03 -8.747853704524E-03 -2.783261841539E-03  1.818267051759E-06 -1.355408869544E-06 -2.139254679401E-06  3.874714931670E-02 -1.818267042907E-06  1.547814776334E-02 -1.297112228261E-20 -2.337628889828E-21 -3.159865381398E-20 -5.459964709565E-04
  9.868794455535E+02  9.943794455535E+02  1.949070337668E+01 -2.103930857839E-15 -2.501325680337E-03  3.800322802159E+02  4.723758311224E-03  1.072759925896E-01 -1.573537809826E-03 -5.058684419848E-04 -5.654182969012E-02  1.754957020824E+00 -6.786911145176E-03  1.106861599988E-02 -4.281704854541E-03 -7.984501583674E-03 -2.710937189808E-03 -1.315375684490E-06 -8.226079989336E-07  6.077503711922E-06  1.941955374913E-02  1.315375727731E-06  8.038040662105E-03 -6.387062689893E-21  2.586051493939E-21 -4.122609693505E-20 -2.253489306223E-04
