                   y                  ym                   U                   V                   W                 U^2                 V^2                 W^2                  UV                  VW                  UW                VISC               SFSxx               SFSyy               SFSzz               SFSxy               SFSyz                dUdX                dVdX                dWdX                dUdY                dVdY                dWdY                dUdZ                dVdZ                dWdZ              SFSxym
 -4.000000000000E+00 -2.000000000000E+00  0.000000000000E+00  0.000000000000E+00  0.000000000000E+00  0.000000000000E+00  0.000000000000E+00  0.000000000000E+00  0.000000000000E+00  0.000000000000E+00  0.000000000000E+00  0.000000000000E+00  0.000000000000E+00  0.000000000000E+00  0.000000000000E+00  0.000000000000E+00  0.000000000000E+00  0.000000000000E+00  0.000000000000E+00  0.000000000000E+00  0.000000000000E+00  0.000000000000E+00  0.000000000000E+00  0.000000000000E+00  0.000000000000E+00  0.000000000000E+00  0.000000000000E+00
  2.220446049250E-16  2.000000000000E+00  8.150696837575E+00  4.501434236933E-15 -7.122483432875E-02  6.902332089589E+01  6.203357000587E-02  7.910420237904E-01 -1.878645223045E-01 -1.593725945286E-03 -5.789121846072E-01  1.578947040826E+00 -2.924329542154E-03  1.362903798071E-02 -1.070470844045E-02 -6.674369890648E+00  4.680826471117E-02 -1.623016027237E-03 -1.446735434093E-04 -3.758635047751E-05  3.663488386001E+01  1.623016027350E-03 -2.904413511362E-01  4.249592392051E-20 -1.443679520243E-21 -8.772809802864E-21 -2.341383339857E-02
  4.000000000000E+00  6.000000000000E+00  1.016676076016E+01  1.192162630189E-14 -7.395050648416E-02  1.064616214627E+02  2.496956840363E-01  8.486996237268E-01 -4.043028258147E-01 -1.887697910291E-03 -7.506546303703E-01  6.385918824452E+00  3.741510645763E-01 -3.237038794968E-01 -5.044718507976E-02 -1.882983743202E+00 -8.277479429365E-02  3.824455714049E-04 -2.228281394156E-04  6.511718436242E-05  5.253383021061E+00 -3.824455712835E-04  3.036292962179E-03  5.186352519650E-22 -4.050699337725E-21  5.117981569165E-20 -1.235735337213E-01
  8.000000000000E+00  1.000000000000E+01  1.077669573124E+01  1.633232727301E-14 -6.971534463303E-02  1.186803499117E+02  3.177146626807E-01  7.980743702005E-01 -3.892090890991E-01 -2.033583529031E-03 -7.505587505547E-01  6.760878116187E+00  1.851983380095E-01 -4.273598579558E-01  2.421615199496E-01 -9.237290064946E-01 -3.318690394307E-02  2.928892658506E-04 -1.147916438347E-04  3.032183269199E-06  2.363443063675E+00 -2.928892657840E-04  1.431977563314E-02  1.736243001467E-20  1.070880045936E-20  1.176887150306E-20 -5.582967275302E-02
  1.200000000000E+01  1.400000000000E+01  1.134857021013E+01  1.797101125319E-14 -6.664837734382E-02  1.312746476491E+02  3.574580382653E-01  7.811666936626E-01 -4.241678980711E-01 -1.976775390702E-03 -7.513089853942E-01  6.680621545809E+00  1.763302708727E-01 -3.948458253328E-01  2.185155544535E-01 -8.824975732699E-01 -3.135297256583E-03  2.521697083746E-04 -4.471471033357E-05  4.799946492264E-05  1.942780695929E+00 -2.521697081372E-04  1.243646689362E-02  2.857403155624E-20 -1.554927600447E-20  1.275949627574E-19 -4.755878387124E-02
  1.600000000000E+01  1.800000000000E+01  1.174825915974E+01  1.508726159051E-14 -6.363918488456E-02  1.403518830209E+02  3.882747270944E-01  7.719118647211E-01 -4.229255835968E-01 -2.251889290122E-03 -7.381139504600E-01  6.313552418887E+00  1.460815735958E-01 -3.576769393608E-01  2.115953657579E-01 -6.258953699860E-01 -1.661682639610E-03  1.309904460425E-04 -7.078306866561E-06  5.604740829586E-05  1.492823166133E+00 -1.309904461165E-04  7.859130687319E-03  3.436666600318E-20  6.572609643522E-21  1.239820171148E-19 -3.602774507438E-02
  2.000000000000E+01  2.200000000000E+01  1.209536932842E+01  8.790346633462E-15 -6.280580982601E-02  1.485514481736E+02  4.138713754656E-01  7.687254053157E-01 -4.329019237239E-01 -2.346486236761E-03 -7.466773959308E-01  6.076274955760E+00  1.297857412586E-01 -3.285393038104E-01  1.987535625584E-01 -5.354538097518E-01 -1.433713069786E-03  8.040299472618E-05  1.373629654058E-07  4.812548871785E-05  1.254723295439E+00 -8.040299446403E-05  4.986438920329E-03  1.085453748362E-19 -9.799963191145E-21  1.100815229679E-19 -3.032974284164E-02
  2.400000000000E+01  2.600000000000E+01  1.237556390843E+01  2.423219611081E-15 -6.108429079358E-02  1.553243372985E+02  4.356242029758E-01  7.652820204413E-01 -4.331730421684E-01 -2.398807166195E-03 -7.423038127488E-01  5.812528825141E+00  1.129927133094E-01 -3.014977867283E-01  1.885050734167E-01 -4.346793902669E-01 -1.488875450458E-03  6.311666291543E-05  5.560157937505E-07 -5.783843064437E-06  1.058103339036E+00 -6.311666305383E-05  5.574241610933E-03  5.599864506504E-21 -1.882170987968E-20  9.514822501466E-20 -2.536887608445E-02
  2.800000000000E+01  3.000000000000E+01  1.262411202185E+01 -5.044121659710E-15 -5.997413094257E-02  1.614841927152E+02  4.539614584758E-01  7.636130742990E-01 -4.363006873462E-01 -2.478406819430E-03 -7.430573136873E-01  5.600686792121E+00  1.020689418922E-01 -2.797987250970E-01  1.777297832050E-01 -3.808474634067E-01 -1.018363967783E-03  3.060633328276E-05  6.397117968958E-06 -2.493639157023E-05  9.284953202563E-01 -3.060633323787E-05  2.402942761236E-03  5.103402464892E-20  4.225423203491E-21  1.526143446062E-19 -2.220511886143E-02
  3.200000000000E+01  3.400000000000E+01  1.283986812391E+01 -1.420710164096E-14 -5.981566705709E-02  1.669254518457E+02  4.691212561391E-01  7.627984110148E-01 -4.359319833716E-01 -2.498867122215E-03 -7.535777849437E-01  5.400329956787E+00  9.140182849221E-02 -2.606375398823E-01  1.692357113948E-01 -3.301857120059E-01 -5.859424950098E-04  6.953849821787E-05  1.049601956402E-05 -6.609664933771E-06  8.238037644850E-01 -6.953849844448E-05  5.497615770451E-04  1.100358724793E-20 -2.082829326845E-20  1.223897886815E-19 -1.959479991647E-02
  3.600000000000E+01  3.800000000000E+01  1.303619374212E+01 -2.121373244892E-14 -5.962054320225E-02  1.719708437273E+02  4.813006700716E-01  7.636440046286E-01 -4.365334709384E-01 -2.511454678180E-03 -7.632510656928E-01  5.239203143086E+00  8.388058367979E-02 -2.456184616339E-01  1.617378779502E-01 -2.982372692496E-01 -1.149020165817E-03  7.827846377653E-05  8.129582640782E-06  1.556306012282E-05  7.476674735262E-01 -7.827846364677E-05  1.088083786931E-03  9.451054197120E-21 -3.367790738358E-20  1.524833368393E-19 -1.775476039432E-02
  4.000000000000E+01  4.200000000000E+01  1.321375717995E+01 -2.438098276510E-14 -5.924199491019E-02  1.766025781016E+02  4.910540183395E-01  7.628740163057E-01 -4.355810587192E-01 -2.550082519160E-03 -7.679790269115E-01  5.090440133821E+00  7.717461156915E-02 -2.321393189703E-01  1.549647074032E-01 -2.699867448828E-01 -1.219576623778E-03  3.011915252204E-05  4.126880437483E-06  2.160456300263E-05  6.872813876776E-01 -3.011915261244E-05  1.960977407203E-03  5.786820225165E-20 -9.624022287576E-22  1.304539384838E-19 -1.625845077671E-02
  4.400000000000E+01  4.600000000000E+01  1.337985683209E+01 -2.440817397735E-14 -5.866592517710E-02  1.809966600391E+02  4.988777665239E-01  7.612953542331E-01 -4.352235370966E-01 -2.504524296870E-03 -7.682558419983E-01  4.954287671822E+00  7.112163252313E-02 -2.200612991630E-01  1.489396666406E-01 -2.500864871023E-01 -1.314933527981E-03 -9.143291445592E-06  2.314684889950E-06  1.098823825491E-05  6.411404501647E-01  9.143291541030E-06  3.847515648196E-03 -1.958519972534E-20 -8.428584889914E-21  1.238211024471E-19 -1.503579929479E-02
  4.800000000000E+01  5.000000000000E+01  1.353432206229E+01 -2.736871030732E-14 -5.744681324403E-02  1.851347076211E+02  5.050609986794E-01  7.584038839446E-01 -4.339171959483E-01 -2.414648339309E-03 -7.581404536823E-01  4.832287651025E+00  6.616178106979E-02 -2.099469190625E-01  1.437851379917E-01 -2.312119574929E-01 -2.016532559952E-03  8.833877023733E-06  1.418130040721E-06 -1.276445813200E-05  5.972247665866E-01 -8.833877023089E-06  5.925409047538E-03  5.915148589579E-20 -1.457776643879E-20  1.305381325148E-19 -1.391251909088E-02
  5.200000000000E+01  5.400000000000E+01  1.367847520901E+01 -3.710712639937E-14 -5.585776252867E-02  1.890463130874E+02  5.098352137514E-01  7.547691842582E-01 -4.329313193332E-01 -2.383598311205E-03 -7.415056987135E-01  4.716862237154E+00  6.223855056888E-02 -2.005573578255E-01  1.383188072551E-01 -2.142700182714E-01 -2.441728571941E-03  4.260491665070E-05  2.256134014413E-06 -3.659411150294E-06  5.621460633993E-01 -4.260491681027E-05  7.786171982097E-03  3.101125906260E-20  4.689261425822E-21  1.105592131388E-19 -1.299527162005E-02
  5.600000000000E+01  5.800000000000E+01  1.381544506844E+01 -4.592203816286E-14 -5.362130290713E-02  1.928021489350E+02  5.134696615236E-01  7.500187236664E-01 -4.315125787196E-01 -2.423235733170E-03 -7.160478071883E-01  4.611784470794E+00  5.913779462582E-02 -1.917856388682E-01  1.326478442414E-01 -2.019391997043E-01 -2.269099204794E-03  4.721585646307E-05  2.995127964046E-06  3.068672790867E-05  5.345973624391E-01 -4.721585638626E-05  5.995062195823E-03  1.125790499857E-20  2.268356428062E-20  8.829139574379E-20 -1.227026164365E-02
  6.000000000000E+01  6.200000000000E+01  1.394580137115E+01 -5.211627483737E-14 -5.288025809005E-02  1.964151314210E+02  5.163679041587E-01  7.443937545914E-01 -4.302646311258E-01 -2.516332511348E-03 -7.116176777787E-01  4.518318887291E+00  5.570530385624E-02 -1.843625826722E-01  1.286572788152E-01 -1.909005143910E-01 -1.077226003589E-03 -4.727283919621E-06  1.233941357424E-06  5.025236125495E-05  5.087082369925E-01  4.727283969244E-06  2.540417937802E-04 -3.921424154831E-20  2.168574359400E-21  1.509664164927E-19 -1.157548826762E-02
  6.400000000000E+01  6.600000000000E+01  1.406980088836E+01 -5.850575926503E-14 -5.343704202512E-02  1.998825110403E+02  5.187471888705E-01  7.389181712467E-01 -4.286541106122E-01 -2.585554569667E-03 -7.256183139214E-01  4.420592499479E+00  5.242368894096E-02 -1.775182380359E-01  1.250945490944E-01 -1.794995346942E-01  6.243223855300E-04 -3.183143369001E-05 -1.929334340864E-06  1.948247103678E-05  4.819129602798E-01  3.183143402332E-05 -2.885626372659E-03 -3.306903285583E-21  8.629120994837E-21  1.366407973680E-19 -1.086888208137E-02
  6.800000000000E+01  7.000000000000E+01  1.418671868921E+01 -6.692421327762E-14 -5.426233673873E-02  2.031809262687E+02  5.206014745053E-01  7.344050731423E-01 -4.273224969318E-01 -2.514379935502E-03 -7.430391572931E-01  4.332716671871E+00  4.950780305622E-02 -1.708336412480E-01  1.213258381910E-01 -1.687404268181E-01  1.008410186844E-03 -2.439506246964E-05 -1.851652111036E-06  1.615671288457E-07  4.562767240481E-01  2.439506206568E-05 -2.887248529625E-03  4.988626182449E-20  1.717438657236E-20  1.471332423640E-19 -1.026306989410E-02
  7.200000000000E+01  7.400000000000E+01  1.429795160793E+01 -7.527901970765E-14 -5.493178055044E-02  2.063431495732E+02  5.221234584494E-01  7.307043539538E-01 -4.256473606694E-01 -2.567900248699E-03 -7.584798755166E-01  4.257953504786E+00  4.630827990618E-02 -1.646985521898E-01  1.183902722828E-01 -1.598245544669E-01 -8.607381300995E-05 -4.055515223090E-06  4.116142716983E-07 -2.346299192270E-05  4.348753135310E-01  4.055515316951E-06 -1.690147585014E-03  5.293792456793E-20  1.752224586133E-20  1.574080706435E-19 -9.765839471921E-03
  7.600000000000E+01  7.800000000000E+01  1.440422563382E+01 -8.245121194591E-14 -5.522495745246E-02  2.093896620943E+02  5.233697298232E-01  7.265101261152E-01 -4.239514272935E-01 -2.507905559931E-03 -7.693911725227E-01  4.187114339361E+00  4.366902913930E-02 -1.592127513989E-01  1.155437222600E-01 -1.526361041623E-01 -3.674142921785E-04  5.589503931903E-06 -9.725675759604E-07 -1.652869157541E-05  4.169565644263E-01 -5.589504149291E-06 -1.932460548219E-04 -5.345117015555E-21  2.192708385390E-20  1.480738913730E-19 -9.327263708664E-03
  8.000000000000E+01  8.200000000000E+01  1.450641660976E+01 -8.605866251103E-14 -5.507232345263E-02  2.123445287153E+02  5.241072803519E-01  7.227825460605E-01 -4.222610288898E-01 -2.516758173098E-03 -7.721609027385E-01  4.116552309529E+00  4.127576895988E-02 -1.540348570476E-01  1.127590880902E-01 -1.456819320368E-01 -2.941191833389E-04  8.326225525627E-06 -2.572318506049E-06  7.586917076048E-06  4.006801696382E-01 -8.326225408235E-06 -5.060227302169E-04  8.450458300203E-21  2.317242075157E-20  1.100397108193E-19 -8.889138154244E-03
  8.400000000000E+01  8.600000000000E+01  1.460462995092E+01 -9.119861925829E-14 -5.544579831706E-02  2.152043057407E+02  5.244499553448E-01  7.192213525721E-01 -4.204944196785E-01 -2.438948387931E-03 -7.823423915188E-01  4.049768206269E+00  3.910885618503E-02 -1.495360929228E-01  1.104272367374E-01 -1.388376061388E-01 -1.264920798682E-04 -3.402254348376E-06 -7.361377353654E-06  1.404729043485E-05  3.857087278794E-01  3.402254277928E-06 -5.471720348738E-04 -5.850696657216E-20  5.316201527378E-21  1.744021472722E-19 -8.499504161414E-03
  8.800000000000E+01  9.000000000000E+01  1.469931418526E+01 -1.050818812752E-13 -5.530274977257E-02  2.179784940574E+02  5.244766602079E-01  7.154846671297E-01 -4.186188897495E-01 -2.403283596714E-03 -7.843840554679E-01  3.981704889519E+00  3.765471520667E-02 -1.450481320131E-01  1.073934168055E-01 -1.333140268239E-01 -3.361850216588E-04 -6.506908655363E-06 -1.488391113837E-05 -1.303540544646E-05  3.723065426309E-01  6.506908675618E-06  8.631727040784E-04  7.088769382478E-21  9.592354208678E-22  1.693475726009E-19 -8.145214161685E-03
  9.200000000000E+01  9.400000000000E+01  1.479069426820E+01 -1.136296132418E-13 -5.500820416311E-02  2.206717191222E+02  5.240807143557E-01  7.122075508199E-01 -4.169167662311E-01 -2.303596141309E-03 -7.840220977085E-01  3.917548173375E+00  3.592422638013E-02 -1.404617958572E-01  1.045375694771E-01 -1.273422758564E-01 -7.366368997538E-04 -2.905843520959E-05 -1.595388304443E-05 -3.574173735880E-05  3.591177301583E-01  2.905843507579E-05  1.636754549822E-03 -2.390005026176E-20  2.316957308840E-21  1.090548720280E-19 -7.796408969927E-03
  9.600000000000E+01  9.800000000000E+01  1.487888746931E+01 -1.188641057688E-13 -5.450377929541E-02  2.232859494481E+02  5.233426623683E-01  7.090097424490E-01 -4.150239422221E-01 -2.311223840289E-03 -7.795583893685E-01  3.858590788919E+00  3.429431886668E-02 -1.364494029261E-01  1.021550840601E-01 -1.220531441887E-01 -7.797555918588E-04  1.523014414851E-05 -1.364340686223E-05 -2.683432904533E-05  3.469529029449E-01 -1.523014415725E-05  2.107195513158E-03  2.978582331836E-21  1.264122781700E-20  1.768722703544E-19 -7.490246783423E-03
  1.000000000000E+02  1.020000000000E+02  1.496425878138E+01 -1.332043279209E-13 -5.396073680010E-02  2.258331473808E+02  5.224172908539E-01  7.061756905039E-01 -4.132188778426E-01 -2.211714795669E-03 -7.740807746957E-01  3.808911451562E+00  3.344798671236E-02 -1.330883006699E-01  9.964031395669E-02 -1.174661094876E-01 -8.331442915913E-04  4.589309095305E-05 -1.238361306325E-05 -2.735239077737E-05  3.380006432864E-01 -4.589309104488E-05  2.745861693705E-03 -1.826479867557E-20  1.036496476050E-20  1.445005352807E-19 -7.233412998738E-03
  1.040000000000E+02  1.060000000000E+02  1.504792697997E+01 -1.404047665169E-13 -5.313959042468E-02  2.283426676237E+02  5.212506334628E-01  7.047913582825E-01 -4.113629780214E-01 -2.131127521178E-03 -7.639140961519E-01  3.765680135505E+00  3.251861030181E-02 -1.303161268629E-01  9.779751655896E-02 -1.139354152158E-01 -1.066982044077E-03 -1.130598881068E-05 -1.180579446904E-05 -2.266686200555E-05  3.304910440477E-01  1.130598878935E-05  4.801452163416E-03  1.594853056318E-20 -3.845089992436E-20  1.330740703890E-19 -7.008136486617E-03
  1.080000000000E+02  1.100000000000E+02  1.512951908345E+01 -1.369573547454E-13 -5.155036842557E-02  2.308047036143E+02  5.198412593255E-01  7.039749895068E-01 -4.096179017908E-01 -1.982381365957E-03 -7.425938834088E-01  3.721406518209E+00  3.126490343780E-02 -1.270992098228E-01  9.583430638642E-02 -1.103606351786E-01 -1.520170459972E-03 -1.795782637855E-05 -1.053906624354E-05 -1.941565095463E-05  3.209888315175E-01  1.795782629912E-05  6.916488134503E-03  3.510877605381E-21 -1.104811418435E-20  1.370624198605E-19 -6.771053137476E-03
  1.120000000000E+02  1.140000000000E+02  1.520843224913E+01 -1.389951292807E-13 -4.964466643890E-02  2.331986070063E+02  5.182955648535E-01  7.039000414932E-01 -4.077760951265E-01 -1.881163155312E-03 -7.170613682038E-01  3.672910791111E+00  2.983635776613E-02 -1.239987788067E-01  9.416242104226E-02 -1.060734701307E-01 -1.702015303623E-03  2.795487611649E-05 -8.281436130144E-06  9.409385766438E-06  3.106404231898E-01 -2.795487608802E-05  7.898961818246E-03  2.164991428816E-20  1.678316647449E-20  1.500084119282E-19 -6.499361173085E-03
  1.160000000000E+02  1.180000000000E+02  1.528482782990E+01 -1.396506163386E-13 -4.751801649037E-02  2.355272037227E+02  5.165808766010E-01  7.035551104623E-01 -4.061017049409E-01 -1.818282575865E-03 -6.888036315543E-01  3.625108903265E+00  2.863088748028E-02 -1.212026218483E-01  9.257173436693E-02 -1.017962810033E-01 -1.977379337972E-03  3.738930793594E-06 -5.549286341126E-06  4.751223075137E-06  3.000545679807E-01 -3.738930900308E-06  7.798658795435E-03 -8.013114854920E-21  6.019809310974E-21  1.120386229403E-19 -6.228987565397E-03
  1.200000000000E+02  1.220000000000E+02  1.535839697103E+01 -1.368163842491E-13 -4.567296758819E-02  2.377806482941E+02  5.146506327046E-01  7.020368239687E-01 -4.043084885815E-01 -1.817358143981E-03 -6.645361765816E-01  3.579131840800E+00  2.715922320566E-02 -1.183777604024E-01  9.121853719559E-02 -9.757522053419E-02 -2.016376345613E-03 -1.056420589310E-07 -1.845265611633E-06 -2.657293449053E-05  2.888943564133E-01  1.056420476005E-07  6.428970106668E-03 -1.523567151587E-20  3.273299756527E-20  1.195235074429E-19 -5.969719159146E-03
  1.240000000000E+02  1.260000000000E+02  1.542925184272E+01 -1.389110801213E-13 -4.430191411514E-02  2.399598594319E+02  5.125654173507E-01  7.003881511024E-01 -4.026093478298E-01 -1.833658439828E-03 -6.472662152335E-01  3.536935797583E+00  2.622254581995E-02 -1.157493935318E-01  8.952684771264E-02 -9.369596475935E-02 -1.690828879096E-03  2.745301678542E-05  1.240290091851E-06 -2.655198080478E-05  2.797518753752E-01 -2.745301684306E-05  5.303263753173E-03 -2.383395111811E-21 -7.784251581993E-22  1.468104493526E-19 -5.764880884949E-03
  1.280000000000E+02  1.300000000000E+02  1.549831699172E+01 -1.367295945157E-13 -4.302557109550E-02  2.420933247848E+02  5.104277572981E-01  6.988620719568E-01 -4.008391010587E-01 -1.773517764291E-03 -6.308139732972E-01  3.494536555151E+00  2.531760560135E-02 -1.131847928971E-01  8.786718729422E-02 -9.056859134015E-02 -1.507745129380E-03  1.865563976303E-05  1.653033543346E-06 -1.249972583578E-05  2.719600719244E-01 -1.865563952434E-05  5.675172708692E-03  2.355962589625E-21  1.777674780589E-20  1.355124522927E-19 -5.566177403095E-03
  1.320000000000E+02  1.340000000000E+02  1.556520562262E+01 -1.313966243391E-13 -4.142624569964E-02  2.441667760396E+02  5.081685708997E-01  6.967239262823E-01 -3.990661300161E-01 -1.736695974235E-03 -6.095680289913E-01  3.454347916191E+00  2.473988440473E-02 -1.108670797178E-01  8.612719531343E-02 -8.748920107644E-02 -1.623036751571E-03  2.213793016327E-05  1.981624556553E-06 -2.799851326778E-05  2.649354131108E-01 -2.213793039274E-05  6.790188338804E-03 -2.541032498983E-20 -1.715435628576E-20  1.441156339723E-19 -5.384456956428E-03
  1.360000000000E+02  1.380000000000E+02  1.563075483029E+01 -1.430269463340E-13 -3.960695112976E-02  2.462068918291E+02  5.058425742742E-01  6.945438696429E-01 -3.974158453469E-01 -1.660819000594E-03 -5.859065455633E-01  3.415298613238E+00  2.374383191285E-02 -1.081797697700E-01  8.443593785699E-02 -8.481909178739E-02 -1.872786500540E-03  4.336351150456E-05  2.583075922199E-06 -3.598262100740E-05  2.580576018760E-01 -4.336351133074E-05  7.193689520968E-03 -4.739308750908E-20 -9.605591237052E-21  1.487497511784E-19 -5.207048382686E-03
  1.400000000000E+02  1.420000000000E+02  1.569426204138E+01 -1.603025660708E-13 -3.786935685804E-02  2.481904197831E+02  5.036428806376E-01  6.919969156240E-01 -3.957277826000E-01 -1.600405571779E-03 -5.640541858316E-01  3.372755558556E+00  2.275497281237E-02 -1.057208734965E-01  8.296590068281E-02 -8.182426864980E-02 -1.987310256535E-03  3.633089897642E-05  1.017929481719E-06 -2.350251915768E-05  2.500491029961E-01 -3.633089941390E-05  8.518814390705E-03 -3.107493131712E-20  5.240589952351E-21  1.536154570866E-19 -5.015490904038E-03
  1.440000000000E+02  1.460000000000E+02  1.575582404588E+01 -1.651605088226E-13 -3.536166169958E-02  2.501215707279E+02  5.015409553576E-01  6.887541314204E-01 -3.940072887553E-01 -1.495710282026E-03 -5.307620919027E-01  3.334232750223E+00  2.197261685784E-02 -1.035161115323E-01  8.154349467561E-02 -7.873706683304E-02 -2.407936682761E-03  1.729351234093E-05 -3.092480810808E-06 -9.922361628950E-06  2.429917649550E-01 -1.729351234611E-05  9.837070378161E-03 -3.075531535657E-20 -2.100808744639E-20  1.118150234708E-19 -4.832373849391E-03
  1.480000000000E+02  1.500000000000E+02  1.581576115341E+01 -1.690260790129E-13 -3.291257537090E-02  2.520082809342E+02  4.994422626104E-01  6.845536145293E-01 -3.923463569725E-01 -1.456155028679E-03 -4.983040760115E-01  3.299280663060E+00  2.133005664165E-02 -1.013555526687E-01  8.002549602491E-02 -7.605298426905E-02 -2.276344616365E-03  6.026361976629E-06 -7.895803312824E-06 -6.851289047426E-06  2.368004379101E-01 -6.026362123981E-06  9.275249670691E-03 -7.359709028990E-20 -1.590956437060E-20  9.689525950361E-20 -4.680704749715E-03
  1.520000000000E+02  1.540000000000E+02  1.587413402235E+01 -1.712191923254E-13 -3.074923206841E-02  2.538517177022E+02  4.974011013711E-01  6.793335752872E-01 -3.907119258411E-01 -1.428316606009E-03 -4.700475993405E-01  3.263358856139E+00  2.086837960550E-02 -9.919033275738E-02  7.832195315198E-02 -7.384733748664E-02 -2.141531951889E-03  2.257746592705E-05 -9.375416676370E-06 -1.351814696400E-05  2.307755224396E-01 -2.257746588412E-05  7.475101547062E-03 -4.607901517279E-20 -1.639700552075E-20  4.576031618420E-20 -4.549777125059E-03
  1.560000000000E+02  1.580000000000E+02  1.593111228166E+01 -1.674907125609E-13 -2.924855325867E-02  2.556561882811E+02  4.953658843923E-01  6.736306250992E-01 -3.891176131272E-01 -1.374798836203E-03 -4.516301621877E-01  3.225751062510E+00  1.995548767076E-02 -9.685570838492E-02  7.690022071744E-02 -7.169930036087E-02 -1.544108987645E-03  3.458215910489E-05 -9.823347080804E-06 -1.702006748692E-05  2.245556146116E-01 -3.458215910405E-05  5.945001524581E-03 -7.079463156266E-20  1.113608744497E-20  8.184135765035E-20 -4.407742981732E-03
  1.600000000000E+02  1.620000000000E+02  1.598647823477E+01 -1.655112988215E-13 -2.778674828857E-02  2.574161027815E+02  4.932186964360E-01  6.681528268730E-01 -3.875408942838E-01 -1.213046704214E-03 -4.338569829007E-01  3.192285877205E+00  1.943648316477E-02 -9.518348477095E-02  7.574700160660E-02 -6.926201012158E-02 -1.431557841971E-03  2.045054207917E-05 -1.304920257228E-05 -5.533346086985E-06  2.191362340271E-01 -2.045054202061E-05  6.021537915131E-03 -5.342647308941E-20  8.088748297960E-22  1.332052965807E-19 -4.266841125655E-03
  1.640000000000E+02  1.660000000000E+02  1.604067885189E+01 -1.597713921523E-13 -2.619467109649E-02  2.591447597934E+02  4.910680056420E-01  6.635149181713E-01 -3.860256363487E-01 -1.121708005997E-03 -4.135632255229E-01  3.159360907389E+00  1.866256467477E-02 -9.339247473525E-02  7.472991005962E-02 -6.723522617031E-02 -1.459880115667E-03 -1.000381169532E-05 -1.631730791829E-05 -1.849181787197E-06  2.135629027322E-01  1.000381174444E-05  6.653121499225E-03 -5.911117615824E-20  2.629435347264E-20  9.486423426980E-20 -4.121528730893E-03
  1.680000000000E+02  1.700000000000E+02  1.609320100550E+01 -1.494936039831E-13 -2.445192747933E-02  2.608240388431E+02  4.888856250032E-01  6.593941106154E-01 -3.844656037193E-01 -9.751430769227E-04 -3.905296015334E-01  3.127517463768E+00  1.794241343953E-02 -9.182034209980E-02  7.387792865863E-02 -6.474222818378E-02 -1.681506344909E-03 -8.646191883629E-06 -1.646041070705E-05 -1.599181364340E-06  2.080101798513E-01  8.646191999194E-06  6.485764103666E-03 -4.526532730652E-20  1.659957609961E-20  1.382820637462E-19 -3.984645423685E-03
  1.720000000000E+02  1.740000000000E+02  1.614469478961E+01 -1.454759781967E-13 -2.298965468424E-02  2.624752223938E+02  4.865795318638E-01  6.554192351600E-01 -3.829530126028E-01 -8.738294324925E-04 -3.716910665423E-01  3.095941721515E+00  1.739450286032E-02 -9.035066842760E-02  7.295616556727E-02 -6.273552179694E-02 -1.385801610965E-03 -8.036653989129E-06 -1.565412542508E-05  1.899479792280E-05  2.031240306916E-01  8.036654065681E-06  5.154273106964E-03 -7.027778588295E-20 -2.814871567789E-20  1.114768695824E-19 -3.857003196291E-03
  1.760000000000E+02  1.780000000000E+02  1.619478282687E+01 -1.412593283086E-13 -2.185795009515E-02  2.640874560488E+02  4.842681515510E-01  6.513235722867E-01 -3.813599487123E-01 -7.055720533046E-04 -3.577959341100E-01  3.066038493546E+00  1.697573462532E-02 -8.878415169485E-02  7.180841706833E-02 -6.055760968414E-02 -1.252230022190E-03  3.259678482730E-07 -1.596955461365E-05  3.454116337627E-05  1.979924659036E-01 -3.259677007455E-07  4.748461192237E-03 -9.951755930153E-20 -2.688950575344E-20  4.691899220186E-20 -3.732749286362E-03
  1.800000000000E+02  1.820000000000E+02  1.624370088275E+01 -1.310069633794E-13 -2.056239932880E-02  2.656679369204E+02  4.820545412786E-01  6.473534493141E-01 -3.798612130264E-01 -6.475687058506E-04 -3.410781501813E-01  3.032618042944E+00  1.637700118799E-02 -8.689929995826E-02  7.052229876959E-02 -5.878228701144E-02 -1.156090221056E-03 -8.175503189887E-06 -1.684415854561E-05  3.088037406245E-05  1.940972040707E-01  8.175503212205E-06  5.963880679811E-03 -9.814010918507E-20 -8.677222449008E-21  1.170219965785E-19 -3.635882081529E-03
  1.840000000000E+02  1.860000000000E+02  1.629186055097E+01 -1.226210400579E-13 -1.886303042639E-02  2.672273043026E+02  4.799164788579E-01  6.425816751214E-01 -3.782074966869E-01 -4.534111295292E-04 -3.168911736827E-01  2.999903700248E+00  1.603168579878E-02 -8.516719360421E-02  6.913550780549E-02 -5.770560087038E-02 -1.421458040437E-03 -1.785050592518E-05 -1.871888845863E-05  2.611177012621E-05  1.907207834181E-01  1.785050603453E-05  6.642676370906E-03 -1.098863573589E-20 -3.125791751583E-20  9.229248050340E-20 -3.551139482937E-03
  1.880000000000E+02  1.900000000000E+02  1.633907511375E+01 -1.156844926566E-13 -1.723772081775E-02  2.687617323764E+02  4.778762417951E-01  6.375254075365E-01 -3.767846254408E-01 -4.255111133165E-04 -2.934118341349E-01  2.970566827205E+00  1.569139703735E-02 -8.338529285711E-02  6.769389581909E-02 -5.604287183946E-02 -1.277004296279E-03 -2.401132933568E-05 -2.162117719321E-05  1.852155511315E-05  1.879115125404E-01  2.401132938379E-05  4.194398089959E-03 -6.059540312724E-20 -3.910680879980E-20  7.644936080964E-20 -3.474549759271E-03
  1.920000000000E+02  1.940000000000E+02  1.638579547538E+01 -1.067141889901E-13 -1.675053482123E-02  2.702837899137E+02  4.757605875378E-01  6.314829245476E-01 -3.750106199574E-01 -2.994314999632E-04 -2.881993648563E-01  2.937327104905E+00  1.523233093677E-02 -8.128979774233E-02  6.605746680612E-02 -5.512051743598E-02 -3.702383212761E-04 -2.569020590337E-05 -2.431022122153E-05  3.105679860224E-05  1.859452128189E-01  2.569020590469E-05  7.016533501460E-04 -1.013080335235E-19  8.272366222297E-21  8.085165767322E-20 -3.411965855855E-03
  1.960000000000E+02  1.980000000000E+02  1.643199716377E+01 -1.000962617191E-13 -1.685251823917E-02  2.717958076486E+02  4.734552884573E-01  6.256361930671E-01 -3.736082158814E-01 -2.204275325327E-04 -2.930591431957E-01  2.911347324710E+00  1.469021825742E-02 -7.966785840916E-02  6.497764015175E-02 -5.399037323470E-02 -3.241606197407E-04 -2.186534147386E-05 -2.508516085127E-05  2.863130518215E-05  1.838393721140E-01  2.186534158618E-05 -8.100745038003E-04 -6.162716472481E-20 -4.931317963017E-20  8.430386243186E-20 -3.330570215665E-03
  2.000000000000E+02  2.020600000000E+02  1.647767304903E+01 -9.404180964049E-14 -1.712991844883E-02  2.732922560203E+02  4.708633728597E-01  6.195268768175E-01 -3.718213326450E-01 -2.353538653336E-05 -3.010274548366E-01  2.888013662195E+00  1.359906441282E-02 -7.714336893909E-02  6.354430452551E-02 -5.287731717618E-02  1.341098388296E-04 -7.680044742720E-06 -2.516422052428E-05  1.325994755040E-05  1.789008562605E-01  7.680044818513E-06 -1.298794991921E-03 -1.194411126185E-19  1.321763615153E-20  6.855784730258E-20 -3.281232796293E-03
  2.041200000000E+02  2.062418000000E+02  1.652411517091E+01 -8.453408748462E-14 -1.751238902870E-02  2.748204647873E+02  4.681759174657E-01  6.130376507408E-01 -3.702139840048E-01  9.712188814912E-05 -3.107605699720E-01  2.864913029006E+00  1.219243316417E-02 -7.410632199392E-02  6.191388883097E-02 -5.206509185684E-02  4.824999509202E-05 -2.387056192753E-06 -2.524686117221E-05 -3.497014188677E-06  1.746324880661E-01  2.387056288392E-06 -7.722134722941E-04 -1.378361578520E-19 -2.746185088292E-20  4.663024404356E-20 -3.220179036307E-03
  2.083636000000E+02  2.105490540000E+02  1.657034255461E+01 -7.451240261377E-14 -1.752436993048E-02  2.763462480976E+02  4.653153107158E-01  6.051377059197E-01 -3.683965098354E-01  3.811125252584E-04 -3.141635107941E-01  2.838807484369E+00  1.113182226696E-02 -7.126839961425E-02  6.013657734692E-02 -5.089037952431E-02 -4.707041173557E-04  7.455563554554E-06 -2.567031415886E-05 -3.129627669845E-06  1.712766088501E-01 -7.455563240052E-06  3.872976579890E-04 -1.705379318032E-19  8.678904262073E-21  9.350992488423E-20 -3.161666758928E-03
  2.127345080000E+02  2.149855256200E+02  1.661772179772E+01 -6.179256585581E-14 -1.727359595088E-02  2.779154146837E+02  4.624202689813E-01  5.965329833388E-01 -3.667042725677E-01  5.634707563677E-04 -3.128616682288E-01  2.816760510907E+00  1.039235288119E-02 -6.840844208969E-02  5.801608920792E-02 -5.037748942895E-02 -6.324003125961E-04 -1.031091617219E-05 -2.585409681590E-05  6.141424019670E-06  1.677204964067E-01  1.031091620164E-05  7.680546040391E-04 -8.497638271410E-20 -3.990707057335E-21  8.779720151520E-20 -3.118256702767E-03
  2.172365432400E+02  2.195550913886E+02  1.666471630484E+01 -4.934655693326E-14 -1.704308228341E-02  2.794769243255E+02  4.595741794330E-01  5.885587799372E-01 -3.648332242016E-01  7.341321085170E-04 -3.110591646669E-01  2.795116495118E+00  9.489560341953E-03 -6.565670723214E-02  5.616714689005E-02 -4.926609968208E-02 -4.720395535753E-04 -2.135635815218E-05 -2.499798384602E-05 -3.415334669197E-06  1.636583793379E-01  2.135635826617E-05  9.902689407291E-04 -1.424088916727E-19 -1.598238043828E-20  7.117092930412E-20 -3.052195947795E-03
  2.218736395372E+02  2.242617441303E+02  1.671256551754E+01 -4.436591198587E-14 -1.667684655092E-02  2.810734240121E+02  4.566372432828E-01  5.813211681924E-01 -3.630123563001E-01  9.401700781977E-04 -3.073226359794E-01  2.774675493810E+00  8.105679390837E-03 -6.263965433622E-02  5.453397494501E-02 -4.840257219672E-02 -2.552644223720E-04 -9.302330558399E-06 -2.372465627500E-05 -3.897613755360E-06  1.596160034200E-01  9.302330427811E-06  1.107594785030E-03 -1.477389005026E-19 -1.348675798128E-20  2.896068370828E-20 -2.977518955912E-03
  2.266498487233E+02  2.291095964542E+02  1.676000542282E+01 -4.348368655889E-14 -1.640230418687E-02  2.826602405914E+02  4.535617318150E-01  5.740510212427E-01 -3.611809135466E-01  1.113182739846E-03 -3.053780182449E-01  2.758198370997E+00  7.267862716082E-03 -5.994041462792E-02  5.267255191209E-02 -4.702368212080E-02 -3.143814291660E-04 -8.909416291512E-06 -2.321844885102E-05  1.994550397071E-06  1.563692935474E-01  8.909416399850E-06  9.743462056483E-04 -1.243120810357E-19 -4.473917846268E-20  5.020223220448E-20 -2.937551990337E-03
  2.315693441850E+02  2.341028843478E+02  1.680875424478E+01 -4.318829726716E-14 -1.611553125069E-02  2.842967442125E+02  4.504823066760E-01  5.662050649990E-01 -3.591966966333E-01  1.270617418142E-03 -3.028930567625E-01  2.740791188294E+00  6.184183619852E-03 -5.689430876087E-02  5.071012514033E-02 -4.698914588821E-02 -3.227839370174E-04 -7.868680547017E-06 -2.482936644072E-05 -2.649596749814E-06  1.546691485566E-01  7.868680496540E-06  1.913566616006E-03 -1.420146980768E-19 -2.617895562354E-20  8.923346527632E-20 -2.920675136437E-03
  2.366364245106E+02  2.392459708782E+02  1.685795937309E+01 -4.420549227594E-14 -1.522295583474E-02  2.859543676641E+02  4.474674020461E-01  5.578294523629E-01 -3.573773666123E-01  1.392382411865E-03 -2.907201753698E-01  2.717425449670E+00  5.306674367829E-03 -5.366523910053E-02  4.835856473335E-02 -4.622425399784E-02 -4.573316127270E-04 -8.922802004243E-06 -2.539051245741E-05 -5.313924982126E-06  1.522956679874E-01  8.922802004504E-06  2.891072202272E-03 -1.343428266596E-19 -1.519728904526E-21  5.617484015609E-20 -2.861251951093E-03
  2.418555172459E+02  2.445433500046E+02  1.690807804101E+01 -4.731957649791E-14 -1.423112029119E-02  2.876481671139E+02  4.445194972668E-01  5.480563921455E-01 -3.554166423628E-01  1.527627263871E-03 -2.759952731895E-01  2.690823104019E+00  4.301442530569E-03 -5.013633697404E-02  4.583489444430E-02 -4.539500646013E-02 -4.835715604244E-04 -5.216731386992E-06 -2.386833413413E-05 -1.372787798795E-05  1.505037692309E-01  5.216731296239E-06  3.349393482694E-03 -1.215555227842E-19 -1.812823724130E-20  4.726162216580E-20 -2.823512435381E-03
  2.472311827633E+02  2.499996505047E+02  1.695907001196E+01 -5.217364445568E-14 -1.297828075135E-02  2.893757351947E+02  4.416193727186E-01  5.393159264188E-01 -3.533793854783E-01  1.681391348813E-03 -2.553968762642E-01  2.670444068463E+00  3.002296051685E-03 -4.688288646325E-02  4.388059041201E-02 -4.483535952971E-02 -6.779911881314E-04 -1.545991382370E-05 -2.308863249826E-05 -2.663399875364E-05  1.482474248120E-01  1.545991381026E-05  4.341893006450E-03 -1.615080791464E-19 -4.021135303477E-20  7.412190465254E-20 -2.771411623604E-03
  2.527681182462E+02  2.556196400198E+02  1.701063970846E+01 -5.661330200931E-14 -1.126032831703E-02  2.911269412306E+02  4.387748428865E-01  5.301918340011E-01 -3.513775190270E-01  1.809305409788E-03 -2.277960591432E-01  2.647336073623E+00  1.916908843084E-03 -4.379207746843E-02  4.187516862407E-02 -4.383338759495E-02 -8.075770014189E-04 -1.062798590154E-05 -2.085169336622E-05 -2.196649738127E-05  1.439851577146E-01  1.062798579334E-05  4.117618077917E-03 -1.495475549991E-19 -2.598546242581E-20  6.752359212442E-20 -2.700996885252E-03
  2.584711617935E+02  2.614082292204E+02  1.706169054229E+01 -5.833998793318E-14 -1.007060266343E-02  2.928645152120E+02  4.359241101434E-01  5.226022962434E-01 -3.493835726306E-01  1.911101690496E-03 -2.089997436135E-01  2.629449735970E+00  7.654202009220E-04 -4.069465687385E-02  3.992923667197E-02 -4.274268247305E-02 -8.588868969634E-04 -1.957618008026E-06 -1.628613639373E-05 -1.395490662780E-05  1.387358246334E-01  1.957618033565E-06  3.001293999553E-03 -1.836571219235E-19 -1.306258086175E-20  5.982370068440E-20 -2.636260092533E-03
  2.643452966473E+02  2.673704760971E+02  1.711250352988E+01 -5.749675388578E-14 -9.054474907233E-03  2.946013191364E+02  4.330383648805E-01  5.158846638022E-01 -3.474427698583E-01  2.051015694074E-03 -1.919706593273E-01  2.613857210221E+00  1.889950964888E-06 -3.794184616633E-02  3.793995621560E-02 -4.156248605932E-02 -5.802831423045E-04  7.002070037052E-06 -1.335090950000E-05 -1.332246337325E-05  1.328146009568E-01 -7.002070066567E-06  1.321318620748E-03 -1.288705882511E-19 -3.875151750148E-20  4.643984168947E-20 -2.549322709229E-03
  2.703956555468E+02  2.735115903800E+02  1.716211390734E+01 -5.547695838594E-14 -9.076933430655E-03  2.963001156966E+02  4.302462102590E-01  5.091106745620E-01 -3.454093458629E-01  2.131767685075E-03 -1.925425435084E-01  2.595760588578E+00 -9.707182858355E-04 -3.496498641291E-02  3.593570469911E-02 -4.007711606707E-02  3.334575586049E-04  1.383848066823E-05 -1.244097199536E-05 -1.081886945425E-05  1.270422452348E-01 -1.383848067997E-05 -2.229288600377E-03 -1.782314358845E-19 -2.262951911914E-20  8.029314786593E-21 -2.469399469806E-03
  2.766275252132E+02  2.798369380914E+02  1.721144247788E+01 -5.338606784653E-14 -1.080378064130E-02  2.979932408899E+02  4.274826865536E-01  5.026753529644E-01 -3.434895736349E-01  2.255980702802E-03 -2.220174883562E-01  2.580043878649E+00 -1.993603421835E-03 -3.175282757830E-02  3.374643099981E-02 -3.897566285903E-02  1.087641437133E-03  2.201129868051E-05 -1.157679626518E-05 -3.159481085342E-06  1.214813801262E-01 -2.201129867446E-05 -6.067673145024E-03 -1.774620768735E-19 -1.331779780198E-20  3.671338007640E-20 -2.400328442182E-03
  2.830463509696E+02  2.863520462341E+02  1.725958165843E+01 -4.948666360953E-14 -1.393534830775E-02  2.996480528553E+02  4.245573830127E-01  4.955693594400E-01 -3.414059843689E-01  2.403628499434E-03 -2.760879388953E-01  2.563616442826E+00 -3.165745761440E-03 -2.868118808251E-02  3.184693384412E-02 -3.774459710833E-02  1.955016420342E-03  1.527718817311E-05 -1.103284819304E-05 -3.155779282046E-07  1.147513982506E-01 -1.527718815934E-05 -8.400818549021E-03 -1.489181305169E-19  2.878579250784E-21  4.308754448426E-20 -2.310878061855E-03
  2.896577414987E+02  2.930626076211E+02  1.730626007234E+01 -4.320431223429E-14 -1.772709472320E-02  3.012559513998E+02  4.213512370869E-01  4.888847857254E-01 -3.394562129905E-01  2.414478089501E-03 -3.427275468729E-01  2.547750955971E+00 -4.199841856357E-03 -2.565203229566E-02  2.985187415219E-02 -3.629646883754E-02  2.351016957429E-03  1.705048110831E-05 -8.921471820569E-06  2.202261401652E-06  1.114295165753E-01 -1.705048101133E-05 -9.630446219357E-03 -1.620351237857E-19 -2.952188284983E-20  1.006640822949E-20 -2.247732044543E-03
  2.964674737436E+02  2.999744858498E+02  1.735441576187E+01 -3.967195813757E-14 -2.212966833979E-02  3.029201395653E+02  4.179031419547E-01  4.836031346058E-01 -3.371377747506E-01  2.455056285191E-03 -4.210287393128E-01  2.536421145057E+00 -5.094010270076E-03 -2.277403894529E-02  2.786804921505E-02 -3.561456108815E-02  2.408850472897E-03  1.653977679302E-05 -6.208121312278E-06  7.018168086095E-07  1.092465210049E-01 -1.653977670502E-05 -1.027641994428E-02 -1.356258754354E-19 -2.607622073254E-20  1.792142658562E-20 -2.195733316756E-03
  3.034814979559E+02  3.070937204253E+02  1.740206865804E+01 -4.077981919162E-14 -2.675776976551E-02  3.045706762905E+02  4.145060428568E-01  4.773380307783E-01 -3.350799285978E-01  2.499796916626E-03 -5.030197471498E-01  2.530408730586E+00 -5.608359478673E-03 -2.017111811384E-02  2.577947759185E-02 -3.470281963582E-02  2.526016699075E-03  1.589894211982E-05 -8.205811623308E-06 -3.475868903781E-06  1.074033395999E-01 -1.589894208117E-05 -1.023757273953E-02 -2.063614193087E-19 -1.066692305441E-20  2.263624576788E-20 -2.175333781375E-03
  3.107059428946E+02  3.144265320380E+02  1.745143335879E+01 -4.398418767514E-14 -3.141570866512E-02  3.062855533975E+02  4.113236341340E-01  4.710728437211E-01 -3.328773162922E-01  2.472686528497E-03 -5.858131903468E-01  2.523163627896E+00 -6.451676458786E-03 -1.705426149040E-02  2.350593794929E-02 -3.491205537558E-02  2.787280437479E-03  5.230421367712E-06 -1.268959479906E-05 -1.051427707147E-05  1.053460524767E-01 -5.230421376455E-06 -8.557264241121E-03 -1.614973850470E-19 -7.582768380754E-21  4.283243041788E-20 -2.164356155265E-03
  3.181471211814E+02  3.219793279992E+02  1.750003902345E+01 -4.769886554600E-14 -3.476975301804E-02  3.079802665358E+02  4.084078774047E-01  4.652703934882E-01 -3.307705219117E-01  2.476775327579E-03 -6.447920672104E-01  2.520427184825E+00 -7.352713030688E-03 -1.410135032935E-02  2.145406335914E-02 -3.416387385759E-02  2.293722811330E-03  4.990675033807E-06 -1.634921091381E-05 -5.463669025530E-06  1.008458748312E-01 -4.990674994776E-06 -7.090806454030E-03 -1.974698285087E-19 -2.313991669876E-20  1.041984357573E-20 -2.107465207763E-03
  3.258115348169E+02  3.297587078391E+02  1.754804752142E+01 -4.788460340049E-14 -3.829449350369E-02  3.096551921549E+02  4.057668980613E-01  4.598540685630E-01 -3.286096588990E-01  2.376590317181E-03 -7.067662114858E-01  2.514764120523E+00 -7.886069164111E-03 -1.141674063205E-02  1.930280979613E-02 -3.340221294095E-02  2.534275568069E-03 -2.311703741030E-06 -2.095306845444E-05 -1.206975263137E-05  9.715037496567E-02  2.311703771075E-06 -6.989648115939E-03 -1.792315011047E-19 -6.497891145131E-21  3.002136787155E-20 -2.071539485533E-03
  3.337058808614E+02  3.377714690743E+02  1.759590284450E+01 -4.702924047374E-14 -4.173513653334E-02  3.113260256573E+02  4.034075583655E-01  4.558317647511E-01 -3.265685500619E-01  2.490946552810E-03 -7.696329529289E-01  2.513940339834E+00 -8.506652472052E-03 -8.894106377696E-03  1.740075884972E-02 -3.278831952975E-02  2.474042428970E-03 -1.185465491544E-06 -2.520293081951E-05 -1.352702837530E-05  9.291041245162E-02  1.185465504870E-06 -7.065190193094E-03 -1.790514636460E-19 -8.657955109143E-21 -1.277271765343E-20 -2.001091426092E-03
  3.418370572872E+02  3.460246131465E+02  1.764244590386E+01 -5.052295237627E-14 -4.544550804340E-02  3.129567564772E+02  4.012435665696E-01  4.528171185564E-01 -3.246487306058E-01  2.152651299446E-03 -8.352404103114E-01  2.512393916199E+00 -9.269505155860E-03 -6.546381743046E-03  1.581588689953E-02 -3.105528644969E-02  2.315070683645E-03  7.020875922113E-06 -2.383460950613E-05 -4.161773012499E-06  8.788560235493E-02 -7.020875918536E-06 -4.298577531236E-03 -1.959020557958E-19 -6.985005135203E-21 -3.983029438775E-20 -1.897550290215E-03
  3.502121690058E+02  3.545253515409E+02  1.768789646454E+01 -5.518868745972E-14 -4.616640550571E-02  3.145515246133E+02  3.988166951614E-01  4.474526075035E-01 -3.226538582047E-01  2.073431474679E-03 -8.505090282671E-01  2.508968004727E+00 -9.930545875399E-03 -4.036547178699E-03  1.396709305428E-02 -2.963826272657E-02  1.175444280625E-03  3.738056089916E-06 -1.914315676531E-05 -6.039328698070E-06  8.173602320797E-02 -3.738056100466E-06 -2.212580375652E-03 -2.037511119543E-19  1.382555002096E-21  6.861897204371E-21 -1.785236563292E-03
  3.588385340760E+02  3.632811120872E+02  1.773060204272E+01 -5.791811214656E-14 -4.778413508239E-02  3.160527063742E+02  3.957070432502E-01  4.429634667993E-01 -3.208563031848E-01  1.494307411409E-03 -8.793066397013E-01  2.510687212570E+00 -1.079890872607E-02 -1.509410878892E-03  1.230831960463E-02 -2.736668456960E-02  1.556278964123E-03 -6.809584942215E-06 -1.649753440365E-05 -7.365988461268E-06  7.319959682380E-02  6.809585008716E-06 -3.753104979575E-03 -1.390494339785E-19 -2.324537267618E-20 -1.569428365328E-20 -1.633716040148E-03
  3.677236900983E+02  3.722995454498E+02  1.776919696546E+01 -5.969258218506E-14 -5.030639697913E-02  3.174105687948E+02  3.920563474188E-01  4.427384254140E-01 -3.188106546653E-01  1.026351463506E-03 -9.250966819695E-01  2.522207335592E+00 -1.142306722928E-02  6.350997132643E-04  1.078796751558E-02 -2.500515248209E-02  1.834355234806E-03  3.399422641718E-06 -1.578788651320E-05 -1.914389011164E-05  6.743776043758E-02 -3.399422658178E-06 -3.987440473012E-03 -1.693537089815E-19 -2.111953976843E-20 -1.177403201064E-20 -1.528870996400E-03
  3.768754008012E+02  3.815885318133E+02  1.780772314947E+01 -6.175742585148E-14 -5.233574663624E-02  3.187742991159E+02  3.886307161151E-01  4.440265446461E-01 -3.168403328474E-01  1.813682517932E-04 -9.626972286658E-01  2.528364725792E+00 -1.193848800238E-02  2.929155050486E-03  9.009332952327E-03 -2.387485691125E-02  1.552858732866E-03  1.230026893941E-05 -1.705152579976E-05 -3.440445952632E-05  6.200459451996E-02 -1.230026892797E-05 -2.724673417005E-03 -1.630994723499E-19  8.880124264571E-21 -6.120113472149E-22 -1.431967347806E-03
  3.863016628253E+02  3.911561877677E+02  1.784224745406E+01 -6.117107225848E-14 -5.351339642942E-02  3.199941347732E+02  3.853777586928E-01  4.411183010063E-01 -3.148808183284E-01 -5.648763477111E-04 -9.851347886920E-01  2.538246364474E+00 -1.268237858597E-02  5.422836034589E-03  7.259542551524E-03 -2.195753403958E-02  1.029450675132E-03  6.349167665038E-06 -1.788580856844E-05 -3.176435999479E-05  5.688449347225E-02 -6.349167621939E-06 -3.021491067898E-03 -1.423704353904E-19 -1.773484192010E-20 -5.750456988685E-20 -1.346879853010E-03
  3.960107127100E+02  4.010108734007E+02  1.787676255333E+01 -5.977471469187E-14 -5.599405737008E-02  3.212167516138E+02  3.819576670492E-01  4.384015424182E-01 -3.128103926619E-01 -1.604421687360E-03 -1.030623572309E+00  2.550220736419E+00 -1.342867563450E-02  7.871053415388E-03  5.557622219165E-03 -2.109462713824E-02  1.363080779486E-03  3.330835802421E-06 -1.806157487781E-05 -3.446228448193E-05  5.198113614370E-02 -3.330835734484E-06 -4.227033819666E-03 -2.055823206298E-19  1.576372237515E-21 -2.864712159987E-20 -1.264731599974E-03
  4.060110340913E+02  4.111611996027E+02  1.790722336937E+01 -6.447737251521E-14 -5.877600718023E-02  3.222936501972E+02  3.779343156699E-01  4.348233923661E-01 -3.107643169921E-01 -2.515040496856E-03 -1.083344825214E+00  2.560385677650E+00 -1.430568170049E-02  1.017625427981E-02  4.129427420554E-03 -1.911373964766E-02  1.410571463663E-03 -1.074412862582E-05 -1.739424714323E-05 -3.232480274172E-05  4.668653788897E-02  1.074412854583E-05 -5.206095825597E-03 -1.829100503028E-19 -2.330739721989E-20 -1.943437339614E-20 -1.157925736360E-03
  4.163113651141E+02  4.216160355908E+02  1.793688895270E+01 -7.189675070574E-14 -6.267032704312E-02  3.233475091860E+02  3.728687015406E-01  4.303531241141E-01 -3.085516157730E-01 -3.737321879281E-03 -1.155454728769E+00  2.584567014190E+00 -1.477585223820E-02  1.209826850810E-02  2.677583730257E-03 -1.818235289183E-02  1.760386032018E-03 -1.086971167657E-05 -1.285883657446E-05 -2.125285836357E-05  4.611894295400E-02  1.086971162352E-05 -6.785765328341E-03 -2.103366212153E-19 -1.270713405485E-20 -3.567849023766E-20 -1.151851904854E-03
  4.269207060675E+02  4.323845166585E+02  1.796843307644E+01 -7.557866948023E-14 -6.779228601482E-02  3.244639716703E+02  3.676425403113E-01  4.256279959259E-01 -3.060807276607E-01 -4.621004513462E-03 -1.248777496716E+00  2.618344264074E+00 -1.547200287436E-02  1.443144792380E-02  1.040554950344E-03 -1.873279870690E-02  2.328527908674E-03 -1.498914255846E-05 -6.757617707422E-06 -1.372609021668E-05  4.609048634582E-02  1.498914251862E-05 -6.692140069944E-03 -1.480945177917E-19 -1.349816373602E-20 -4.679576918580E-20 -1.164661596600E-03
  4.378483272495E+02  4.434760521583E+02  1.799989013135E+01 -7.849667964244E-14 -7.186403893352E-02  3.255770446077E+02  3.626086622244E-01  4.189543700361E-01 -3.036317912498E-01 -5.928750623528E-03 -1.324474079654E+00  2.647849231264E+00 -1.582931936596E-02  1.656617356619E-02 -7.368542003600E-04 -1.894061784350E-02  2.222745265874E-03 -1.631493901909E-05 -2.432859592381E-06 -1.631031579996E-05  4.759973490399E-02  1.631493907433E-05 -5.694494801660E-03 -1.057918049196E-19 -9.589992738024E-21 -3.560376195657E-20 -1.239369664282E-03
  4.491037770670E+02  4.549003337230E+02  1.803543570636E+01 -8.406481645055E-14 -7.584390153499E-02  3.268345529041E+02  3.579312772433E-01  4.112658716252E-01 -3.009082854145E-01 -6.844788212998E-03 -1.401258036037E+00  2.688566348623E+00 -1.617623738420E-02  1.834015746341E-02 -2.163920079519E-03 -2.065673389630E-02  2.032191245900E-03 -2.154958597321E-05  4.545438900697E-07 -1.731865253510E-05  4.690236859095E-02  2.154958589191E-05 -3.250916666866E-03 -1.957622443380E-19 -1.626689686391E-20 -4.479792523861E-20 -1.249495399863E-03
  4.606968903790E+02  4.666673437347E+02  1.806785377349E+01 -8.682916712022E-14 -7.658396176083E-02  3.279829808892E+02  3.540502234061E-01  4.038843923227E-01 -2.979763650175E-01 -8.328361433642E-03 -1.419395858628E+00  2.711715537391E+00 -1.692877925772E-02  1.978399029992E-02 -2.855211042323E-03 -1.863221462866E-02  9.394408741703E-04 -1.487232209886E-05  4.343285151475E-06 -1.820860027865E-05  4.502921413770E-02  1.487232209526E-05 -3.485970483969E-03 -1.334776153936E-19 -1.516372082826E-20 -4.995313608670E-20 -1.162336979406E-03
  4.726377970904E+02  4.787873640468E+02  1.810262542447E+01 -8.353949014032E-14 -8.103421346786E-02  3.292219345822E+02  3.505897951851E-01  3.957003854203E-01 -2.949988731205E-01 -9.418768276700E-03 -1.502820241656E+00  2.764797177554E+00 -1.759911420659E-02  2.183603657757E-02 -4.236922371319E-03 -1.909252779407E-02  2.260600171129E-03 -1.087098176688E-05  5.752964898570E-06 -9.227153716750E-06  4.581410384316E-02  1.087098176137E-05 -3.536470474380E-03 -1.860033634125E-19 -1.759634568298E-20 -4.231742814301E-20 -1.205475710967E-03
  4.849369310031E+02  4.912709849682E+02  1.813831507415E+01 -7.242438246347E-14 -8.201798254440E-02  3.304966300843E+02  3.474523618172E-01  3.895062419846E-01 -2.912182458580E-01 -1.080787032671E-02 -1.524232984837E+00  2.801061251950E+00 -1.775044705463E-02  2.341937929613E-02 -5.668932241806E-03 -1.927495285275E-02  1.407177675384E-03  2.190991176904E-06  1.150320757817E-06 -1.341714661150E-05  4.670019121304E-02 -2.190991037973E-06  1.075244331206E-03 -1.973708000955E-19 -8.621727691819E-21 -6.519092057819E-20 -1.235457439123E-03
  4.976050389332E+02  5.041291145172E+02  1.817658999138E+01 -5.148340665821E-14 -7.932833320824E-02  3.318722037155E+02  3.437073340186E-01  3.826002625152E-01 -2.877570452807E-01 -1.191494393393E-02 -1.476506617722E+00  2.846840340261E+00 -1.804817617339E-02  2.508449869560E-02 -7.036322522412E-03 -2.037644707484E-02 -4.601776231421E-04  9.269284452582E-06 -5.564568820841E-07 -2.564123810877E-06  4.513424831291E-02 -9.269284449197E-06  4.653868021658E-03 -1.213585619784E-19  3.970852643786E-21 -8.033269955361E-20 -1.252715191678E-03
  5.106531901012E+02  5.173729879527E+02  1.821195195354E+01 -3.559945162731E-14 -7.440833115149E-02  3.331292975735E+02  3.392948956840E-01  3.781771943109E-01 -2.835329371549E-01 -1.299386198889E-02 -1.392701316466E+00  2.878839284639E+00 -1.845656440075E-02  2.653526076917E-02 -8.078696368114E-03 -1.947331404740E-02 -1.503781539840E-03  5.665917116736E-06  1.772329166885E-07  4.546531661945E-06  4.290137409981E-02 -5.665917017536E-06  4.769567345053E-03 -1.665535268403E-19  9.398627704717E-21 -7.262377136127E-20 -1.210218574865E-03
  5.240927858042E+02  5.310141775913E+02  1.824869036484E+01 -2.929474718361E-14 -7.134921843270E-02  3.344419149593E+02  3.340274880240E-01  3.741966148426E-01 -2.790438138272E-01 -1.367673933868E-02 -1.351538754822E+00  2.917938116320E+00 -1.883837952895E-02  2.799788129953E-02 -9.159501770915E-03 -1.949697458927E-02 -1.493783549257E-03 -4.327670448257E-06 -3.622851480973E-06  2.936748688639E-06  4.291229407312E-02  4.327670505766E-06  2.295674079972E-03 -1.728780255835E-19  3.957529168307E-21 -4.208545405205E-20 -1.226941510805E-03
  5.379355693784E+02  5.450646029190E+02  1.828622757660E+01 -2.256298273218E-14 -7.051639930505E-02  3.357739650462E+02  3.283256041790E-01  3.705694421825E-01 -2.743395849742E-01 -1.424470281935E-02 -1.348316168231E+00  2.989547139910E+00 -1.914618098594E-02  2.962817893035E-02 -1.048199794340E-02 -1.981044144318E-02 -8.573926191213E-04 -3.864119359386E-06 -1.360484133220E-05  9.096500010320E-06  4.377292657804E-02  3.864119424272E-06  2.473846881977E-03 -1.966749537071E-19  2.345444158392E-21 -6.412239744658E-20 -1.274577922089E-03
  5.521936364597E+02  5.595365410066E+02  1.832674315365E+01 -1.392694408871E-14 -6.697240215873E-02  3.372045345544E+02  3.225912804035E-01  3.680637441564E-01 -2.688675813547E-01 -1.447960580025E-02 -1.299042532544E+00  3.068629480711E+00 -1.916831845192E-02  3.159540618508E-02 -1.242708773258E-02 -2.131303339232E-02 -1.425319366355E-03  7.544353945881E-06 -2.291376176699E-05  1.232498933104E-05  4.560459839180E-02 -7.544353943062E-06  7.444097829070E-04 -1.558797144215E-19  2.663987967257E-20 -5.231566691694E-20 -1.367043779064E-03
  5.668794455535E+02  5.743794455535E+02  1.836992916036E+01 -6.412367743273E-15 -6.912508802604E-02  3.387423556937E+02  3.176841959411E-01  3.658953417147E-01 -2.631905521316E-01 -1.476530488871E-02 -1.348139028143E+00  3.101090559066E+00 -1.878535133556E-02  3.156403981908E-02 -1.277868848325E-02 -2.227055243522E-02 -3.172495325089E-04  4.040734810331E-06 -2.262108112540E-05  2.101528827215E-05  4.516551450922E-02 -4.040734716702E-06 -5.595345932701E-04 -1.545601739078E-19  2.105695743905E-20 -4.028922238359E-20 -1.395890772561E-03
  5.818794455535E+02  5.893794455535E+02  1.841141435767E+01 -2.601942388399E-15 -6.798863662157E-02  3.402273563156E+02  3.128431055920E-01  3.594349296814E-01 -2.571530093939E-01 -1.460266528647E-02 -1.336260510941E+00  3.083883153693E+00 -1.907249980539E-02  3.163213821538E-02 -1.255963841004E-02 -2.172954779026E-02 -8.313266634742E-04  2.535532786613E-06 -2.076153234329E-05  4.795293776845E-06  4.603932508747E-02 -2.535532777260E-06  1.921274231626E-03 -1.547202230601E-19  1.938107846932E-20 -3.849953994503E-20 -1.344790494592E-03
  5.968794455535E+02  6.043794455535E+02  1.845627805525E+01 -3.001276889051E-15 -6.548955953324E-02  3.418444973894E+02  3.073659582922E-01  3.551489033098E-01 -2.505822862917E-01 -1.460732637676E-02 -1.299521188626E+00  3.068776485089E+00 -1.929729952972E-02  3.193846296077E-02 -1.264116343108E-02 -2.152119504042E-02 -1.056973643982E-03  7.799241533657E-07 -1.960277230083E-05  1.123373713477E-05  4.660703563031E-02 -7.799241025480E-07  2.849392002978E-03 -1.188367420439E-19  1.645869395353E-20 -6.097907737185E-20 -1.341526884087E-03
  6.118794455535E+02  6.193794455535E+02  1.849880437181E+01 -1.075738456646E-15 -6.262073500919E-02  3.433847139668E+02  3.018818370722E-01  3.478831654768E-01 -2.448664892091E-01 -1.447011844692E-02 -1.253924402873E+00  3.050921146111E+00 -1.886536046805E-02  3.179990277811E-02 -1.293454231031E-02 -2.125147758919E-02 -8.972008346802E-04 -8.445154286922E-06 -1.410587785093E-05  9.255441604724E-07  4.395954817940E-02  8.445154255955E-06  2.879904169251E-03 -1.118700857214E-19  7.202224690237E-21 -6.587352986120E-20 -1.307043331352E-03
  6.268794455535E+02  6.343794455535E+02  1.853871834900E+01  1.888648381206E-15 -6.008474482853E-02  3.448270979525E+02  2.964048219508E-01  3.441854116787E-01 -2.381893635233E-01 -1.384720682867E-02 -1.214323589472E+00  3.037741977964E+00 -1.841790774583E-02  3.153773300531E-02 -1.311982525895E-02 -2.071764595221E-02 -1.206775421206E-03 -2.007688821225E-05 -9.071455527575E-06  1.915557261455E-05  4.424934658974E-02  2.007688818231E-05  2.905028306725E-03 -1.381057709791E-19  9.927972352041E-21 -6.332127250248E-20 -1.311392562559E-03
  6.418794455535E+02  6.493794455535E+02  1.858180689402E+01  1.500421604091E-15 -5.717574340888E-02  3.463799175783E+02  2.916730356735E-01  3.429422421025E-01 -2.310949666244E-01 -1.358319652644E-02 -1.161493691798E+00  3.031529760343E+00 -1.812204731764E-02  3.139959655919E-02 -1.327754924138E-02 -2.118591190909E-02 -8.684573809471E-04 -1.270687709749E-05 -8.063925563260E-06  2.277163906250E-05  4.357864677541E-02  1.270687708083E-05  1.418076776020E-03 -1.104119449087E-19  1.843358266399E-20 -8.470544416935E-20 -1.301990416280E-03
  6.568794455535E+02  6.643794455535E+02  1.862040912448E+01  2.421346687968E-15 -5.742792746298E-02  3.477717155773E+02  2.870450928684E-01  3.341837321793E-01 -2.236346385758E-01 -1.287753059086E-02 -1.163697851806E+00  2.993275779381E+00 -1.762658026144E-02  3.069597822531E-02 -1.306939796460E-02 -2.029053321720E-02 -2.402941979149E-04  3.821154854140E-06 -8.298818987560E-06  1.299816731290E-05  4.366663239712E-02 -3.821154826404E-06  2.330971963449E-03 -1.139086298292E-19  1.151741393394E-20 -6.728502298119E-20 -1.265505956364E-03
  6.718794455535E+02  6.793794455535E+02  1.866366228769E+01  6.024194742586E-15 -5.279836782414E-02  3.493467282305E+02  2.815604563365E-01  3.268579282192E-01 -2.155441420729E-01 -1.265792974853E-02 -1.077212016203E+00  2.975732475699E+00 -1.793603549770E-02  3.077676267042E-02 -1.284072717270E-02 -2.078897700901E-02 -1.427631535230E-03  1.300433750532E-05 -7.072816599065E-06  1.202125673488E-05  4.583438031033E-02 -1.300433747759E-05  2.973840260693E-03 -9.359389107209E-20  2.701599247184E-20 -7.062079139987E-20 -1.330305137394E-03
  6.868794455535E+02  6.943794455535E+02  1.870636938208E+01  6.769176365273E-15 -5.184209232024E-02  3.509069413699E+02  2.759891630363E-01  3.180636261842E-01 -2.076510844795E-01 -1.172641493153E-02 -1.058985659741E+00  2.957722054708E+00 -1.752396734081E-02  3.011360277675E-02 -1.258963543558E-02 -2.123495046576E-02 -1.040800656754E-03  7.824350598165E-06 -4.707890191998E-06  7.820500500712E-06  4.494030584459E-02 -7.824350602586E-06  3.348028063943E-03 -1.214662388864E-19  1.444339511358E-20 -2.679780194805E-20 -1.293430330781E-03
  7.018794455535E+02  7.093794455535E+02  1.874792098265E+01  1.054208948146E-15 -4.653278662115E-02  3.524278056896E+02  2.701956557715E-01  3.052350354585E-01 -1.989530303262E-01 -1.163550598994E-02 -9.577326842819E-01  2.924536726549E+00 -1.716601415246E-02  2.905065726872E-02 -1.188464311563E-02 -2.025933146144E-02 -2.333646722044E-03  1.239302182424E-05 -2.432429449969E-06 -7.361614231743E-06  4.650968803012E-02 -1.239302191480E-05  6.697984705225E-03 -8.489723748063E-20  1.892994684877E-20 -4.830054983598E-20 -1.294499454609E-03
  7.168794455535E+02  7.243794455535E+02  1.879357256845E+01 -3.444550923428E-15 -3.929563673644E-02  3.540984344671E+02  2.642711228510E-01  2.941650569404E-01 -1.903965190871E-01 -1.052790727250E-02 -8.184158607455E-01  2.893736325485E+00 -1.644518534066E-02  2.860993851271E-02 -1.216475317242E-02 -2.121272373599E-02 -2.863485686757E-03  9.038193020240E-06  3.145356387102E-06 -1.233034246049E-05  4.631384102493E-02 -9.038193021693E-06  6.877075397814E-03 -1.313060298179E-19  1.801161838355E-20 -4.299037191391E-20 -1.288338831244E-03
  7.318794455535E+02  7.393794455535E+02  1.883479831883E+01 -4.562602321419E-15 -3.363821600367E-02  3.556159564573E+02  2.587382841272E-01  2.847036041633E-01 -1.810760752680E-01 -1.032143412682E-02 -7.080440435842E-01  2.850749714398E+00 -1.600335876872E-02  2.770125650952E-02 -1.169789774003E-02 -1.976224892054E-02 -1.832929650848E-03  1.354657435830E-05  8.956263771142E-06 -5.838193551336E-06  4.383933735732E-02 -1.354657434614E-05  5.397315190607E-03 -8.906213106028E-20  6.915289601286E-22 -4.145114163601E-20 -1.206726963043E-03
  7.468794455535E+02  7.543794455535E+02  1.887580046034E+01 -3.959016852776E-15 -2.916675452274E-02  3.571253745501E+02  2.533061519652E-01  2.761508632282E-01 -1.716070205820E-01 -8.868006695008E-03 -6.213957894244E-01  2.797668441703E+00 -1.571775755963E-02  2.635479765195E-02 -1.063704009304E-02 -1.866799567900E-02 -1.182256685392E-03  1.148256266489E-05  9.804442800660E-06 -3.906732737222E-06  3.975146871081E-02 -1.148256264520E-05  3.879053251412E-03 -1.191212994568E-19  2.504679253933E-20 -5.808506256410E-20 -1.102448786793E-03
  7.618794455535E+02  7.693794455535E+02  1.890932045727E+01 -6.903731059049E-16 -2.631728511332E-02  3.583563319117E+02  2.470360262266E-01  2.686297754067E-01 -1.620148826135E-01 -8.502656236058E-03 -5.645396564077E-01  2.737129383693E+00 -1.523414585199E-02  2.548890610200E-02 -1.025476025085E-02 -1.642145627947E-02 -8.369197470903E-04  2.478685656403E-06  9.611961501910E-06 -2.054677394652E-05  3.569930844572E-02 -2.478685688863E-06  3.044702052565E-03 -1.142518785393E-19  1.642119247820E-20 -4.892942914161E-20 -9.858117472322E-04
  7.768794455535E+02  7.843794455535E+02  1.894269871676E+01  3.084111091511E-15 -2.340413465978E-02  3.595902830210E+02  2.397461088288E-01  2.593334151005E-01 -1.526607445063E-01 -7.593250371131E-03 -5.062996631910E-01  2.708739050326E+00 -1.500214627956E-02  2.481506505012E-02 -9.812918770653E-03 -1.536588707806E-02 -8.515426144357E-04  5.355560171843E-06  7.820731087621E-06 -1.449967534430E-05  3.327030769254E-02 -5.355560167625E-06  4.692739637725E-03 -1.360517405134E-19  1.675514976199E-21 -5.445286960893E-20 -9.048139971002E-04
  7.918794455535E+02  7.993794455535E+02  1.897166702221E+01  8.506399866900E-15 -1.751840294481E-02  3.606533438220E+02  2.315427676376E-01  2.524877568609E-01 -1.427406960016E-01 -7.080162041655E-03 -3.886459181371E-01  2.681329781720E+00 -1.448319797154E-02  2.453650489558E-02 -1.005330692394E-02 -1.391386004313E-02 -7.606756386918E-04 -1.963523498402E-06  2.766799253593E-06 -9.635882501520E-06  3.287557120342E-02  1.963523593722E-06  4.440966971406E-03 -1.228291821612E-19  3.084969593479E-20 -2.836846906279E-20 -9.047233515121E-04
  8.068794455535E+02  8.143794455535E+02  1.900431759580E+01  1.391052030508E-14 -1.507235853437E-02  3.618598760500E+02  2.222239187234E-01  2.462825096364E-01 -1.333381767701E-01 -6.194184958821E-03 -3.362677932688E-01  2.654758442440E+00 -1.415276610082E-02  2.457750535809E-02 -1.042473925727E-02 -1.484946614863E-02  2.194757644396E-04 -1.048146228646E-05 -7.913029148043E-07 -9.570388783570E-06  3.003782698923E-02  1.048146231299E-05  1.396792129856E-03 -1.015923691163E-19  3.219265668316E-20 -3.177521302788E-20 -8.627812667441E-04
  8.218794455535E+02  8.293794455535E+02  1.902795420650E+01  1.468541434291E-14 -1.487500464640E-02  3.627233750255E+02  2.130573759956E-01  2.450986445929E-01 -1.232299069468E-01 -5.449414112312E-03 -3.336734284412E-01  2.614070677038E+00 -1.403977456025E-02  2.406505078463E-02 -1.002527622390E-02 -1.257051784468E-02  3.771754654912E-04 -9.032174723999E-06  1.572779993313E-06 -1.172396380411E-05  2.511558150301E-02  9.032174740274E-06 -1.103570237525E-03 -1.062250926238E-19  2.860659615695E-20 -3.849270098377E-20 -7.659428036650E-04
  8.368794455535E+02  8.443794455535E+02  1.905138280285E+01  1.725873148099E-14 -1.716422192657E-02  3.635812137626E+02  2.036644211032E-01  2.430280887278E-01 -1.134751626241E-01 -4.705560527764E-03 -3.786977086788E-01  2.576866654651E+00 -1.340112427364E-02  2.289375693331E-02 -9.492632659650E-03 -1.205260323624E-02  8.930972521846E-04 -9.554508178960E-07  4.389305670309E-06 -1.409404695116E-05  2.240472595442E-02  9.554508278169E-07 -1.595547860295E-03 -1.170406672214E-19  1.681268942541E-20 -2.866226495347E-20 -7.000478929432E-04
  8.518794455535E+02  8.593794455535E+02  1.906996965017E+01  2.445572506079E-14 -1.789520846011E-02  3.642631514529E+02  1.928526222430E-01  2.418344979171E-01 -1.032660726753E-01 -4.161762514821E-03 -3.962833490286E-01  2.520894878344E+00 -1.326162079572E-02  2.216333069673E-02 -8.901709900886E-03 -1.007775247066E-02  7.181693418556E-04  7.279448860237E-06  2.005892776094E-06 -3.912218614929E-06  1.879439757412E-02 -7.279448835821E-06 -3.938537548748E-03 -7.628892624189E-20  1.638962343507E-20 -2.655339680713E-20 -5.822081285935E-04
  8.668794455535E+02  8.743794455535E+02  1.908661480055E+01  2.867888970285E-14 -2.453067868340E-02  3.648768306321E+02  1.804380641993E-01  2.394692785632E-01 -9.317321410533E-02 -3.757726965100E-03 -5.248237706860E-01  2.484255044196E+00 -1.323226355240E-02  2.202437014688E-02 -8.792106594685E-03 -8.762512095236E-03  2.186172506829E-03  4.260269551215E-06 -1.558176124339E-06  6.073057063223E-06  1.685795622393E-02 -4.260269646605E-06 -3.992123455053E-03 -9.728746552940E-20 -1.742146119204E-21 -3.552650038036E-21 -5.104722417634E-04
  8.818794455535E+02  8.893794455535E+02  1.910155261721E+01  2.696224724967E-14 -2.531979974957E-02  3.654293975309E+02  1.663386308572E-01  2.367135840929E-01 -8.265912688643E-02 -3.330800635150E-03 -5.396934890837E-01  2.474853973725E+00 -1.337545021855E-02  2.192794023294E-02 -8.552490014565E-03 -7.801530612364E-03  9.033376934901E-04  4.147908065081E-06 -4.144635814487E-06  1.562650872725E-05  1.626805758021E-02 -4.147908053789E-06  4.058908665326E-05 -9.590820955019E-20  5.725797522096E-21 -2.442952016914E-20 -4.900307719307E-04
  8.968794455535E+02  9.043794455535E+02  1.911709003651E+01  2.170997698743E-14 -2.440753379673E-02  3.659965537312E+02  1.506879186348E-01  2.404890307560E-01 -7.198404742744E-02 -3.073974315837E-03 -5.226030009272E-01  2.411608146011E+00 -1.308442734638E-02  2.123710615623E-02 -8.152678809705E-03 -7.643738777931E-03  4.661262915108E-04  2.725868656938E-06 -6.360822174599E-06  1.883706663023E-05  1.547935724923E-02 -2.725868727791E-06  1.976142216916E-03 -9.191661546522E-20 -4.216631280807E-21 -1.195298818093E-20 -4.320292698502E-04
  9.118794455535E+02  9.193794455535E+02  1.913054065240E+01  1.692533179581E-14 -2.158918890743E-02  3.664952097904E+02  1.338729458659E-01  2.421843370927E-01 -6.133711582669E-02 -2.487728309013E-03 -4.719790875830E-01  2.354581550585E+00 -1.282099006696E-02  2.052427097570E-02 -7.703280908769E-03 -6.314942141022E-03  9.387825509822E-06  1.974214682099E-06 -6.571772750193E-06  1.370984752017E-05  1.233836855407E-02 -1.974214696477E-06  3.883818130438E-03 -8.100237767688E-20 -4.546394133127E-21  8.901739837509E-21 -3.557994582212E-04
  9.268794455535E+02  9.343794455535E+02  1.914019499688E+01  1.674341163401E-14 -1.713368874184E-02  3.668519553896E+02  1.157318363308E-01  2.458999473145E-01 -5.052237597007E-02 -2.076203952182E-03 -3.857827822264E-01  2.295051148045E+00 -1.220050382203E-02  1.945561869372E-02 -7.255114871791E-03 -5.100820173567E-03 -9.072551142382E-04 -3.378969426249E-06 -3.163327792957E-06  6.476338800051E-06  1.206515876093E-02  3.378969463113E-06  5.217965817694E-03 -8.192061596553E-20 -3.160569494079E-21 -1.357472644529E-20 -3.111283597463E-04
  9.418794455535E+02  9.493794455535E+02  1.915316528901E+01  1.597705619425E-14 -1.184231239682E-02  3.673373938419E+02  9.537111884554E-02  2.571973253108E-01 -3.978251850798E-02 -1.605464126349E-03 -2.859396447292E-01  2.278612219599E+00 -1.179227452009E-02  1.887842779781E-02 -7.086153277880E-03 -5.073995541627E-03 -1.140311031201E-03 -1.905654434704E-06 -2.565718657397E-07  8.821257243680E-06  1.368917612672E-02  1.905654458560E-06  4.106229598740E-03 -7.640824352930E-20  4.410068490517E-21 -1.280721544903E-20 -3.190182765845E-04
  9.568794455535E+02  9.643794455535E+02  1.916585902942E+01  1.023220989998E-14 -9.449091209260E-03  3.678068884088E+02  7.207980318063E-02  2.745856639979E-01 -2.861239270876E-02 -1.207054307874E-03 -2.455103959441E-01  2.285539766946E+00 -1.111356496653E-02  1.814029388960E-02 -7.026728923410E-03 -5.245131232445E-03 -7.034732939058E-04 -3.732558804078E-06 -7.596387558395E-07  1.821439033089E-05  1.555133434874E-02  3.732558768930E-06  3.226001082033E-03 -7.467465336125E-20  1.079668682434E-20  2.393580526627E-20 -3.666331643791E-04
  9.718794455535E+02  9.793794455535E+02  1.918229624648E+01  3.457134390682E-15 -5.782435143592E-03  3.684274580405E+02  4.420502563993E-02  2.954827336567E-01 -1.716083667407E-02 -9.223807300158E-04 -1.769143089071E-01  2.429422362334E+00 -1.135602989861E-02  2.007578951497E-02 -8.719759616619E-03 -6.770363176174E-03 -7.602908653537E-04 -1.451527910414E-06 -1.142084973337E-06  9.338612774060E-06  2.769921683906E-02  1.451527908341E-06  1.842319969156E-03 -5.679423925014E-20  2.627976319019E-21  6.172743735251E-20 -6.126510108671E-04
  9.868794455535E+02  9.943794455535E+02  1.921779171085E+01  1.934762029407E-16 -5.971390647606E-03  3.698010566112E+02  9.029144898231E-03  3.387064882324E-01 -5.189437514618E-03 -1.707573833745E-04 -1.802619414078E-01  2.493357722947E+00 -1.378469664934E-02  2.309471151151E-02 -9.310014862048E-03 -1.176143350285E-02  1.957584428288E-04 -3.493634643105E-08 -3.325895557331E-07  5.596955031419E-06  1.892625699483E-02  3.493633885648E-08 -1.062197286755E-04 -5.040823808362E-20 -3.749090014294E-21  2.102530725085E-20 -3.590767494465E-04
