                   y                  ym                   U                   V                   W                 U^2                 V^2                 W^2                  UV                  VW                  UW                VISC               SFSxx               SFSyy               SFSzz               SFSxy               SFSyz                dUdX                dVdX                dWdX                dUdY                dVdY                dWdY                dUdZ                dVdZ                dWdZ              SFSxym
 -4.000000000000E+00 -2.000000000000E+00  0.000000000000E+00  0.000000000000E+00  0.000000000000E+00  0.000000000000E+00  0.000000000000E+00  0.000000000000E+00  0.000000000000E+00  0.000000000000E+00  0.000000000000E+00  0.000000000000E+00  0.000000000000E+00  0.000000000000E+00  0.000000000000E+00  0.000000000000E+00  0.000000000000E+00  0.000000000000E+00  0.000000000000E+00  0.000000000000E+00  0.000000000000E+00  0.000000000000E+00  0.000000000000E+00  0.000000000000E+00  0.000000000000E+00  0.000000000000E+00  0.000000000000E+00
  2.220446049250E-16  2.000000000000E+00  6.899587244797E+00 -2.442412663899E-15 -1.430793409944E-01  5.066785577420E+01  7.585638656060E-02  1.039287581731E+00 -2.348405870925E-01 -2.404796500071E-03 -9.908808381387E-01  2.635843986811E+00 -5.211036584483E-03  3.012386081594E-02 -2.491282423283E-02 -9.616444012970E+00  1.360968238880E-01 -1.836331714882E-03 -1.705826705516E-04 -1.047064539597E-06  3.334012743497E+01  1.836331714821E-03 -6.007829602949E-01  7.819557373037E-20 -1.029861116391E-21  1.820637073951E-20 -5.728410868875E-02
  4.000000000000E+00  6.000000000000E+00  9.771499576328E+00 -6.101449749087E-15 -1.572459255896E-01  1.004797016922E+02  3.168454358006E-01  1.357981232528E+00 -5.940522051495E-01 -1.774590508542E-03 -1.546165112629E+00  7.431148232550E+00  6.763119129606E-01 -4.637450772014E-01 -2.125668357394E-01 -3.556786302595E+00 -2.365754952956E-02  5.090275839633E-04 -2.921740031813E-04  8.805212896184E-05  7.337373266705E+00 -5.090275841043E-04 -2.371152755941E-02  1.652151496049E-21 -7.386847210442E-21  3.627951118871E-20 -2.110341184581E-01
  8.000000000000E+00  1.000000000000E+01  1.056743206481E+01 -8.587740472447E-15 -1.547696516826E-01  1.158121414973E+02  4.377345342218E-01  1.341752519744E+00 -5.670749197200E-01 -2.108574762896E-03 -1.635201851416E+00  8.213508326327E+00  2.986743638670E-01 -6.237570631878E-01  3.250826993154E-01 -1.466905982819E+00 -6.068342893930E-02  3.257189270096E-04 -1.818710898716E-04  1.678995982055E-05  3.081514118219E+00 -3.257189269929E-04  1.346699665840E-02  1.271967525487E-19  2.812816132296E-21  1.520529606828E-19 -8.938328174907E-02
  1.200000000000E+01  1.400000000000E+01  1.131134833580E+01 -1.070570035978E-14 -1.506173225996E-01  1.320763769503E+02  5.089565641293E-01  1.342180201596E+00 -6.255216268630E-01 -1.604402883296E-03 -1.696995883051E+00  8.151124284002E+00  2.801492240491E-01 -5.803711001943E-01  3.002218761418E-01 -1.412345381237E+00 -7.829612799097E-03  2.094702502494E-04 -8.276029806831E-05  3.093236497586E-05  2.513970289933E+00 -2.094702505593E-04  1.763369386857E-02  9.060457892740E-20 -3.967771463669E-21  1.665560762040E-19 -7.561035006426E-02
  1.600000000000E+01  1.800000000000E+01  1.182476152867E+01 -7.040696440216E-15 -1.459771842391E-01  1.437683909532E+02  5.594876486270E-01  1.337794632294E+00 -6.260355155898E-01 -1.974618604322E-03 -1.712982788516E+00  7.736614540395E+00  2.313080791238E-01 -5.338946281038E-01  3.025865489838E-01 -9.860768748977E-01 -7.195203406798E-03  2.132583487237E-04 -4.020426866422E-05 -5.874349599971E-05  1.907584370206E+00 -2.132583486305E-04  1.589466631402E-02  9.116338065801E-20 -1.314170695180E-20  2.090618794360E-19 -5.648907881003E-02
  2.000000000000E+01  2.200000000000E+01  1.226572222883E+01  2.659143883097E-15 -1.427200066857E-01  1.543228669584E+02  5.996854344629E-01  1.340796429665E+00 -6.434318635431E-01 -1.969233901187E-03 -1.731858084001E+00  7.432629705826E+00  2.050211271317E-01 -4.912129099762E-01  2.861917828391E-01 -8.344742944928E-01 -5.834620331146E-03  1.327740790524E-04 -3.906876580842E-05 -2.087380951678E-05  1.588481137271E+00 -1.327740792367E-04  1.074190569222E-02  9.227004379450E-21 -6.832662126409E-21  1.929179756885E-19 -4.693211285864E-02
  2.400000000000E+01  2.600000000000E+01  1.261894266675E+01  1.218094982519E-14 -1.407003121263E-01  1.630297888360E+02  6.323058482164E-01  1.340477226067E+00 -6.458082862590E-01 -2.145358102883E-03 -1.750037316504E+00  7.109221680744E+00  1.778568111172E-01 -4.507034350834E-01  2.728466239649E-01 -6.683499640293E-01 -4.282223005728E-03  1.207497304204E-04 -3.779255012360E-05  3.555743012954E-05  1.330567548881E+00 -1.207497302599E-04  4.443427651965E-03  1.088452407635E-20  1.060457754955E-20  2.393865174462E-19 -3.887529564630E-02
  2.800000000000E+01  3.000000000000E+01  1.293062642466E+01  2.314112555370E-14 -1.404765231659E-01  1.709520023785E+02  6.587252314899E-01  1.343001934609E+00 -6.525769088605E-01 -2.314559202031E-03 -1.783192946443E+00  6.837007572983E+00  1.576991437021E-01 -4.156545511583E-01  2.579554074625E-01 -5.802514080500E-01 -1.908576063779E-03  1.103926838659E-04 -2.250404304926E-05 -1.683991434112E-05  1.162038113160E+00 -1.103926840283E-04  8.507523204793E-04  7.328620572506E-21 -1.091804475572E-20  2.045777075083E-19 -3.374005020355E-02
  3.200000000000E+01  3.400000000000E+01  1.319993725307E+01  3.753852832961E-14 -1.402200072857E-01  1.779483067665E+02  6.801354037962E-01  1.344588581114E+00 -6.539429587585E-01 -2.144916978123E-03 -1.813524393516E+00  6.571798800315E+00  1.410316264021E-01 -3.846358015781E-01  2.436041751678E-01 -4.994346817176E-01 -1.221372287471E-03  3.368626114853E-05 -7.637003412581E-06 -9.652023757996E-05  1.026556333786E+00 -3.368626074602E-05  2.648522948288E-03 -7.936629325441E-21 -3.745891020521E-20  2.587259113995E-19 -2.955198494124E-02
  3.600000000000E+01  3.800000000000E+01  1.344411465023E+01  5.186706923330E-14 -1.393232783559E-01  1.844323926474E+02  6.972026971778E-01  1.346411876589E+00 -6.567932204730E-01 -2.266875147121E-03 -1.831020683164E+00  6.346276661283E+00  1.282767675137E-01 -3.593783795246E-01  2.311016120141E-01 -4.472984183806E-01 -1.570623194759E-03  1.674616999663E-05 -2.417843172892E-06 -1.480328042135E-05  9.267546285076E-01 -1.674617012194E-05  2.339319308040E-03  1.253962820498E-20 -3.165007394545E-20  2.097321278516E-19 -2.644269117425E-02
  4.000000000000E+01  4.200000000000E+01  1.366334174579E+01  6.306745237450E-14 -1.389312728630E-01  1.903548312652E+02  7.103840774109E-01  1.349908929822E+00 -6.574529154793E-01 -2.196227423756E-03 -1.853287826773E+00  6.145979754854E+00  1.170472508277E-01 -3.383806505604E-01  2.213333997345E-01 -3.996827591586E-01 -8.640897062772E-04 -8.964676976176E-06 -5.473954113467E-07  5.520183111872E-05  8.397663780386E-01  8.964677340404E-06  1.916836376032E-03  1.910619897804E-20 -2.195783046224E-20  1.767313484641E-19 -2.377631095978E-02
  4.400000000000E+01  4.600000000000E+01  1.386414687231E+01  6.909440568882E-14 -1.380055596657E-01  1.958690428882E+02  7.205402553302E-01  1.353171432866E+00 -6.586462096368E-01 -2.126561795743E-03 -1.863845316984E+00  5.951997479745E+00  1.070382614687E-01 -3.185461681724E-01  2.115079067072E-01 -3.617800980733E-01 -2.585597635860E-03  6.267710360673E-06 -1.871549337148E-06 -6.949453678929E-06  7.713873084119E-01 -6.267710404947E-06  4.168914903629E-03  9.999790034408E-21  3.678831702920E-20  2.114082738780E-19 -2.160781032708E-02
  4.800000000000E+01  5.000000000000E+01  1.404903076080E+01  7.659412485049E-14 -1.369273000733E-01  2.010163434799E+02  7.285092207732E-01  1.353870750907E+00 -6.589296947558E-01 -2.226905385259E-03 -1.869221399192E+00  5.773825930269E+00  9.805631813501E-02 -3.000616044011E-01  2.020052862668E-01 -3.299011496860E-01 -2.692380437844E-03 -4.348924004996E-05 -2.781867056128E-06 -3.576201879898E-05  7.147813558131E-01  4.348924006618E-05  5.401725811265E-03  2.648104078731E-21  1.335927731176E-20  2.405886910651E-19 -1.973558152556E-02
  5.200000000000E+01  5.400000000000E+01  1.422130417672E+01  8.993231304331E-14 -1.356155735254E-01  2.058735430451E+02  7.347272678905E-01  1.352512659483E+00 -6.593518766654E-01 -2.340212505585E-03 -1.868795047445E+00  5.608853053932E+00  9.083804160260E-02 -2.839519531998E-01  1.931139115861E-01 -3.032686892952E-01 -2.143101872550E-03 -4.509056441296E-06  3.142674503541E-06  1.312177918395E-05  6.645261329764E-01  4.509056812978E-06  4.930159386318E-03  1.601081838437E-20 -1.295381452602E-20  2.173359845894E-19 -1.818425319181E-02
  5.600000000000E+01  5.800000000000E+01  1.438141658300E+01  1.019081962914E-13 -1.346261679184E-01  2.104366985517E+02  7.393664561769E-01  1.350505998016E+00 -6.591140990009E-01 -2.409124014431E-03 -1.871686480084E+00  5.458307082633E+00  8.511803389909E-02 -2.702374922630E-01  1.851194583622E-01 -2.793884909018E-01 -1.520952209557E-03  5.422588271711E-05  5.719705109734E-06 -7.351475196891E-06  6.201217346474E-01 -5.422588275533E-05  3.207261147392E-03 -7.100854691548E-20 -1.656157269129E-20  2.314202795798E-19 -1.686539848308E-02
  6.000000000000E+01  6.200000000000E+01  1.453157591476E+01  1.056690551032E-13 -1.340746052122E-01  2.147610398572E+02  7.427900710675E-01  1.347772482901E+00 -6.590936603444E-01 -2.569387928676E-03 -1.882001745905E+00  5.329598321696E+00  8.085898147515E-02 -2.583472311731E-01  1.774882497020E-01 -2.601537699821E-01 -6.759031137891E-04  5.596006865691E-05  5.095567894397E-06 -8.046893033517E-06  5.832792532312E-01 -5.596006921004E-05  1.888750905592E-03 -3.535615697801E-21 -3.743460852328E-20  1.562578490478E-19 -1.571848246938E-02
  6.400000000000E+01  6.600000000000E+01  1.467298493549E+01  1.086744218920E-13 -1.337838835886E-01  2.188734924506E+02  7.454206100486E-01  1.342330354460E+00 -6.586923638905E-01 -2.577860606369E-03 -1.895839593839E+00  5.199829475820E+00  7.557529017413E-02 -2.464408639612E-01  1.708655737871E-01 -2.431445670599E-01 -6.082168996263E-04 -6.228742608669E-05  9.413880530622E-06 -2.742557790470E-05  5.495112415810E-01  6.228742597562E-05  3.116592923988E-03  3.969417148912E-21  2.912826113027E-20  1.450089722092E-19 -1.466574318250E-02
  6.800000000000E+01  7.000000000000E+01  1.480610749058E+01  1.152483236159E-13 -1.327279329916E-01  2.227816561153E+02  7.474429006454E-01  1.334458775246E+00 -6.584332576700E-01 -2.716914048965E-03 -1.897054522545E+00  5.073411917374E+00  6.987875449750E-02 -2.350320887324E-01  1.651533342314E-01 -2.266138940884E-01 -1.095585069432E-03 -5.900589813242E-05  1.928947756392E-05 -6.229154394138E-05  5.186842702670E-01  5.900589823590E-05  2.510779456466E-03  1.282189059494E-21 -2.726106798137E-20  1.752776911012E-19 -1.370895326436E-02
  7.200000000000E+01  7.400000000000E+01  1.493232934483E+01  1.263020284424E-13 -1.326406336408E-01  2.265185709926E+02  7.488991898209E-01  1.325540469323E+00 -6.578693085634E-01 -2.866099875247E-03 -1.914246533350E+00  4.957398587344E+00  6.577206659517E-02 -2.251364216463E-01  1.593643550516E-01 -2.119541399569E-01  2.295307278707E-04  9.272060389959E-06  2.897942328543E-05 -6.176519717235E-06  4.897230940889E-01 -9.272060397020E-06  1.790320529250E-04 -3.989910256676E-20 -5.461312690828E-20  1.518132129495E-19 -1.284572994853E-02
  7.600000000000E+01  7.800000000000E+01  1.505126627795E+01  1.451942738493E-13 -1.323802113249E-01  2.300659196531E+02  7.497970926505E-01  1.315006982738E+00 -6.575019851291E-01 -2.926737742714E-03 -1.929375153826E+00  4.842666307298E+00  6.244804006651E-02 -2.154735354731E-01  1.530254954069E-01 -1.988854150305E-01  6.531210391039E-04  3.500424593788E-06  2.825093841898E-05  8.375913289263E-05  4.631227661104E-01 -3.500424222993E-06  3.981409249247E-05 -5.944615076818E-21  3.424838275074E-21  1.406980631551E-19 -1.206683874995E-02
  8.000000000000E+01  8.200000000000E+01  1.516396698022E+01  1.566604404072E-13 -1.323721615520E-01  2.334513961578E+02  7.499438058117E-01  1.303648009289E+00 -6.567001438432E-01 -3.077990492369E-03 -1.946769989995E+00  4.739440681443E+00  5.874709760997E-02 -2.066075869765E-01  1.478604893684E-01 -1.873816642897E-01  3.306098117878E-04  1.329688210740E-05  2.212783117427E-05  7.525699665556E-05  4.405763943885E-01 -1.329688240693E-05 -6.973256076173E-04 -7.394973399002E-20 -1.376010461713E-20  1.857592090952E-19 -1.137174161888E-02
  8.400000000000E+01  8.600000000000E+01  1.527142443076E+01  1.692222415436E-13 -1.327630365543E-01  2.367041162667E+02  7.493454939897E-01  1.292533175267E+00 -6.562816510301E-01 -3.212297784386E-03 -1.968081375897E+00  4.648369240714E+00  5.567153791906E-02 -1.992736586154E-01  1.436021206928E-01 -1.770503150047E-01  4.747972689739E-04 -1.796337076169E-06  2.153755778329E-05  1.867097353699E-06  4.205901296631E-01  1.796337299122E-06 -1.944110597538E-03  1.534654475709E-21 -1.787395772279E-20  1.416171480098E-19 -1.077513227147E-02
  8.800000000000E+01  9.000000000000E+01  1.537427902930E+01  1.969655376299E-13 -1.334259590371E-01  2.398352895888E+02  7.485685251973E-01  1.281233475521E+00 -6.553911420448E-01 -3.234778549960E-03 -1.993468645939E+00  4.553827540843E+00  5.220022608577E-02 -1.917168933492E-01  1.395166672620E-01 -1.676466316149E-01  1.324352983179E-03  4.680449339107E-05  2.204298892004E-05 -1.195219903475E-05  4.029376353154E-01 -4.680449339595E-05 -2.301932395786E-03  8.954750864981E-21 -2.177085329877E-20  1.505971561131E-19 -1.019650805296E-02
  9.200000000000E+01  9.400000000000E+01  1.547304134694E+01  2.139924921291E-13 -1.339188313482E-01  2.428651056219E+02  7.478023294978E-01  1.269045799440E+00 -6.548725109831E-01 -3.200324922696E-03 -2.015745295302E+00  4.462223200899E+00  4.973866436712E-02 -1.844862045998E-01  1.347475402325E-01 -1.589363027043E-01  1.065265952634E-03 -5.616642724973E-06  1.676255387981E-05  6.631815741672E-05  3.864540141686E-01  5.616642936075E-06 -4.013251928526E-03 -7.735933150400E-20 -5.532988136647E-21  1.751514975005E-19 -9.665554175048E-03
  9.600000000000E+01  9.800000000000E+01  1.556759323133E+01  2.214293650058E-13 -1.353489781193E-01  2.457812773941E+02  7.469386738124E-01  1.257002934001E+00 -6.540985791466E-01 -3.349056060899E-03 -2.053433485896E+00  4.376983108682E+00  4.772308172039E-02 -1.781427889640E-01  1.304197072439E-01 -1.503381946520E-01  1.971057344093E-03 -2.908241756531E-05  9.547788050268E-06  5.989699386488E-05  3.697465162401E-01  2.908241752636E-05 -7.729611883210E-03 -2.697767920384E-20 -1.204199538927E-20  1.779223377468E-19 -9.136523147975E-03
  1.000000000000E+02  1.020000000000E+02  1.565784003181E+01  2.418298767256E-13 -1.377528983753E-01  2.485799398453E+02  7.459526695286E-01  1.245956492298E+00 -6.534459822245E-01 -3.328842210711E-03 -2.106482997986E+00  4.297286017478E+00  4.586709146789E-02 -1.721763043120E-01  1.263092128423E-01 -1.423394068902E-01  2.690327591837E-03 -1.715956443807E-06  6.857610499551E-06 -8.479239562331E-07  3.526270620672E-01  1.715956651905E-06 -9.392872039848E-03 -3.876886098820E-20 -2.549686631033E-21  2.110535508543E-19 -8.642821022006E-03
  1.040000000000E+02  1.060000000000E+02  1.574382383048E+01  2.513280723584E-13 -1.400122413203E-01  2.512579025567E+02  7.448259853649E-01  1.234859672235E+00 -6.526786909220E-01 -3.299303101761E-03 -2.157632001951E+00  4.215800578998E+00  4.306579513768E-02 -1.662536058112E-01  1.231878106695E-01 -1.342193324118E-01  2.584304956921E-03  4.021246103581E-05  5.159177538978E-06  6.369493809476E-06  3.348660503339E-01 -4.021246118418E-05 -7.925315838451E-03 -9.357180552348E-20 -8.725119671912E-21  1.027316707515E-19 -8.136418845149E-03
  1.080000000000E+02  1.100000000000E+02  1.582528382430E+01  2.455608517452E-13 -1.416501419344E-01  2.538079224233E+02  7.435570103333E-01  1.223340238205E+00 -6.518298710005E-01 -3.210469421420E-03 -2.198388217293E+00  4.142490559724E+00  4.073529717918E-02 -1.610289707476E-01  1.202936735666E-01 -1.264948442668E-01  2.363447345146E-03  2.769719248873E-06 -7.943454716828E-08 -1.498367034596E-05  3.185347905244E-01 -2.769719094770E-06 -5.997301575564E-03 -6.206158178049E-21  1.155946894038E-20  5.628612079657E-20 -7.688387336956E-03
  1.120000000000E+02  1.140000000000E+02  1.590311617997E+01  2.501658186160E-13 -1.431151939436E-01  2.562558112233E+02  7.421849415081E-01  1.210789090058E+00 -6.510512321215E-01 -3.132411678580E-03 -2.236176240548E+00  4.073474969257E+00  3.899288928125E-02 -1.560698086163E-01  1.170769193354E-01 -1.199645767404E-01  2.071534994215E-03 -2.632284843320E-05 -4.213923504914E-06 -1.990075376484E-05  3.033832591998E-01  2.632284826632E-05 -6.177947113723E-03 -2.384802787521E-22 -2.377985718855E-20  1.075229736929E-19 -7.289919124174E-03
  1.160000000000E+02  1.180000000000E+02  1.597699600885E+01  2.525004424297E-13 -1.447719629594E-01  2.585889710768E+02  7.407779906651E-01  1.198325629158E+00 -6.500776064446E-01 -3.081817330084E-03 -2.276844674758E+00  4.010176676198E+00  3.739416527902E-02 -1.518535578730E-01  1.144593925903E-01 -1.133109015132E-01  2.514578999514E-03 -3.635913844090E-06 -5.517176489824E-06  1.650793067117E-05  2.895828514345E-01  3.635914097408E-06 -7.716982677170E-03 -2.086319006461E-20  1.363688192538E-20  1.161836647708E-19 -6.926817895606E-03
  1.200000000000E+02  1.220000000000E+02  1.604782400673E+01  2.481859931689E-13 -1.468238854523E-01  2.608341641726E+02  7.394844257283E-01  1.184528097592E+00 -6.492457492319E-01 -2.969195080194E-03 -2.323723169507E+00  3.941647813018E+00  3.552545582341E-02 -1.473351333238E-01  1.118096774980E-01 -1.077903319373E-01  2.896527671212E-03  3.785923129854E-05 -5.263300707527E-06  9.376562651612E-06  2.766497191117E-01 -3.785923125834E-05 -9.357540406440E-03 -6.680568987634E-20 -2.906738450155E-20  1.220727383178E-19 -6.544021689206E-03
  1.240000000000E+02  1.260000000000E+02  1.611531124466E+01  2.528831501841E-13 -1.494639138357E-01  2.629824594117E+02  7.383141222990E-01  1.169440623321E+00 -6.483020771182E-01 -2.863798616982E-03 -2.379981741335E+00  3.873710532153E+00  3.374729564218E-02 -1.430738249146E-01  1.093265292717E-01 -1.014982387308E-01  3.199421724961E-03  2.344886325238E-05 -7.004329433963E-06  1.537928483132E-05  2.628097713633E-01 -2.344886300231E-05 -1.071740576025E-02  2.730632835942E-20 -3.677567859968E-20  6.802021240498E-20 -6.161161408486E-03
  1.280000000000E+02  1.300000000000E+02  1.617928605911E+01  2.536618149325E-13 -1.522208904576E-01  2.650260106977E+02  7.373845676799E-01  1.153568826941E+00 -6.473648112794E-01 -2.682683129430E-03 -2.437933341720E+00  3.809942225429E+00  3.207796129014E-02 -1.392048060532E-01  1.071268447633E-01 -9.578988451288E-02  2.999632773467E-03 -2.759302121172E-05 -1.084208411877E-05  2.786591594725E-05  2.495920172104E-01  2.759302082450E-05 -1.126256066122E-02 -7.469509329906E-20 -9.044856459951E-21  1.755962327250E-19 -5.821113899368E-03
  1.320000000000E+02  1.340000000000E+02  1.623995772028E+01  2.477610697623E-13 -1.550271016199E-01  2.669691778924E+02  7.367326252690E-01  1.137418723800E+00 -6.463157740067E-01 -2.511480392241E-03 -2.496528471239E+00  3.749213977815E+00  3.064298626530E-02 -1.353562716033E-01  1.047132853375E-01 -9.061749884324E-02  3.148348851978E-03 -6.393221193153E-06 -1.168734742654E-05  4.977421897584E-05  2.365341963283E-01  6.393221590542E-06 -1.110020988360E-02 -5.281256614859E-21  6.428353134587E-21  1.036883857336E-19 -5.505685730703E-03
  1.360000000000E+02  1.380000000000E+02  1.629746145204E+01  2.645515542743E-13 -1.577312359318E-01  2.688193710980E+02  7.362086553746E-01  1.121284701159E+00 -6.453050919074E-01 -2.337389557744E-03 -2.554554578422E+00  3.690098443636E+00  2.896383843098E-02 -1.315716906884E-01  1.026078522574E-01 -8.564283116234E-02  2.979978168884E-03  5.239251751766E-05 -1.396176792715E-05  6.455393094324E-05  2.242152493036E-01 -5.239251784801E-05 -1.050572592305E-02  7.817925963880E-21  1.087353950134E-21  1.178060041929E-19 -5.193714285402E-03
  1.400000000000E+02  1.420000000000E+02  1.635213758336E+01  2.874233409148E-13 -1.602772682064E-01  2.705818731779E+02  7.357149262070E-01  1.105525841660E+00 -6.441931543895E-01 -2.155732224787E-03 -2.610631369682E+00  3.633369431210E+00  2.766867631201E-02 -1.279492493228E-01  1.002805730107E-01 -8.056676599860E-02  2.847373588409E-03 -1.846771936319E-05 -2.032141249163E-05  1.697410345977E-05  2.129638218589E-01  1.846772008469E-05 -9.579525612021E-03 -2.549096065174E-20  2.076750675248E-21  1.565713499605E-19 -4.873321727687E-03
  1.440000000000E+02  1.460000000000E+02  1.640382935319E+01  2.913588074508E-13 -1.626241646305E-01  2.722522832897E+02  7.351056446705E-01  1.091115502026E+00 -6.431382015639E-01 -1.987912100697E-03 -2.664180441993E+00  3.579149298894E+00  2.637982620082E-02 -1.246608536412E-01  9.828102744107E-02 -7.587319895083E-02  2.514413822344E-03 -5.692989360266E-05 -2.228446249871E-05 -1.209489709217E-05  2.025011449652E-01  5.692989360375E-05 -9.424637361557E-03 -4.020437476476E-20  3.211054633777E-21  4.899332651505E-20 -4.603891447520E-03
  1.480000000000E+02  1.500000000000E+02  1.645327113317E+01  2.963154305258E-13 -1.651650374602E-01  2.738537359935E+02  7.344774141288E-01  1.077603711238E+00 -6.420166934854E-01 -1.835807758950E-03 -2.720883027624E+00  3.524823898673E+00  2.525698557616E-02 -1.211282216580E-01  9.587123608332E-02 -7.140313676215E-02  2.409158187567E-03  6.033755173203E-05 -2.094192076206E-05  2.217497409012E-05  1.915996336829E-01 -6.033755146113E-05 -9.392969886980E-03 -2.952773033422E-20 -2.195643313156E-20  7.112412072875E-20 -4.351419022105E-03
  1.520000000000E+02  1.540000000000E+02  1.649978991706E+01  2.998489726190E-13 -1.673782414860E-01  2.753654077307E+02  7.339776090147E-01  1.064466859485E+00 -6.408538422690E-01 -1.722472011541E-03 -2.771268754222E+00  3.476754908447E+00  2.451313575956E-02 -1.180379170028E-01  9.352478124075E-02 -6.748745727984E-02  2.290593767500E-03  6.293000983983E-05 -2.628316529052E-05  3.824521347937E-05  1.798828096715E-01 -6.293000991214E-05 -9.731280104768E-03 -1.794627995406E-20  1.000744168316E-20  9.632293462900E-20 -4.100605362456E-03
  1.560000000000E+02  1.580000000000E+02  1.654333138181E+01  2.952983049059E-13 -1.699802960150E-01  2.767837503407E+02  7.336650608549E-01  1.052976230284E+00 -6.396872587288E-01 -1.631443293940E-03 -2.827255782326E+00  3.432351993137E+00  2.398074602940E-02 -1.153684910147E-01  9.138774498609E-02 -6.361883346988E-02  2.384244018778E-03 -1.078034356612E-05 -3.584816606783E-05  1.452248019767E-05  1.700824266460E-01  1.078034371599E-05 -1.023678394240E-02  1.689803352857E-20 -2.041477459115E-20  1.108302988274E-19 -3.862858445744E-03
  1.600000000000E+02  1.620000000000E+02  1.658473110453E+01  2.943665305723E-13 -1.724931851096E-01  2.781353126526E+02  7.335741809973E-01  1.042571242193E+00 -6.384554052033E-01 -1.479705575763E-03 -2.881437078840E+00  3.384519795139E+00  2.294825150364E-02 -1.122964994485E-01  8.934824794623E-02 -6.010318659763E-02  2.551682006943E-03 -1.858134491528E-05 -4.097244943629E-05  1.558466492090E-05  1.621692987669E-01  1.858134478743E-05 -8.319383044453E-03  4.834738517697E-20  1.145473458121E-20  1.199648538741E-19 -3.643780285771E-03
  1.640000000000E+02  1.660000000000E+02  1.662418888716E+01  2.887110325117E-13 -1.741574856549E-01  2.794256141285E+02  7.336210598353E-01  1.033104888482E+00 -6.372897503491E-01 -1.349148140046E-03 -2.921607819020E+00  3.346303194960E+00  2.190240304266E-02 -1.095377220023E-01  8.763531895974E-02 -5.664236030081E-02  1.960095893843E-03  7.684343101370E-06 -3.859968240472E-05  1.357675810321E-05  1.541085800930E-01 -7.684343137158E-06 -4.915567000301E-03  5.070795435498E-22 -4.889450270540E-20  6.949779153798E-20 -3.426267325506E-03
  1.680000000000E+02  1.700000000000E+02  1.666163619427E+01  2.767516407015E-13 -1.749312177953E-01  2.806516306702E+02  7.337786763910E-01  1.023701992133E+00 -6.360080560984E-01 -1.156928302601E-03 -2.946214863612E+00  3.309823067439E+00  2.073229539622E-02 -1.073018758913E-01  8.656958049269E-02 -5.317291297201E-02  1.190435549207E-03  4.553572104731E-05 -3.227328647084E-05  5.641573244334E-07  1.443822717286E-01 -4.553572118306E-05 -1.521571316943E-03 -5.256430851839E-20 -4.635403363170E-21  1.552838678033E-19 -3.223502376709E-03
  1.720000000000E+02  1.740000000000E+02  1.669651339679E+01  2.750433156692E-13 -1.749297117121E-01  2.817954368543E+02  7.341355237060E-01  1.013768994431E+00 -6.348500282591E-01 -1.049027614302E-03 -2.957271160019E+00  3.274833101538E+00  2.011528896955E-02 -1.052058263538E-01  8.509053738486E-02 -4.996944708699E-02  6.143873096275E-04  4.618141331162E-05 -3.129973417225E-05  6.817207860518E-06  1.363416809617E-01 -4.618141329470E-05  4.427458981316E-04 -7.000962415087E-21  1.573777884968E-20  1.145947163546E-19 -3.059854728491E-03
  1.760000000000E+02  1.780000000000E+02  1.672992195679E+01  2.727641694687E-13 -1.747551747167E-01  2.828925806275E+02  7.348045322653E-01  1.002819800145E+00 -6.336074437133E-01 -9.458016003156E-04 -2.965029472233E+00  3.238927661162E+00  1.925965970150E-02 -1.028344116722E-01  8.357475196916E-02 -4.765188431752E-02  6.596938880378E-04 -7.730985650591E-06 -3.400331988325E-05  4.106568508316E-05  1.292888473163E-01  7.730985553327E-06  1.526585209961E-03 -4.449884460738E-21 -3.137675611992E-20  8.180661449580E-20 -2.889413546741E-03
  1.800000000000E+02  1.820000000000E+02  1.676102144242E+01  2.611122510339E-13 -1.741606061968E-01  2.839136139411E+02  7.356841123959E-01  9.922977087659E-01 -6.324447597788E-01 -8.256986445981E-04 -2.965118726648E+00  3.210060394241E+00  1.856971058992E-02 -1.008985519539E-01  8.232884136529E-02 -4.482733576862E-02  2.156519200645E-04 -1.244020026234E-05 -3.227952493039E-05  3.476334871847E-05  1.208768038933E-01  1.244020033391E-05  2.365501100348E-03  1.976998846842E-20 -7.837854920822E-21  7.686678733427E-20 -2.728649823642E-03
  1.840000000000E+02  1.860000000000E+02  1.679025052058E+01  2.544996401121E-13 -1.735922182783E-01  2.848723314174E+02  7.366040216426E-01  9.820738794630E-01 -6.311662901229E-01 -7.259139941001E-04 -2.965470827173E+00  3.177787572599E+00  1.785973187004E-02 -9.886299576030E-02  8.100326389029E-02 -4.239947955471E-02 -1.881251778724E-05  1.129923391704E-05 -2.832631942358E-05  6.732114929297E-07  1.139128011818E-01 -1.129923399023E-05  2.730922202077E-03 -9.115183127392E-20 -1.685124674892E-20  1.194906295817E-19 -2.578340296136E-03
  1.880000000000E+02  1.900000000000E+02  1.681803412629E+01  2.506730349914E-13 -1.728508724480E-01  2.857842987640E+02  7.374794462082E-01  9.722688162543E-01 -6.300339820667E-01 -6.407465689748E-04 -2.962910739770E+00  3.147520346180E+00  1.723952259380E-02 -9.692520219519E-02  7.968567960240E-02 -4.020651028849E-02 -2.488637513613E-04  1.271545488010E-05 -2.787893424845E-05  2.106634674482E-05  1.086876007290E-01 -1.271545487998E-05  3.198291133235E-03 -3.048194724827E-20  1.839504977013E-20  1.085825931489E-19 -2.466209377752E-03
  1.920000000000E+02  1.940000000000E+02  1.684467257428E+01  2.410964986682E-13 -1.719779142376E-01  2.866579477022E+02  7.382537591901E-01  9.621538622850E-01 -6.286472513859E-01 -6.324156573097E-04 -2.957523320409E+00  3.116853343458E+00  1.643957889604E-02 -9.498237584228E-02  7.854279694811E-02 -3.857045240460E-02 -2.832269335467E-04 -2.041563318055E-05 -2.930145641696E-05  3.984021866451E-05  1.031992744994E-01  2.041563314463E-05  3.994497343713E-03  2.881454440449E-20 -1.821947787741E-20  8.783145615132E-20 -2.357670938399E-03
  1.960000000000E+02  1.980000000000E+02  1.686958596457E+01  2.319117496421E-13 -1.708507904916E-01  2.874784507190E+02  7.390375860467E-01  9.528969219508E-01 -6.275382571717E-01 -5.223533198273E-04 -2.947657854166E+00  3.091809136565E+00  1.595123354895E-02 -9.330956269179E-02  7.735832914190E-02 -3.695345422860E-02 -6.943288958666E-04 -3.775308968669E-05 -2.711108692989E-05  3.967175977408E-05  9.857537250986E-02  3.775308954435E-05  4.406496510019E-03  3.988577989710E-20  1.040569242490E-20  1.180542037330E-19 -2.251164269912E-03
  2.000000000000E+02  2.020600000000E+02  1.689383756214E+01  2.233420566544E-13 -1.697989635959E-01  2.882769446997E+02  7.396501828347E-01  9.432998608094E-01 -6.261730828740E-01 -5.052601903578E-04 -2.938811113746E+00  3.067026716297E+00  1.455936310748E-02 -9.040806426508E-02  7.584870115607E-02 -3.536982232085E-02 -3.096946711581E-04 -2.212160475193E-05 -2.118254210724E-05  3.748754388289E-05  9.173711585902E-02  2.212160465823E-05  3.320179635452E-03 -3.035097313462E-20 -1.607012962490E-20  1.054209487633E-19 -2.161369007540E-03
  2.041200000000E+02  2.062418000000E+02  1.691678887520E+01  2.119444602461E-13 -1.691051091903E-01  2.890337951787E+02  7.401823526735E-01  9.345511142189E-01 -6.248948713910E-01 -4.353442858522E-04 -2.935262639723E+00  3.047628738921E+00  1.344651121947E-02 -8.788442705327E-02  7.443791583160E-02 -3.360610200918E-02 -2.109687915186E-04  2.883821896339E-05 -1.503884534106E-05  2.082426257439E-05  8.538490757415E-02 -2.883821885938E-05  2.018330416789E-03  3.858229100431E-20  2.444625973702E-21  1.350526384943E-19 -2.063806078995E-03
  2.083636000000E+02  2.105490540000E+02  1.693919006570E+01  2.021311873666E-13 -1.687090999788E-01  2.897706620680E+02  7.406650858762E-01  9.252692477779E-01 -6.233942359437E-01 -4.070233864188E-04 -2.936601845358E+00  3.026204583256E+00  1.243755183081E-02 -8.501274146404E-02  7.257518963392E-02 -3.246029610964E-02  5.608558481647E-05  2.294607352895E-05 -1.094136313413E-05  1.027717583659E-05  8.061650375293E-02 -2.294607416618E-05  7.386495835386E-04  1.096690592115E-20  1.779818131385E-20  9.766489638168E-20 -1.989213737866E-03
  2.127345080000E+02  2.149855256200E+02  1.696090107561E+01  1.914507522423E-13 -1.687217306003E-01  2.904836235477E+02  7.411168547311E-01  9.167250590153E-01 -6.218949455480E-01 -3.163463545463E-04 -2.944164562857E+00  3.006437066077E+00  1.133329853169E-02 -8.185959102935E-02  7.052629249892E-02 -3.101045929384E-02  4.391380553092E-04 -1.284006364966E-05 -9.206836588654E-06  5.502931737916E-06  7.593271865276E-02  1.284006386515E-05  7.256191648994E-04  1.320505179926E-20 -7.517232977158E-21  3.359228780200E-20 -1.891602064625E-03
  2.172365432400E+02  2.195550913886E+02  1.698189005548E+01  1.797989355780E-13 -1.682730351063E-01  2.911718104096E+02  7.415533627050E-01  9.093929366490E-01 -6.203002338544E-01 -2.253656984218E-04 -2.943092470661E+00  2.989424107474E+00  1.023708515501E-02 -7.870909950348E-02  6.847201434947E-02 -2.962015425761E-02  2.780095304408E-04 -2.335180517272E-05 -6.451199905381E-06 -1.775428814682E-06  7.262421463823E-02  2.335180495921E-05  2.855193821958E-03 -5.204801228017E-21 -8.370309532424E-22  6.329245834072E-20 -1.818081138890E-03
  2.218736395372E+02  2.242617441303E+02  1.700290175568E+01  1.745513085923E-13 -1.670063062095E-01  2.918628245788E+02  7.420503725293E-01  9.017673712515E-01 -6.186210541651E-01 -1.225547367167E-04 -2.927243576696E+00  2.973371222587E+00  9.044202545124E-03 -7.565059312544E-02  6.660639058029E-02 -2.882379201854E-02 -2.054392883825E-04  1.139811420471E-05  6.835998296199E-08 -6.178639623959E-06  6.938510086853E-02 -1.139811397966E-05  4.701662096577E-03  1.055466966968E-20 -4.726889875726E-21  4.594024925185E-20 -1.759121812287E-03
  2.266498487233E+02  2.291095964542E+02  1.702335781133E+01  1.753059601419E-13 -1.654306817602E-01  2.925366221738E+02  7.426612499021E-01  8.935114850664E-01 -6.168390098519E-01 -9.804003864030E-05 -2.905338358401E+00  2.954045777052E+00  7.650325673634E-03 -7.234960471362E-02  6.469927904010E-02 -2.743375010823E-02 -3.463701794162E-04  3.378826997468E-05  4.909587588548E-06 -1.464733734315E-05  6.446981988024E-02 -3.378827015232E-05  6.338359724961E-03  4.564994192358E-20 -1.525509686990E-20  9.057208661479E-20 -1.674186716038E-03
  2.315693441850E+02  2.341028843478E+02  1.704271216985E+01  1.775869150807E-13 -1.631379748300E-01  2.931708708324E+02  7.432203557036E-01  8.853262454791E-01 -6.149312514540E-01 -8.315018732283E-05 -2.871155713299E+00  2.938240765784E+00  6.706136037947E-03 -6.930041199316E-02  6.259427595539E-02 -2.595353167759E-02 -8.531523015270E-04  1.210489352378E-06  2.263650023104E-06 -1.494524047166E-05  6.016893307536E-02 -1.210489271008E-06  8.174421608256E-03 -3.831024541655E-20 -1.211161518758E-20  3.920023866487E-20 -1.591328088973E-03
  2.366364245106E+02  2.392459708782E+02  1.706149691970E+01  1.788253393744E-13 -1.603046406849E-01  2.937854735827E+02  7.438032133278E-01  8.783883595854E-01 -6.129368650713E-01 -1.604567593890E-04 -2.827847990219E+00  2.925334258796E+00  5.529510273875E-03 -6.606135492710E-02  6.053184465344E-02 -2.500218929794E-02 -8.586160930511E-04 -2.010332383624E-05 -1.191965082916E-06  3.457802870749E-06  5.551381164047E-02  2.010332393370E-05  9.784527157000E-03 -2.005518544096E-20 -1.789807968070E-21  7.036343983916E-20 -1.515558733794E-03
  2.418555172459E+02  2.445433500046E+02  1.707886064912E+01  1.790526494433E-13 -1.567472220877E-01  2.943528660159E+02  7.444787810884E-01  8.728996640625E-01 -6.107359881961E-01 -2.773588309381E-04 -2.771515871024E+00  2.911219128335E+00  4.242289253238E-03 -6.273314921968E-02  5.849085996612E-02 -2.367868460414E-02 -1.179242812400E-03  6.721287858434E-06  1.808869043212E-06  2.279316324778E-05  5.009242006556E-02 -6.721287778897E-06  1.133189271029E-02 -7.896284569992E-21  9.803381599166E-21  9.156746736174E-20 -1.436732806476E-03
  2.472311827633E+02  2.499996505047E+02  1.709517284471E+01  1.807568059351E-13 -1.526666154111E-01  2.948849141891E+02  7.452234270543E-01  8.676126208150E-01 -6.085134091936E-01 -5.398882638037E-04 -2.704167619625E+00  2.898684113244E+00  3.168017145944E-03 -5.959916088638E-02  5.643114374007E-02 -2.234555006328E-02 -1.281882755158E-03  5.699908275494E-06  5.295711047368E-06  3.806469536770E-06  4.554268885273E-02 -5.699908336808E-06  1.233522048067E-02  1.029509963276E-20 -1.312998106476E-20  7.086807995319E-20 -1.366230995574E-03
  2.527681182462E+02  2.556196400198E+02  1.711038083985E+01  1.847793307252E-13 -1.482528075809E-01  2.953770949049E+02  7.461359743006E-01  8.636160095536E-01 -6.059498913563E-01 -7.317937364741E-04 -2.631268853302E+00  2.889462725417E+00  1.713725739051E-03 -5.607588027874E-02  5.436215453889E-02 -2.141413202627E-02 -1.507972952913E-03 -2.134276552923E-05  6.793198490457E-06 -1.952953040642E-05  4.216597398266E-02  2.134276570311E-05  1.224786467210E-02  4.401347914223E-20  8.346963403825E-21  9.105306441064E-20 -1.316260692188E-03
  2.584711617935E+02  2.614082292204E+02  1.712522066530E+01  1.878827197987E-13 -1.439892106206E-01  2.958585036943E+02  7.470948686969E-01  8.602469261588E-01 -6.033977598040E-01 -1.120683828757E-03 -2.560737022704E+00  2.883862639899E+00  5.696891407359E-04 -5.279573756278E-02  5.222604842262E-02 -2.076189484782E-02 -1.642892018370E-03 -6.553329309908E-06  7.585339053530E-06  1.375980020594E-05  4.058794854379E-02  6.553329246638E-06  1.147539549586E-02 -4.616076281609E-20 -5.142637891758E-21  5.374664275963E-20 -1.287479178266E-03
  2.643452966473E+02  2.673704760971E+02  1.714028292885E+01  1.871415675781E-13 -1.397460591978E-01  2.963520330433E+02  7.479579690195E-01  8.591405355311E-01 -6.005086978576E-01 -1.368210022989E-03 -2.489449594580E+00  2.877065237106E+00 -7.501575668115E-04 -4.961692831843E-02  5.036708588571E-02 -2.024110369521E-02 -1.741913950744E-03 -3.517405812057E-06  5.000425745405E-06  3.512965365695E-05  4.030192944747E-02  3.517405811882E-06  1.074883798009E-02  2.878204936284E-20  6.896941688072E-21  3.679011424252E-20 -1.258114111536E-03
  2.703956555468E+02  2.735115903800E+02  1.715578924446E+01  1.816649148820E-13 -1.357018111657E-01  2.968606384966E+02  7.487290589356E-01  8.602437014830E-01 -5.975890353052E-01 -1.737134151432E-03 -2.419080552908E+00  2.876174128316E+00 -2.012379582054E-03 -4.652154740757E-02  4.853392698868E-02 -2.000765740009E-02 -1.666785530342E-03 -5.319437209042E-06  1.361728620571E-06  4.485245841383E-06  4.123201596297E-02  5.319437123921E-06  1.196068030769E-02 -2.850335113641E-20  2.269176342618E-22  3.043114769269E-20 -1.261629401155E-03
  2.766275252132E+02  2.798369380914E+02  1.717240641321E+01  1.749682054334E-13 -1.304265636678E-01  2.974062434226E+02  7.492790978486E-01  8.608875001346E-01 -5.942479138961E-01 -1.849290944391E-03 -2.326939379363E+00  2.877036503183E+00 -3.779551542372E-03 -4.240782332255E-02  4.618737486600E-02 -2.038562003577E-02 -2.398091978049E-03 -8.283954645409E-06 -9.321905031139E-07  5.259571006825E-06  4.201310725788E-02  8.283954528112E-06  1.384041630875E-02 -1.322053115760E-20 -1.482045070446E-20  6.564520402884E-20 -1.272077592135E-03
  2.830463509696E+02  2.863520462341E+02  1.718951932452E+01  1.708678927514E-13 -1.246440776673E-01  2.979728945707E+02  7.497677100444E-01  8.607224897988E-01 -5.909480752528E-01 -2.027390729996E-03 -2.224572384558E+00  2.880910408491E+00 -4.799479641185E-03 -3.889999979297E-02  4.369947943463E-02 -2.048073200029E-02 -2.399385406647E-03  1.023929545306E-05 -5.926662875836E-06  5.149007795887E-05  4.123212600931E-02 -1.023929542110E-05  1.324195585635E-02 -5.108585721292E-20 -1.229341700674E-20  7.507328096945E-20 -1.280126818597E-03
  2.896577414987E+02  2.930626076211E+02  1.720650048573E+01  1.672692164177E-13 -1.193909803459E-01  2.985337059735E+02  7.505429747231E-01  8.602577083886E-01 -5.873160346099E-01 -2.111380791439E-03 -2.132840950942E+00  2.879514872419E+00 -5.821874567850E-03 -3.553847639371E-02  4.136035096238E-02 -2.035949515556E-02 -2.293337069488E-03  4.561427028941E-06 -1.329937282461E-05  4.712024250258E-05  4.024239294776E-02 -4.561427142536E-06  1.233042095910E-02  8.073164839856E-21  2.124478350010E-20  5.157513979662E-20 -1.264781232534E-03
  2.964674737436E+02  2.999744858498E+02  1.722375344804E+01  1.641225835791E-13 -1.140854295973E-01  2.991085432128E+02  7.513254394371E-01  8.608475459020E-01 -5.836156246903E-01 -2.167719047173E-03 -2.039247328439E+00  2.882654346471E+00 -7.084948878656E-03 -3.190837646468E-02  3.899332534177E-02 -2.020181912389E-02 -2.409471514841E-03  5.716845233359E-06 -1.742774689835E-05  1.459190698920E-05  4.159066175186E-02 -5.716845292078E-06  1.279603235588E-02  4.032723990646E-20  3.746760035070E-20  2.525449928601E-21 -1.292669138548E-03
  3.034814979559E+02  3.070937204253E+02  1.724296063228E+01  1.626612799894E-13 -1.082190448223E-01  2.997489844247E+02  7.518208867235E-01  8.618049376623E-01 -5.795983854444E-01 -2.212372376440E-03 -1.936416275905E+00  2.896310957980E+00 -8.914110257293E-03 -2.800632381308E-02  3.692043407002E-02 -2.126665781348E-02 -2.842215772024E-03  4.601561342828E-06 -1.938747509553E-05  5.567816285586E-06  4.393254767276E-02 -4.601561442426E-06  1.456517093055E-02  1.051300685838E-20  1.143996331957E-20  6.053705780421E-21 -1.350348078207E-03
  3.107059428946E+02  3.144265320380E+02  1.726339084029E+01  1.594314879769E-13 -1.009731488521E-01  3.004332447020E+02  7.517122154597E-01  8.616531237290E-01 -5.753977864842E-01 -2.075558813284E-03 -1.810059404080E+00  2.915192895753E+00 -1.037385295076E-02 -2.425667317923E-02  3.463052612897E-02 -2.202843312735E-02 -3.380387191068E-03  4.977835660640E-06 -1.854612722668E-05  7.217922321902E-06  4.661312629265E-02 -4.977835693121E-06  1.609541091888E-02  3.213769090392E-20  1.734595614477E-20  7.137507052350E-21 -1.411571722467E-03
  3.181471211814E+02  3.219793279992E+02  1.728628004026E+01  1.514042485135E-13 -9.324303983297E-02  3.012090491479E+02  7.509565364266E-01  8.631997238952E-01 -5.711974692688E-01 -2.113411457527E-03 -1.675913343471E+00  2.931746491566E+00 -1.135155524812E-02 -2.101472783783E-02  3.236628308765E-02 -2.309427184710E-02 -3.834310671407E-03  9.490259789139E-06 -1.450435154156E-05  1.104892239203E-05  4.908789847920E-02 -9.490260012630E-06  1.688834486592E-02 -2.052900726578E-20 -8.652727614814E-21  1.931286438178E-20 -1.463613324741E-03
  3.258115348169E+02  3.297587078391E+02  1.731045087825E+01  1.398173511286E-13 -8.479092444390E-02  3.020265263215E+02  7.497394812011E-01  8.668004514524E-01 -5.664597225274E-01 -1.902018279426E-03 -1.530730376265E+00  2.946855150497E+00 -1.259253476495E-02 -1.753284803287E-02  3.012538279825E-02 -2.360439250060E-02 -4.305491823758E-03  5.013849505563E-06 -1.187602887319E-05  8.886908676215E-06  4.725886972179E-02 -5.013849483544E-06  1.895204787709E-02 -2.692438412817E-21 -2.922640087528E-21  7.863896965268E-21 -1.443939174013E-03
  3.337058808614E+02  3.377714690743E+02  1.733293558149E+01  1.278593410257E-13 -7.456154949870E-02  3.027892896194E+02  7.480555098793E-01  8.700302663660E-01 -5.618436547265E-01 -2.076347740068E-03 -1.352607400380E+00  2.967514223367E+00 -1.413220519834E-02 -1.383703316399E-02  2.796923836297E-02 -2.248716560112E-02 -4.972201721155E-03  8.118544594981E-06 -9.226596797666E-06  1.224123038215E-06  4.542219960086E-02 -8.118544717023E-06  2.087539648678E-02  2.728481253104E-20  7.227447727145E-22  1.808056437138E-20 -1.415355326312E-03
  3.418370572872E+02  3.460246131465E+02  1.735661276510E+01  1.212933270894E-13 -6.356928991833E-02  3.035929098803E+02  7.456446246578E-01  8.745492687220E-01 -5.565154274786E-01 -1.953378401028E-03 -1.162085535111E+00  2.988681551991E+00 -1.547956098026E-02 -1.010077664338E-02  2.558033762393E-02 -2.286355693924E-02 -5.283344509310E-03  1.526749541634E-05 -6.085567517918E-06 -1.129030348154E-05  4.571453845393E-02 -1.526749542110E-05  2.072113728326E-02  5.817499449515E-20  8.328474436703E-21  2.302832603679E-20 -1.425089283694E-03
  3.502121690058E+02  3.545253515409E+02  1.738080132776E+01  1.196872141326E-13 -5.283912181764E-02  3.044117609449E+02  7.429079096578E-01  8.775162637755E-01 -5.514683994804E-01 -2.313464649074E-03 -9.735808651826E-01  3.007943504435E+00 -1.656158227654E-02 -6.253609902527E-03  2.281519217929E-02 -2.284296316125E-02 -5.114121442957E-03  1.158926358994E-05 -3.133272986881E-06 -2.320889201901E-05  4.488762661590E-02 -1.158926364442E-05  2.094788014232E-02 -2.826604110710E-20 -1.545346282409E-20 -4.390391285708E-21 -1.430902022853E-03
  3.588385340760E+02  3.632811120872E+02  1.740502637997E+01  1.185391570781E-13 -4.095651662736E-02  3.052345077862E+02  7.397920866508E-01  8.822413263354E-01 -5.457337608316E-01 -2.259905185616E-03 -7.614820036482E-01  3.025340409880E+00 -1.785712677875E-02 -2.525930222525E-03  2.038305700072E-02 -2.282435034293E-02 -5.373323136466E-03 -1.038935457438E-06  9.659939764998E-07 -2.478284807597E-05  4.308522052032E-02  1.038935388040E-06  2.042680636195E-02 -7.363820222683E-20 -6.912153863499E-21 -3.810157989399E-20 -1.414011431486E-03
  3.677236900983E+02  3.722995454498E+02  1.742861052790E+01  1.191195414876E-13 -3.009319479937E-02  3.060336844634E+02  7.359176342666E-01  8.832888009641E-01 -5.404540476792E-01 -2.598924991978E-03 -5.682334580505E-01  3.049366774641E+00 -1.914375088385E-02  1.248271660337E-03  1.789547922396E-02 -2.266878705551E-02 -4.759426801635E-03 -6.997854778264E-06  4.523301111076E-06 -1.520630051296E-05  4.438744982327E-02  6.997854795479E-06  1.830208602767E-02 -1.005412005081E-21  2.666076103366E-20  1.473268688119E-20 -1.450916407041E-03
  3.768754008012E+02  3.815885318133E+02  1.745574727701E+01  1.200074750222E-13 -1.994584077716E-02  3.069650423164E+02  7.310498088743E-01  8.846416180923E-01 -5.342655675214E-01 -2.674225156212E-03 -3.857519936214E-01  3.084445828978E+00 -2.022296194983E-02  5.033870438356E-03  1.518909151180E-02 -2.362709774543E-02 -4.340348861604E-03 -5.356304132601E-06  6.003924467999E-06 -1.203374209947E-05  4.406546934984E-02  5.356304158027E-06  1.638724920786E-02 -7.374472528623E-20  3.450731711153E-20 -3.340760112878E-20 -1.445581252995E-03
  3.863016628253E+02  3.911561877677E+02  1.748049892553E+01  1.144682134091E-13 -1.076893247707E-02  3.078130032552E+02  7.255604150869E-01  8.860909203118E-01 -5.286768614957E-01 -2.916101365390E-03 -2.203903042232E-01  3.114415651075E+00 -2.128848149809E-02  8.615535771387E-03  1.267294572647E-02 -2.265701472262E-02 -4.166702801912E-03  2.511806879851E-06  7.050562661689E-06 -9.734071968631E-06  4.180765594902E-02 -2.511806959068E-06  1.747205967564E-02 -2.231413749911E-20  5.987842970891E-21 -3.971187745180E-20 -1.425777062121E-03
  3.960107127100E+02  4.010108734007E+02  1.750645102328E+01  1.082425757822E-13  1.261890568134E-03  3.086989331454E+02  7.196047604236E-01  8.886053088522E-01 -5.222049967097E-01 -2.805515978580E-03 -4.504363194816E-03  3.145222605612E+00 -2.198366954470E-02  1.220712279286E-02  9.776546751102E-03 -2.326968242452E-02 -5.511519748517E-03  1.282905573242E-05  7.617172111001E-06 -1.433784623364E-05  4.339801822248E-02 -1.282905581928E-05  1.690476881223E-02 -3.333711774652E-20  2.556483815613E-20 -1.256889023801E-20 -1.467986985687E-03
  4.060110340913E+02  4.111611996027E+02  1.753473216709E+01  1.133843936528E-13  1.035140716737E-02  3.096677502775E+02  7.128229705974E-01  8.913114830743E-01 -5.159634289424E-01 -3.025688209620E-03  1.588207592613E-01  3.183046345028E+00 -2.279859035362E-02  1.564944547168E-02  7.149144880705E-03 -2.384305151401E-02 -4.647407162831E-03  1.888381972282E-05  4.636889603700E-06 -1.681766806786E-05  4.597798516571E-02 -1.888381962288E-05  1.396592244054E-02 -1.249118748985E-20  2.630774647649E-21  1.757707370507E-21 -1.543835262046E-03
  4.163113651141E+02  4.216160355908E+02  1.756567601497E+01  1.228960417228E-13  1.916000293280E-02  3.107282066165E+02  7.053066836744E-01  8.902071239810E-01 -5.091034217204E-01 -3.320246829016E-03  3.188582992319E-01  3.224503964897E+00 -2.368380450416E-02  1.933738597866E-02  4.346418525692E-03 -2.572274509804E-02 -4.446292183178E-03  1.401212558159E-05 -2.428797025495E-06 -6.578770922467E-06  4.819086431930E-02 -1.401212555325E-05  1.160094831652E-02  1.499117643786E-20  3.504598112742E-20 -5.440074465538E-20 -1.649259030361E-03
  4.269207060675E+02  4.323845166585E+02  1.759868240206E+01  1.290452568299E-13  2.565521027950E-02  3.118659449578E+02  6.974329809385E-01  8.874599252766E-01 -5.023122648865E-01 -3.606915541393E-03  4.379972656000E-01  3.267114118409E+00 -2.481068065717E-02  2.292241840144E-02  1.888262256011E-03 -2.678377912273E-02 -3.968500989142E-03  4.904384872806E-07 -1.000610667806E-05 -7.311954922493E-06  4.989269267591E-02 -4.904383895944E-07  1.008916747994E-02 -1.984116326536E-20  5.821942248985E-20 -6.923965060289E-20 -1.715128048676E-03
  4.378483272495E+02  4.434760521583E+02  1.763386326195E+01  1.366287650147E-13  3.294928614836E-02  3.130854241615E+02  6.891202878850E-01  8.822265376366E-01 -4.952953398354E-01 -3.933441814134E-03  5.715692068579E-01  3.331068448109E+00 -2.608925086147E-02  2.649991047296E-02 -4.106596103541E-04 -2.831864200441E-02 -4.080809410627E-03 -1.030162632287E-05 -1.496261277762E-05 -5.210881859703E-06  5.435352311945E-02  1.030162625393E-05  8.843950773580E-03 -5.646939805233E-20  2.471725132777E-20 -8.382923235098E-20 -1.863413875717E-03
  4.491037770670E+02  4.549003337230E+02  1.767519347172E+01  1.458753040237E-13  3.817638220095E-02  3.145221799388E+02  6.803927767552E-01  8.755595521215E-01 -4.878126547544E-01 -4.643688276942E-03  6.641437099082E-01  3.392091801886E+00 -2.673836309655E-02  3.004812306854E-02 -3.309759970535E-03 -3.135543367405E-02 -3.652345269575E-03 -7.875204332238E-06 -1.559676497152E-05  6.178368016363E-06  5.984756769456E-02  7.875204483719E-06  6.041707171800E-03 -2.440703446242E-20 -1.742232723338E-20 -1.040910614850E-20 -2.032301359099E-03
  4.606968903790E+02  4.666673437347E+02  1.772063370261E+01  1.485136140224E-13  4.177453912716E-02  3.161074208912E+02  6.716376192548E-01  8.678538095620E-01 -4.800782365068E-01 -5.475919217391E-03  7.336824548843E-01  3.450533096558E+00 -2.770401906066E-02  3.368512520238E-02 -5.981106141439E-03 -3.367280085418E-02 -2.665539920231E-03 -9.246635686049E-06 -1.219458923911E-05  1.391040937229E-05  6.186780536734E-02  9.246635723451E-06  5.283678150901E-03 -5.389685334712E-20  4.201735909379E-20  4.726685750327E-21 -2.141812366700E-03
  4.726377970904E+02  4.787873640468E+02  1.776761622852E+01  1.382965505714E-13  4.611902337813E-02  3.177551098754E+02  6.633974263263E-01  8.620126249884E-01 -4.721641610331E-01 -6.114601855064E-03  8.091974537904E-01  3.512974519537E+00 -2.813031936889E-02  3.664042649659E-02 -8.510107127991E-03 -3.448550793523E-02 -2.481009015264E-03 -1.251560285655E-05 -1.217192570183E-05  1.582097123346E-05  6.354585519883E-02  1.251560279845E-05  5.764670661911E-03 -2.147341911243E-20 -1.956105816207E-20 -3.452678200652E-20 -2.211392008200E-03
  4.849369310031E+02  4.912709849682E+02  1.781842298809E+01  1.156797925679E-13  5.067082475647E-02  3.195330365744E+02  6.562299446724E-01  8.509531476187E-01 -4.642327973455E-01 -7.263942228769E-03  8.899335741104E-01  3.584336681481E+00 -2.862345400721E-02  3.938454618433E-02 -1.076109217652E-02 -3.608089164515E-02 -2.438409841420E-03 -1.302840002490E-05 -1.822780902303E-05  9.493090754988E-06  6.268162562663E-02  1.302839993644E-05  4.646043530557E-03 -1.764930040584E-20  4.317773883133E-20 -2.541696721626E-20 -2.213966710691E-03
  4.976050389332E+02  5.041291145172E+02  1.786693446994E+01  7.943587270170E-14  5.343638779481E-02  3.212358198619E+02  6.495315746585E-01  8.398893863785E-01 -4.557011848275E-01 -8.073518468782E-03  9.402167149064E-01  3.659874959051E+00 -3.008502314323E-02  4.282816286497E-02 -1.274313972124E-02 -3.525382075417E-02 -2.035672161772E-03 -1.315304311907E-05 -2.533189483095E-05  1.053976717304E-05  6.410806649515E-02  1.315304299302E-05  4.998304150717E-03 -1.500165987526E-20  2.095220383651E-20 -1.412916058508E-20 -2.302734187821E-03
  5.106531901012E+02  5.173729879527E+02  1.792288945733E+01  5.077133461914E-14  5.878464742799E-02  3.232031521236E+02  6.428193729256E-01  8.210484195428E-01 -4.475071884436E-01 -9.098831610337E-03  1.040933237810E+00  3.756810616285E+00 -3.160816959828E-02  4.654868355246E-02 -1.494051395400E-02 -3.874425035089E-02 -2.970377037530E-03  4.327127690866E-06 -2.567286837165E-05  1.795226789151E-05  6.703460487059E-02 -4.327127803228E-06  5.506621512316E-03 -5.758933561134E-20  3.303167361600E-20 -3.476208981611E-20 -2.443808863579E-03
  5.240927858042E+02  5.310141775913E+02  1.797939225535E+01  4.225863026117E-14  6.268387495841E-02  3.251951489281E+02  6.360162071685E-01  8.092524258834E-01 -4.383761322798E-01 -1.008152734879E-02  1.113059640637E+00  3.846884651958E+00 -3.265315031159E-02  4.884928306760E-02 -1.619613275557E-02 -3.948545657305E-02 -2.700712824437E-03  3.146856056019E-06 -2.153224386111E-05  2.622907069738E-05  6.588787906067E-02 -3.146856089515E-06  3.931423668404E-03 -8.056743797148E-20  3.499200144432E-20 -9.452430819047E-20 -2.495400870853E-03
  5.379355693784E+02  5.450646029190E+02  1.803686369598E+01  3.701858166793E-14  6.563350984173E-02  3.272188604473E+02  6.284474097875E-01  7.950648999221E-01 -4.296383216049E-01 -1.073202748419E-02  1.170455265212E+00  3.922499709496E+00 -3.325410143201E-02  5.145757926819E-02 -1.820347783593E-02 -4.033320203762E-02 -2.124296525214E-03  2.610335859225E-06 -1.901654212509E-05  1.333961417895E-05  6.664754078397E-02 -2.610335892473E-06  1.131838416016E-03  1.742937393010E-21  2.169356791315E-20 -6.390398479650E-20 -2.560671024552E-03
  5.521936364597E+02  5.595365410066E+02  1.809818275409E+01  2.446791172812E-14  6.475331145654E-02  3.293843398183E+02  6.204795124719E-01  7.801574664165E-01 -4.201370282557E-01 -1.128884520010E-02  1.161315135587E+00  4.005903346335E+00 -3.375713641075E-02  5.289138318486E-02 -1.913424677444E-02 -4.137683344224E-02 -3.201869406585E-04  1.666143154376E-05 -1.476808253957E-05  2.282623511153E-06  6.887739728371E-02 -1.666143156742E-05 -1.005589146983E-04 -4.844688178453E-20 -1.173917694337E-21 -2.871209468305E-20 -2.629170247130E-03
  5.668794455535E+02  5.743794455535E+02  1.816329076760E+01  1.018872555046E-14  6.546200091953E-02  3.317016749056E+02  6.118023620556E-01  7.659595230239E-01 -4.104036024392E-01 -1.196204247024E-02  1.183276084525E+00  4.076958458764E+00 -3.370860970751E-02  5.426449424634E-02 -2.055588453907E-02 -4.267793676853E-02 -1.220421849082E-03  5.382358799034E-06 -7.807178803204E-06 -3.499426817788E-06  6.975346194185E-02 -5.382358879392E-06  2.999989096361E-04 -3.631006279528E-20  5.540840730550E-20 -4.414407320995E-21 -2.684775236686E-03
  5.818794455535E+02  5.893794455535E+02  1.822895895420E+01  2.205836967077E-15  6.534218333317E-02  3.340403843760E+02  6.029347947575E-01  7.521103998463E-01 -4.004618069243E-01 -1.223179637066E-02  1.190986883339E+00  4.057972333184E+00 -3.326985416723E-02  5.327143698882E-02 -2.000158282099E-02 -4.262020455113E-02 -1.539575501439E-03  1.694540426410E-06  2.490824643619E-07 -1.610490994438E-05  6.931292608663E-02 -1.694540447369E-06  9.617385812818E-04 -9.831059135595E-20  3.206267749858E-20 -7.598811178825E-20 -2.645012964377E-03
  5.968794455535E+02  6.043794455535E+02  1.829327398991E+01 -1.651596322090E-15  6.729914409465E-02  3.363376594381E+02  5.942450184032E-01  7.398874196283E-01 -3.905120450693E-01 -1.275055124758E-02  1.241188154568E+00  4.029090458570E+00 -3.379659321122E-02  5.309405159820E-02 -1.929745838697E-02 -4.185316119189E-02 -2.323146615782E-03  3.279204785773E-06  3.284693660113E-06 -1.879869679856E-05  6.840252801719E-02 -3.279204825656E-06 -1.651965871833E-03 -3.608365508873E-20  3.464500996114E-20 -1.112428908835E-19 -2.600448310060E-03
  6.118794455535E+02  6.193794455535E+02  1.835725180095E+01 -9.266450598742E-15  6.225728141476E-02  3.386333513512E+02  5.864344485666E-01  7.278411823627E-01 -3.801230945855E-01 -1.305172750339E-02  1.160579538588E+00  3.967961286756E+00 -3.329700338694E-02  5.204690798956E-02 -1.874990460243E-02 -4.100798793410E-02 -1.426590227708E-04 -5.208392626803E-06  2.713173749334E-08 -1.798684629215E-05  6.640763625162E-02  5.208392641833E-06 -6.120657084909E-03 -7.596363585141E-20  1.176822278333E-20 -1.174111209898E-19 -2.483179597233E-03
  6.268794455535E+02  6.343794455535E+02  1.841774094692E+01 -1.513774536855E-14  5.580093750739E-02  3.408086529532E+02  5.789898113031E-01  7.186335545896E-01 -3.694551646062E-01 -1.316155798831E-02  1.050919518618E+00  3.947372538754E+00 -3.277571053219E-02  5.164933667690E-02 -1.887362614497E-02 -3.863108315735E-02  7.480780954421E-04 -1.000507819928E-05 -1.056882111584E-07 -1.492855068220E-05  6.471214470284E-02  1.000507820513E-05 -6.938811272397E-03 -6.022352650103E-20 -2.628596168574E-20 -7.867108104798E-20 -2.394308853103E-03
  6.418794455535E+02  6.493794455535E+02  1.847855742228E+01 -1.296708602762E-14  4.916300354112E-02  3.430015995500E+02  5.709503845901E-01  7.109825692329E-01 -3.583089614298E-01 -1.279655682168E-02  9.389527597470E-01  3.904550430200E+00 -3.248420372916E-02  5.065260491388E-02 -1.816840118565E-02 -3.757231048563E-02  1.307454531340E-03  1.853489789443E-06  2.355137484710E-06 -1.517702411657E-05  6.195631340705E-02 -1.853489734858E-06 -8.667535393900E-03 -7.700697013509E-20 -1.040747823908E-20 -2.518075284254E-20 -2.262020958993E-03
  6.568794455535E+02  6.643794455535E+02  1.853396370692E+01 -1.222630214663E-14  3.944806314129E-02  3.449995313472E+02  5.618086094382E-01  7.012554343653E-01 -3.476331047406E-01 -1.275251222710E-02  7.707024855927E-01  3.851483651111E+00 -3.173187475129E-02  4.966557476480E-02 -1.793370001422E-02 -3.476895092386E-02  2.752787793244E-03  1.701410717710E-06  2.547827544418E-06 -1.314517226351E-05  5.815385040788E-02 -1.701410753829E-06 -8.275141005811E-03 -6.892125204822E-20  3.003660571065E-20 -1.041829852158E-19 -2.101844995134E-03
  6.718794455535E+02  6.793794455535E+02  1.858759589078E+01 -1.754882870963E-14  3.364936671016E-02  3.469307761210E+02  5.514983992601E-01  7.016844309802E-01 -3.365792938469E-01 -1.265897544476E-02  6.767422029941E-01  3.822429401164E+00 -3.125422416926E-02  4.952217857443E-02 -1.826795440472E-02 -3.285831189100E-02  2.221608846327E-03  7.414004035397E-06  3.951493818023E-06 -2.317775562600E-05  5.504778232010E-02 -7.414004023793E-06 -9.627070318298E-03 -1.105465815673E-19  2.422914471700E-20 -8.596036107900E-20 -2.008352676251E-03
  6.868794455535E+02  6.943794455535E+02  1.863713528184E+01 -1.928314568208E-14  2.148295590537E-02  3.487193197498E+02  5.401463029548E-01  6.965143668298E-01 -3.257629802742E-01 -1.225187872215E-02  4.593245010184E-01  3.779350890074E+00 -3.132157203951E-02  4.884214559420E-02 -1.752057355390E-02 -3.080960447049E-02  3.924256186302E-03 -9.303398986608E-07  9.591762746441E-06 -9.700633625002E-06  4.812757671304E-02  9.303399031030E-07 -1.404456784197E-02 -8.752560147885E-20  1.504048218808E-20 -6.787864981859E-20 -1.793020491870E-03
  7.018794455535E+02  7.093794455535E+02  1.867786325293E+01 -1.281238078595E-14  7.369614914895E-03  3.501882629127E+02  5.281191623351E-01  6.955147687892E-01 -3.136518136737E-01 -1.252778716232E-02  2.059934469480E-01  3.708958315809E+00 -3.111143899960E-02  4.778048627327E-02 -1.666904727465E-02 -2.637059815899E-02  5.694041584590E-03  3.928303707616E-06  1.569137159935E-05 -9.323977381962E-07  3.951809757906E-02 -3.928303620233E-06 -1.514847157975E-02 -1.055343420674E-19  3.537307130769E-20 -3.498477487148E-20 -1.506776315540E-03
  7.168794455535E+02  7.243794455535E+02  1.871131343550E+01 -1.150568991933E-14 -6.897683972295E-03  3.513873843155E+02  5.162530764825E-01  6.920844107520E-01 -3.020183471200E-01 -1.240387069391E-02 -6.147263629147E-02  3.645987858302E+00 -3.041254109765E-02  4.632070778171E-02 -1.590816668407E-02 -2.214924736746E-02  5.877281828254E-03 -2.338534228673E-06  1.836531998946E-05  1.079303006924E-05  3.171072073846E-02  2.338534202366E-06 -1.329352321075E-02 -5.086055672024E-20  1.554520809741E-20 -5.284874587106E-20 -1.252333216988E-03
  7.318794455535E+02  7.393794455535E+02  1.873733270590E+01 -1.434895026871E-14 -1.752896225127E-02  3.523207412916E+02  5.026932619391E-01  6.859736173515E-01 -2.893560919719E-01 -1.253685476288E-02 -2.602726905540E-01  3.595532006879E+00 -3.028492324210E-02  4.529985018253E-02 -1.501492694079E-02 -1.864085168758E-02  4.175501148474E-03 -1.304888431004E-05  1.710665607833E-05  1.641096088517E-06  3.034076794391E-02  1.304888432387E-05 -1.116454008832E-02 -5.582379195466E-20  1.024844890505E-20 -4.729161041984E-20 -1.197462568139E-03
  7.468794455535E+02  7.543794455535E+02  1.876817641149E+01 -1.721551373679E-14 -2.780902965693E-02  3.534461504357E+02  4.873881472149E-01  6.787422338038E-01 -2.763127890244E-01 -1.231922848938E-02 -4.575041957945E-01  3.572642916199E+00 -2.944867096677E-02  4.521955053983E-02 -1.577087957350E-02 -2.017097424848E-02  4.315770073706E-03 -1.133108436095E-05  1.370114074353E-05 -1.019383837927E-05  3.476775753587E-02  1.133108432090E-05 -1.011003410175E-02 -2.857892070748E-20 -6.900626615146E-22 -5.261816721196E-20 -1.311103275793E-03
  7.618794455535E+02  7.693794455535E+02  1.880253160375E+01 -2.106183167686E-14 -3.648948088548E-02  3.547022093439E+02  4.717853718525E-01  6.657862063441E-01 -2.626784951290E-01 -1.220646253149E-02 -6.205615070938E-01  3.556057674408E+00 -2.896943963575E-02  4.471479086926E-02 -1.574535123383E-02 -2.111052910390E-02  3.747477894466E-03 -3.841506878101E-06  9.828460949156E-06 -1.462811139607E-05  3.629998181747E-02  3.841506912572E-06 -7.059297818294E-03 -6.677585316389E-20 -1.311799866020E-20 -4.745655217971E-20 -1.285835422224E-03
  7.768794455535E+02  7.843794455535E+02  1.883625802063E+01 -2.129536362065E-14 -4.107168393749E-02  3.559386593812E+02  4.554173277922E-01  6.536657679485E-01 -2.488695176540E-01 -1.184034128660E-02 -7.117133261836E-01  3.517647533166E+00 -2.835758396694E-02  4.400487065688E-02 -1.564728668962E-02 -2.022402661627E-02  2.217383449326E-03 -2.849471064884E-06  6.640197088953E-06 -2.078134541934E-06  3.546326899721E-02  2.849471083454E-06 -4.256090542897E-03 -9.749107403493E-20  5.944395439322E-21 -4.625812935651E-20 -1.277525213874E-03
  7.918794455535E+02  7.993794455535E+02  1.886904842053E+01 -2.171807988079E-14 -4.445685181383E-02  3.571443559465E+02  4.372549372082E-01  6.297306905519E-01 -2.343613043872E-01 -1.099231699154E-02 -7.816550367598E-01  3.483635806893E+00 -2.858425449314E-02  4.364283511985E-02 -1.505858062599E-02 -2.038141131379E-02  1.406131655979E-03 -7.051385362320E-06  3.131016661125E-06  8.688152123168E-06  3.439225045369E-02  7.051385285424E-06 -3.657711248993E-03 -1.211262090769E-19  1.292773076762E-20 -3.432570610844E-20 -1.226830476592E-03
  8.068794455535E+02  8.143794455535E+02  1.890076688661E+01 -2.313847840181E-14 -4.790863047926E-02  3.583087503416E+02  4.179329035169E-01  6.125516195916E-01 -2.194114893277E-01 -1.050575626267E-02 -8.487665622075E-01  3.464547859734E+00 -2.742457428983E-02  4.282231644201E-02 -1.539774215219E-02 -1.922215623207E-02  7.473585968363E-04  3.820531065134E-06 -2.814975973015E-06  2.098191874678E-06  3.453528570248E-02 -3.820531036888E-06 -3.978199091709E-03 -7.908849060123E-20  3.134591071468E-21 -5.194086532043E-20 -1.218648429197E-03
  8.218794455535E+02  8.293794455535E+02  1.893379214556E+01 -1.976662814910E-14 -5.191724714717E-02  3.595278155374E+02  3.973527198163E-01  5.962561273271E-01 -2.048496662992E-01 -9.506531496239E-03 -9.312362220939E-01  3.428569673057E+00 -2.633697704317E-02  4.160282611240E-02 -1.526584906936E-02 -1.944299397725E-02  9.816695232572E-04  5.732310836546E-06 -8.939787106179E-06 -7.097354195626E-06  3.581126196429E-02 -5.732310833861E-06 -4.664746422432E-03 -7.463535275262E-20  8.561854328606E-21 -4.529829851587E-20 -1.232979800055E-03
  8.368794455535E+02  8.443794455535E+02  1.896788449374E+01 -2.003580172142E-14 -5.665528029734E-02  3.607892846937E+02  3.756980952117E-01  5.805186306180E-01 -1.884057906257E-01 -8.790566352015E-03 -1.027186993393E+00  3.420052448923E+00 -2.618142416155E-02  4.188546510940E-02 -1.570404094675E-02 -2.019843055804E-02  1.312110737123E-03  1.205948215525E-05 -7.523681196013E-06 -2.803365667657E-05  3.496453726126E-02 -1.205948213100E-05 -2.849444059224E-03 -5.625886991721E-20 -4.460257512664E-21 -6.354183681920E-20 -1.251246590952E-03
  8.518794455535E+02  8.593794455535E+02  1.899936294213E+01 -2.795819247411E-14 -5.723386718824E-02  3.619545487899E+02  3.532853707748E-01  5.644488592815E-01 -1.722724982604E-01 -7.429708383711E-03 -1.048789658280E+00  3.402018961545E+00 -2.610730468832E-02  4.170194596194E-02 -1.559464127280E-02 -1.950429679906E-02  3.016702346478E-06  3.154224258353E-06 -1.284418743002E-06 -2.417317983256E-05  3.546876733954E-02 -3.154224278220E-06 -2.093349438644E-04 -7.194619619873E-20 -9.273972896157E-21 -3.826709965175E-20 -1.220423556973E-03
  8.668794455535E+02  8.743794455535E+02  1.903443100305E+01 -3.426878572577E-14 -5.703089885695E-02  3.632639728248E+02  3.297548489410E-01  5.501485316964E-01 -1.547610768199E-01 -6.552601645406E-03 -1.055823937461E+00  3.391676689795E+00 -2.514181923756E-02  4.125646531527E-02 -1.611464607815E-02 -2.018663828954E-02 -8.116506556809E-04 -3.212758219046E-06  1.061846454900E-07 -9.752813838426E-06  3.772141972645E-02  3.212758308050E-06  6.401014826116E-05 -4.424117442393E-20 -1.791219513990E-20 -1.276010918816E-20 -1.295312488504E-03
  8.818794455535E+02  8.893794455535E+02  1.907011348872E+01 -3.344802559924E-14 -5.719064892416E-02  3.645960497070E+02  3.059171594301E-01  5.441084095654E-01 -1.375557293149E-01 -5.061741698553E-03 -1.065836734216E+00  3.344086084052E+00 -2.428196418765E-02  4.001477836337E-02 -1.573281417552E-02 -2.059642246209E-02 -9.568168234604E-04 -5.718921651209E-07 -8.405219048050E-07 -1.849775438260E-06  3.560277662917E-02  5.718921600366E-07 -1.712333132049E-03 -4.089749251711E-20  4.125570259003E-21 -4.755044056670E-21 -1.236261019534E-03
  8.968794455535E+02  9.043794455535E+02  1.910119727527E+01 -2.938185227526E-14 -6.032653634282E-02  3.657590311787E+02  2.818117447196E-01  5.374975082359E-01 -1.191907951139E-01 -3.805966574915E-03 -1.132764434313E+00  3.301446560513E+00 -2.318954330405E-02  3.881206799887E-02 -1.562252469516E-02 -1.874292665599E-02  4.170298632347E-04  4.018748049045E-06 -2.136473497468E-06  5.416361074035E-06  3.447948556243E-02 -4.018747960414E-06  3.848628420795E-03 -6.192085056452E-20 -9.548799311726E-23  1.056224353690E-21 -1.160766364673E-03
  9.118794455535E+02  9.193794455535E+02  1.913478398676E+01 -2.746955845660E-14 -4.997635406337E-02  3.670185729635E+02  2.553133378522E-01  5.357313769758E-01 -1.009199464736E-01 -3.110269933728E-03 -9.486612959819E-01  3.268726226669E+00 -2.289668899840E-02  3.825287326745E-02 -1.535618426917E-02 -1.855670273285E-02 -3.525187262011E-03 -5.408890544437E-07 -3.542692238077E-06  5.709568537858E-06  3.447510241536E-02  5.408890446980E-07  8.672393041444E-03 -4.325930010788E-20  2.161146084823E-20  4.492786949816E-21 -1.117236346639E-03
  9.268794455535E+02  9.343794455535E+02  1.916581803086E+01 -2.889765972810E-14 -4.403234849079E-02  3.681833789908E+02  2.245066828170E-01  5.289144815254E-01 -8.240056352979E-02 -1.802832687042E-03 -8.356604694592E-01  3.261764444175E+00 -2.275096994702E-02  3.737215177623E-02 -1.462118182892E-02 -1.704468999184E-02 -2.540833478726E-03 -5.416344891547E-06 -2.256887080147E-06  1.077225146878E-05  3.242847215567E-02  5.416344899291E-06  1.024645091538E-02 -5.745918413466E-20 -2.493066275444E-21 -1.952884263358E-20 -1.018807601403E-03
  9.418794455535E+02  9.493794455535E+02  1.919552939712E+01 -2.788435917352E-14 -3.075879414898E-02  3.692989499892E+02  1.874346101647E-01  5.349792656724E-01 -6.333852492612E-02 -1.425134284928E-03 -5.934936314636E-01  3.257793166380E+00 -2.211681328197E-02  3.715350302616E-02 -1.503668974473E-02 -1.611484478430E-02 -4.425971859206E-03 -3.146815336568E-06  1.331664740443E-08  5.298665504300E-06  3.608179936564E-02  3.146815305151E-06  1.331219375870E-02 -2.701560967433E-20  7.184749092368E-21  2.810544751234E-20 -1.077833602764E-03
  9.568794455535E+02  9.643794455535E+02  1.923349213888E+01 -2.120009463119E-14 -1.911794473583E-02  3.707350249942E+02  1.426518091761E-01  5.376406236936E-01 -4.501229289751E-02 -6.603207330142E-04 -3.754104326077E-01  3.330673282075E+00 -2.205715203114E-02  3.762228040634E-02 -1.556512837450E-02 -1.871824610239E-02 -4.125154033831E-03  9.407434199445E-06 -4.421767030778E-07  7.451091750706E-06  4.581881558450E-02 -9.407434115552E-06  1.294165382183E-02 -1.737395682170E-20  1.580696695176E-20 -1.287120566622E-20 -1.316163317634E-03
  9.718794455535E+02  9.793794455535E+02  1.928152693921E+01 -1.126397557403E-14 -6.509059190458E-03  3.725922659347E+02  8.730547560240E-02  5.602310452249E-01 -2.594814596572E-02  2.484063335797E-05 -1.401478068214E-01  3.566571527082E+00 -2.329276342488E-02  4.139222099828E-02 -1.809945757265E-02 -2.389716830918E-02 -4.024823972710E-03  5.053037233480E-06 -2.643332917156E-06  4.785771968767E-06  6.282891606878E-02 -5.053037224073E-06  1.375366665710E-02 -6.159056436975E-20  5.456272427126E-21  2.658953362322E-20 -1.850834855390E-03
  9.868794455535E+02  9.943794455535E+02  1.935132821474E+01 -2.708143822042E-15  6.702403913858E-03  3.753413613512E+02  1.788201018548E-02  6.409558857551E-01 -7.854873763571E-03  3.642609123639E-05  9.226792612440E-02  3.549646860030E+00 -2.770982635588E-02  4.465778335161E-02 -1.694795699722E-02 -3.066762802220E-02 -3.983677971681E-03 -1.993943644337E-05 -1.922174524233E-06 -3.000917949922E-06  3.723414204140E-02  1.993943649800E-05  7.037634041890E-03 -5.545693985186E-20  3.665304918139E-21  7.752620390958E-20 -8.686458773129E-04
