                   y                  ym                   U                   V                   W                 U^2                 V^2                 W^2                  UV                  VW                  UW                VISC               SFSxx               SFSyy               SFSzz               SFSxy               SFSyz                dUdX                dVdX                dWdX                dUdY                dVdY                dWdY                dUdZ                dVdZ                dWdZ              SFSxym
 -4.000000000000E+00 -2.000000000000E+00  0.000000000000E+00  0.000000000000E+00  0.000000000000E+00  0.000000000000E+00  0.000000000000E+00  0.000000000000E+00  0.000000000000E+00  0.000000000000E+00  0.000000000000E+00  0.000000000000E+00  0.000000000000E+00  0.000000000000E+00  0.000000000000E+00  0.000000000000E+00  0.000000000000E+00  0.000000000000E+00  0.000000000000E+00  0.000000000000E+00  0.000000000000E+00  0.000000000000E+00  0.000000000000E+00  0.000000000000E+00  0.000000000000E+00  0.000000000000E+00  0.000000000000E+00
  2.220446049250E-16  2.000000000000E+00  7.996237268176E+00 -1.137831455936E-15 -6.940572466163E-02  6.650581841327E+01  5.983359258849E-02  7.642355493873E-01 -1.810508773382E-01 -1.492728656568E-03 -5.582194368230E-01  1.551615274847E+00 -2.796564731099E-03  1.299285685863E-02 -1.019629212718E-02 -6.437580791801E+00  4.501749062920E-02 -1.704751180601E-03 -1.391575283030E-04  2.355131884009E-05  3.593750562054E+01  1.704751180560E-03 -2.857779363981E-01  1.122255539897E-19 -2.266471940710E-21 -2.905371699044E-20 -2.259011217577E-02
  4.000000000000E+00  6.000000000000E+00  9.972785554438E+00 -2.819835185665E-15 -7.333162390366E-02  1.025443421086E+02  2.408376229703E-01  8.203175420124E-01 -3.895430997089E-01 -2.065308642919E-03 -7.378354251561E-01  6.261379770412E+00  3.582825648592E-01 -3.113229049097E-01 -4.695965995849E-02 -1.812087992292E+00 -7.858574347099E-02  4.148076480941E-04 -2.210548638433E-04  5.576187811530E-05  5.145548797538E+00 -4.148076481467E-04 -6.464477141562E-03  4.570210915018E-20  1.652389223048E-20 -4.029096611701E-20 -1.188083906152E-01
  8.000000000000E+00  1.000000000000E+01  1.056849577257E+01 -4.182284148631E-15 -7.276058341558E-02  1.142542624006E+02  3.066511726245E-01  7.748528882675E-01 -3.759113170440E-01 -2.171987624985E-03 -7.751826164516E-01  6.635791616057E+00  1.776873727192E-01 -4.120029871979E-01  2.343156144803E-01 -8.874810811187E-01 -2.828612554295E-02  3.900487366672E-04 -1.269824635273E-04  2.590036939772E-05  2.305875001983E+00 -3.900487366735E-04  5.084154275504E-03 -1.356610785695E-20 -1.238158961883E-20  6.553482240298E-20 -5.353530948800E-02
  1.200000000000E+01  1.400000000000E+01  1.112571676574E+01 -5.719384203797E-15 -7.070490976693E-02  1.262940640375E+02  3.452204900443E-01  7.610597807144E-01 -4.103049099194E-01 -2.200423366533E-03 -7.921913245525E-01  6.566141168241E+00  1.693438534311E-01 -3.814091493417E-01  2.120652959144E-01 -8.458864693656E-01 -2.729530919474E-03  2.460137871792E-04 -6.553627873231E-05 -8.941860686892E-05  1.892480031191E+00 -2.460137873062E-04  9.657712112735E-03 -8.379301429911E-21  1.316007052555E-20  1.020037887636E-19 -4.556446541944E-02
  1.600000000000E+01  1.800000000000E+01  1.151486803179E+01 -4.809706018877E-15 -6.789015675187E-02  1.349708288096E+02  3.751573606579E-01  7.497863039097E-01 -4.100771789873E-01 -2.404837564976E-03 -7.865256906394E-01  6.208414969404E+00  1.396878469472E-01 -3.448848870822E-01  2.051970401434E-01 -5.994532917278E-01 -2.110549359293E-03  1.497863059858E-04 -3.654384776711E-05 -5.960459890037E-05  1.457122755174E+00 -1.497863059607E-04  1.249080523579E-02  1.545514652894E-20 -1.839962409937E-20  9.872281126149E-20 -3.456340321178E-02
  2.000000000000E+01  2.200000000000E+01  1.185439824875E+01 -1.018271260136E-15 -6.455040844783E-02  1.428485155571E+02  4.001081189730E-01  7.442247498116E-01 -4.204821197328E-01 -2.346414654639E-03 -7.704350728134E-01  5.969880658700E+00  1.249582010942E-01 -3.164673849324E-01  1.915091838337E-01 -5.160761691534E-01 -4.023393892043E-03  4.868705207033E-05 -2.737004509706E-05  2.850059541434E-05  1.227475023434E+00 -4.868705212573E-05  1.446528376594E-02 -3.154183287139E-20 -3.231980012974E-20  1.038342997649E-19 -2.917270099178E-02
  2.400000000000E+01  2.600000000000E+01  1.212870534813E+01  2.936367006027E-15 -6.067556995829E-02  1.493627771407E+02  4.210351703982E-01  7.382618893278E-01 -4.214640841420E-01 -2.582698722766E-03 -7.420620787701E-01  5.708052313668E+00  1.091661898840E-01 -2.912278166777E-01  1.820616267908E-01 -4.171100812701E-01 -4.699751175607E-03  7.476115740356E-05 -2.274862384825E-05 -3.441804582160E-05  1.036936061046E+00 -7.476115734805E-05  1.396006526208E-02  4.129214687079E-20 -3.660701540868E-20  1.189568501341E-19 -2.437533510852E-02
  2.800000000000E+01  3.000000000000E+01  1.237286203928E+01  7.343710708985E-15 -5.765272154158E-02  1.553046552631E+02  4.382044103567E-01  7.329484123006E-01 -4.253571357269E-01 -2.617425506630E-03 -7.203085359447E-01  5.502387500302E+00  9.745213083032E-02 -2.691708408815E-01  1.717187100503E-01 -3.659782431111E-01 -4.518604659683E-03  4.874873158842E-05 -1.882951935916E-05 -5.375217069231E-05  9.145859885742E-01 -4.874873167637E-05  1.150638826560E-02  1.013085508106E-20  1.650742763949E-20  1.194391130525E-19 -2.138267174535E-02
  3.200000000000E+01  3.400000000000E+01  1.258584596006E+01  1.318290875768E-14 -5.503075631683E-02  1.605840701375E+02  4.522016193432E-01  7.278948526000E-01 -4.258696851238E-01 -2.848996155001E-03 -6.991949980471E-01  5.305169158430E+00  8.690245285265E-02 -2.500930685520E-01  1.631906156985E-01 -3.184834933494E-01 -4.101418708069E-03  5.547695158029E-05 -1.202492539057E-05 -3.817832059372E-05  8.142481941249E-01 -5.547695140417E-05  9.987806530488E-03  4.153378446789E-20 -2.059998364572E-20  1.667314988257E-19 -1.891416022568E-02
  3.600000000000E+01  3.800000000000E+01  1.277986838665E+01  1.968108864538E-14 -5.270313469374E-02  1.654829223294E+02  4.634539059175E-01  7.248335267982E-01 -4.272272561295E-01 -3.011065553223E-03 -6.797558284974E-01  5.143430286082E+00  7.921469425240E-02 -2.346401569947E-01  1.554254627419E-01 -2.883309886854E-01 -3.926708748019E-03  3.192728746929E-05 -4.263193740106E-06 -6.068168975762E-06  7.396879206312E-01 -3.192728750231E-05  1.050112485817E-02 -1.757818580452E-20 -2.767750099748E-20  1.753241338231E-19 -1.711770238348E-02
  4.000000000000E+01  4.200000000000E+01  1.295567871353E+01  2.480435099215E-14 -4.978446260119E-02  1.699867010291E+02  4.724195003628E-01  7.221335919210E-01 -4.273718694951E-01 -3.261326520431E-03 -6.505188400511E-01  4.995491893659E+00  7.343117588951E-02 -2.216572424971E-01  1.482260666039E-01 -2.600062153720E-01 -4.082175557234E-03  3.636429399454E-05  3.269420790897E-06  1.833308269420E-05  6.772817984778E-01 -3.636429382334E-05  1.186552685142E-02  1.756570708616E-20 -2.610358615908E-20  1.488488036580E-19 -1.560554808113E-02
  4.400000000000E+01  4.600000000000E+01  1.311861194898E+01  2.705195298094E-14 -4.669356672672E-02  1.742188887336E+02  4.796139292355E-01  7.196584448545E-01 -4.277050259649E-01 -3.565181625435E-03 -6.179379781021E-01  4.866213069746E+00  6.809303141976E-02 -2.104363367435E-01  1.423433053227E-01 -2.390620433738E-01 -4.106861593140E-03  3.822858777478E-05  8.453253696887E-06 -1.706967639270E-05  6.283930047619E-01 -3.822858778717E-05  1.167075044240E-02 -7.837533477187E-20 -7.868333061854E-21  1.578207673567E-19 -1.435152029760E-02
  4.800000000000E+01  5.000000000000E+01  1.326988924873E+01  2.931047274104E-14 -4.391218777391E-02  1.781957824300E+02  4.852719430143E-01  7.163369119639E-01 -4.273451731472E-01 -3.749347547827E-03 -5.887066486024E-01  4.741596627014E+00  6.268545897115E-02 -1.998167782391E-01  1.371313192690E-01 -2.204400100274E-01 -3.611477051970E-03  6.692515073711E-05  1.197782063241E-05 -2.864439486542E-05  5.885131744440E-01 -6.692515072739E-05  1.124125085852E-02  8.422108762472E-21  7.731003354010E-22  1.441013709984E-19 -1.335490019511E-02
  5.200000000000E+01  5.400000000000E+01  1.341284911056E+01  3.328329857092E-14 -4.110775241895E-02  1.820012891790E+02  4.895665264088E-01  7.119898613689E-01 -4.271283494014E-01 -3.991276409471E-03 -5.577624062321E-01  4.633912049996E+00  5.908124648148E-02 -1.912359704124E-01  1.321547239326E-01 -2.069694977088E-01 -3.732876258355E-03  1.283592858290E-05  1.306498947240E-05  2.226518587296E-05  5.549081963188E-01 -1.283592840197E-05  1.233129309912E-02 -1.518668766858E-21  3.145365292835E-20  1.461754129440E-19 -1.250909634301E-02
  5.600000000000E+01  5.800000000000E+01  1.354731494223E+01  3.667312460653E-14 -3.777164353774E-02  1.856211559176E+02  4.927090096897E-01  7.075354413414E-01 -4.267195048256E-01 -4.159894335920E-03 -5.189774648345E-01  4.527384897545E+00  5.548316006379E-02 -1.831146555358E-01  1.276314954694E-01 -1.932562611365E-01 -3.899235309156E-03  7.726648527007E-06  1.353520980029E-05  3.656196905592E-05  5.233910353152E-01 -7.726648548049E-06  1.504370916296E-02 -4.299304442400E-20 -2.450277010619E-20  1.252489529156E-19 -1.170239077400E-02
  6.000000000000E+01  6.200000000000E+01  1.367462679056E+01  3.676726515837E-14 -3.353888781869E-02  1.890821210639E+02  4.948646823203E-01  7.015703610976E-01 -4.262109238878E-01 -4.347246565720E-03 -4.668500871561E-01  4.432085567555E+00  5.241480262095E-02 -1.760496587585E-01  1.236348561369E-01 -1.813240586589E-01 -4.907681161610E-03  3.827270941551E-05  1.241833367586E-05  1.630253638783E-05  4.952849082390E-01 -3.827270971472E-05  1.730602731831E-02 -2.999679778147E-20 -6.673330110181E-21  9.366506871883E-20 -1.099993209526E-02
  6.400000000000E+01  6.600000000000E+01  1.379492775102E+01  3.516135632075E-14 -2.899344225236E-02  1.923835661006E+02  4.962766705319E-01  6.954419890179E-01 -4.255899494009E-01 -4.564294542623E-03 -4.090089814396E-01  4.344295180927E+00  4.925004566319E-02 -1.693169778635E-01  1.200669321996E-01 -1.707006693014E-01 -5.340215451821E-03 -1.182336852942E-05  1.267501219884E-05  1.907425506693E-05  4.707138186661E-01  1.182336847972E-05  1.929051125704E-02 -3.184151466691E-20 -5.030262128572E-22  1.221203625490E-19 -1.036048726647E-02
  6.800000000000E+01  7.000000000000E+01  1.390989483851E+01  3.475644222659E-14 -2.388769996548E-02  1.955652515993E+02  4.971602141436E-01  6.899885690266E-01 -4.247667144408E-01 -4.734104661580E-03 -3.424354279360E-01  4.256885656484E+00  4.625663916414E-02 -1.630319327412E-01  1.167752935789E-01 -1.611262162467E-01 -5.857749420860E-03  6.490154875350E-06  1.581614405166E-05  2.011542346381E-05  4.508620301155E-01 -6.490154884916E-06  2.034310436125E-02  3.981723242583E-20  1.990171350406E-20  1.651044060311E-19 -9.834335758676E-03
  7.200000000000E+01  7.400000000000E+01  1.402042317787E+01  3.795189856826E-14 -1.892625168824E-02  1.986508013057E+02  4.977641895704E-01  6.848642602877E-01 -4.239906283618E-01 -4.964906579218E-03 -2.765051388480E-01  4.182309861037E+00  4.403283756766E-02 -1.574563051309E-01  1.134234675618E-01 -1.534701007074E-01 -5.741740795491E-03 -3.671653835003E-05  1.802973211607E-05  9.840820787371E-07  4.321486721768E-01  3.671653834832E-05  1.978686566621E-02  4.489109867463E-20 -6.087345229267E-21  9.457967485118E-20 -9.334714966173E-03
  7.600000000000E+01  7.800000000000E+01  1.412599131717E+01  4.488681590771E-14 -1.403243279073E-02  2.016196339203E+02  4.982115306659E-01  6.801175246234E-01 -4.230547833163E-01 -5.120820009975E-03 -2.107533237750E-01  4.107477338244E+00  4.134536892792E-02 -1.519910939045E-01  1.106457249735E-01 -1.452591965997E-01 -5.199212385064E-03 -2.175853265624E-06  1.927273313508E-05  4.626593136333E-05  4.114093482959E-01  2.175853408016E-06  1.876593178319E-02  2.155335839369E-20 -2.314543543010E-20  1.103719280399E-19 -8.826762345872E-03
  8.000000000000E+01  8.200000000000E+01  1.422607124100E+01  4.875594950919E-14 -9.483735483274E-03  2.044566260516E+02  4.983900686510E-01  6.764745357855E-01 -4.221314718919E-01 -5.294394054899E-03 -1.495452251048E-01  4.034227751914E+00  3.933657553601E-02 -1.472330381550E-01  1.078964626189E-01 -1.371812045108E-01 -4.732195932794E-03  4.109485442509E-06  1.990849381803E-05  6.038289511294E-05  3.907988466226E-01 -4.109485585098E-06  1.774647168783E-02  2.837397784278E-20 -2.874944323013E-20  1.490871430960E-19 -8.334827346471E-03
  8.400000000000E+01  8.600000000000E+01  1.432139626632E+01  5.331907080205E-14 -5.107923876124E-03  2.071774803029E+02  4.985337647568E-01  6.738167456080E-01 -4.210298051792E-01 -5.403202802546E-03 -8.951735550419E-02  3.969392720912E+00  3.765137329079E-02 -1.430602185574E-01  1.054088452669E-01 -1.298514144981E-01 -4.839935682420E-03  7.704933151648E-06  1.936115379432E-05  2.496770325294E-05  3.726683429810E-01 -7.704933058090E-06  1.708874147881E-02 -6.642299940648E-21  4.704555272027E-22  1.160490570767E-19 -7.917133342514E-03
  8.800000000000E+01  9.000000000000E+01  1.441245342622E+01  6.377229647136E-14 -8.870451762677E-04  2.097918084767E+02  4.987427720441E-01  6.718804265115E-01 -4.198057036741E-01 -5.540439537088E-03 -2.998626613482E-02  3.910566582240E+00  3.593663343419E-02 -1.390865284997E-01  1.031498950660E-01 -1.237736644948E-01 -4.899892525659E-03  4.184169927108E-05  1.929396589814E-05  4.067499762083E-05  3.581773587225E-01 -4.184169927315E-05  1.765636619655E-02  5.394355941965E-20 -1.150914952762E-21  9.088909996770E-20 -7.594340728717E-03
  9.200000000000E+01  9.400000000000E+01  1.450052527245E+01  6.965869981529E-14  3.809454366821E-03  2.123365972484E+02  4.990038206203E-01  6.701943619619E-01 -4.185877145602E-01 -5.621949068092E-03  3.712265889030E-02  3.853802506448E+00  3.455373502643E-02 -1.354908441597E-01  1.009371091325E-01 -1.191338559922E-01 -4.927527797066E-03 -1.992766941618E-06  1.783795374817E-05  4.879307672263E-05  3.473382385482E-01  1.992767018658E-06  1.958167721903E-02  9.668782503367E-20  9.474445460567E-21  1.156723248300E-19 -7.285458387580E-03
  9.600000000000E+01  9.800000000000E+01  1.458616093950E+01  7.174913701363E-14  8.888470352274E-03  2.148269026622E+02  4.993364005602E-01  6.688292010642E-01 -4.171917985478E-01 -5.733557815453E-03  1.103021822593E-01  3.801099964946E+00  3.327500335055E-02 -1.320072635432E-01  9.873226019208E-02 -1.144362874654E-01 -5.394218844932E-03  1.088049700035E-05  1.143062780658E-05  4.083440462848E-05  3.385212568649E-01 -1.088049705375E-05  1.928896544755E-02  1.593108729803E-20  2.543112193068E-20  1.708548600095E-19 -7.039146784372E-03
  1.000000000000E+02  1.020000000000E+02  1.466974878212E+01  7.885187077936E-14  1.340860094586E-02  2.172717738013E+02  4.996984039321E-01  6.678674628191E-01 -4.157756117859E-01 -5.841016010513E-03  1.763619963028E-01  3.750896865798E+00  3.187103208780E-02 -1.286070443544E-01  9.673601226859E-02 -1.108430487623E-01 -4.860272987494E-03 -1.256104231459E-05  4.690756956598E-06  2.263322388264E-05  3.294127621993E-01  1.256104239129E-05  1.731065064829E-02  3.703575407664E-20  1.006832915498E-20  1.229049081707E-19 -6.787696765624E-03
  1.040000000000E+02  1.060000000000E+02  1.475079956724E+01  8.200379828308E-14  1.756373813621E-02  2.196574247340E+02  4.999502477022E-01  6.670969731813E-01 -4.143582236277E-01 -5.946784595205E-03  2.381954887679E-01  3.700410149959E+00  3.017094855209E-02 -1.251672978874E-01  9.499634933517E-02 -1.064449867849E-01 -4.702665311206E-03  4.330667409751E-06  1.136278870017E-06  4.567161401368E-06  3.198106103989E-01 -4.330667497562E-06  1.696631153012E-02  3.546099764717E-20 -5.085916539087E-21  1.318468050366E-19 -6.539278700454E-03
  1.080000000000E+02  1.100000000000E+02  1.482966786355E+01  7.978389765980E-14  2.188270797156E-02  2.219917950038E+02  4.998590858345E-01  6.664640024286E-01 -4.127314841779E-01 -6.059049159249E-03  3.041970612054E-01  3.651283508893E+00  2.866878716439E-02 -1.217817156636E-01  9.311292850084E-02 -1.026220054720E-01 -4.655970810805E-03  3.099363937507E-06 -2.239815575339E-06  1.466449530681E-05  3.106634551427E-01 -3.099363875221E-06  1.766388708444E-02  3.883288549401E-20  1.286205901957E-20  1.086873007444E-19 -6.320301807067E-03
  1.120000000000E+02  1.140000000000E+02  1.490616101357E+01  8.179526601755E-14  2.637337373698E-02  2.242670554617E+02  4.993885328944E-01  6.656970817640E-01 -4.111515710225E-01 -6.171805196120E-03  3.729824820910E-01  3.605802844190E+00  2.747568683642E-02 -1.187455114277E-01  9.126982458968E-02 -9.959187870477E-02 -4.433885656373E-03 -3.979862930777E-05 -5.107955068753E-06  2.579255690319E-05  3.013911294051E-01  3.979862922574E-05  1.816741284181E-02  7.714638606036E-20 -1.590016117726E-20  1.032188527236E-19 -6.103443924832E-03
  1.160000000000E+02  1.180000000000E+02  1.498035171128E+01  8.308559988739E-14  3.099121122040E-02  2.264846801752E+02  4.986077064542E-01  6.641923651997E-01 -4.094346560516E-01 -6.291362759834E-03  4.446195480527E-01  3.559941344345E+00  2.644179037560E-02 -1.161634257844E-01  8.972163540908E-02 -9.570569112705E-02 -4.409180016590E-03 -3.221983594520E-06 -4.513197950614E-06  1.937637270634E-05  2.921233191295E-01  3.221983702806E-06  1.755576233448E-02  5.681637717053E-21  2.048808772538E-21  1.202104296816E-19 -5.876697127861E-03
  1.200000000000E+02  1.220000000000E+02  1.505225479131E+01  8.192219790269E-14  3.521971956705E-02  2.286437758255E+02  4.975165783630E-01  6.613492008301E-01 -4.077660729728E-01 -6.399906364985E-03  5.093932250959E-01  3.517535039379E+00  2.548395441686E-02 -1.134037894771E-01  8.791983505924E-02 -9.249549426627E-02 -3.923215425362E-03 -1.005666998740E-05 -1.905369448474E-06  7.172332530006E-06  2.847399184049E-01  1.005667001055E-05  1.713175657382E-02  5.083315224482E-20  2.579676727712E-20  1.033164082211E-19 -5.699550689653E-03
  1.240000000000E+02  1.260000000000E+02  1.512273058359E+01  8.392065146100E-14  3.959718131325E-02  2.307703846014E+02  4.961919540572E-01  6.579030533980E-01 -4.060300995451E-01 -6.499091748931E-03  5.776135932662E-01  3.479618480013E+00  2.475942635984E-02 -1.111639388344E-01  8.640451247592E-02 -8.979163198784E-02 -4.177803592275E-03 -3.720713876649E-05  2.143938397101E-06  8.551929806906E-06  2.794364739611E-01  3.720713885472E-05  1.729611656596E-02  6.815471920708E-20 -1.615441235429E-20  1.071183490160E-19 -5.517999289361E-03
  1.280000000000E+02  1.300000000000E+02  1.519195969626E+01  8.470812267770E-14  4.385409299538E-02  2.328714723863E+02  4.946777447657E-01  6.542883353213E-01 -4.042669668648E-01 -6.674452172053E-03  6.453019624973E-01  3.435191910359E+00  2.368405637843E-02 -1.087044013524E-01  8.502034497291E-02 -8.672934072063E-02 -3.990786734203E-03 -1.674005971205E-05  5.977134067813E-06  8.410665948627E-06  2.720177472762E-01  1.674005953947E-05  1.625495361311E-02  5.082534956036E-20  2.186191412285E-20  9.462405198587E-20 -5.330218466932E-03
  1.320000000000E+02  1.340000000000E+02  1.525878991024E+01  8.318650123485E-14  4.769154274859E-02  2.349090786493E+02  4.930162697987E-01  6.507777252792E-01 -4.023964885693E-01 -6.789143881404E-03  7.075232413334E-01  3.394200149790E+00  2.296658229837E-02 -1.063941295072E-01  8.342754720886E-02 -8.379318129348E-02 -3.561810583206E-03 -6.716776568348E-07  6.072550343170E-06 -1.393162441920E-06  2.643231852176E-01  6.716778127941E-07  1.517068116956E-02  7.459066585635E-20  6.730990471892E-21  9.707545075083E-20 -5.164014287645E-03
  1.360000000000E+02  1.380000000000E+02  1.532417725565E+01  9.003137818597E-14  5.142718033494E-02  2.369109632041E+02  4.912443052850E-01  6.480301748707E-01 -4.005422374629E-01 -6.944250764477E-03  7.697479150366E-01  3.362773377017E+00  2.263306840778E-02 -1.046704698657E-01  8.203740145662E-02 -8.146269346755E-02 -3.545883060313E-03  4.158709054337E-05  4.575475575069E-06  4.172899792863E-06  2.601691949768E-01 -4.158709067231E-05  1.344527693418E-02  9.771745848623E-21  6.831490523483E-20  1.553039667800E-19 -5.036149608645E-03
  1.400000000000E+02  1.420000000000E+02  1.538897229396E+01  9.952225502041E-14  5.441628550615E-02  2.389040915544E+02  4.894587595408E-01  6.454141359915E-01 -3.986574986706E-01 -7.100303709427E-03  8.210803656489E-01  3.330899554120E+00  2.211263221798E-02 -1.031261553486E-01  8.101352312873E-02 -7.966311751883E-02 -2.950744312673E-03  1.205971260418E-05  2.488148108757E-06  1.551832781017E-05  2.554627365182E-01 -1.205971231074E-05  1.104894850301E-02  6.159226366618E-20  6.753877707223E-21  1.189862979733E-19 -4.914060762330E-03
  1.440000000000E+02  1.460000000000E+02  1.545196602776E+01  1.017849955434E-13  5.690118846626E-02  2.408495342597E+02  4.877464021931E-01  6.428414339874E-01 -3.967577227943E-01 -7.206842254808E-03  8.648381873517E-01  3.297594140842E+00  2.140110913219E-02 -1.012314874571E-01  7.983037832530E-02 -7.734134262097E-02 -2.904702401583E-03 -2.890162010869E-05  4.785846116541E-07  2.154509616128E-05  2.500007769977E-01  2.890162012278E-05  9.268300044152E-03  6.783683510891E-20  1.921314124711E-20  1.059431997722E-19 -4.770631316140E-03
  1.480000000000E+02  1.500000000000E+02  1.551392164865E+01  1.037877921265E-13  5.898303109232E-02  2.427699431730E+02  4.860650616073E-01  6.402361906681E-01 -3.948633301493E-01 -7.350559287091E-03  9.029791131093E-01  3.258194507200E+00  2.061061456156E-02 -9.894907394272E-02  7.833845938282E-02 -7.516981054143E-02 -2.747541951108E-03  1.667279484486E-05  1.114313984433E-07  2.547151499995E-05  2.440818564185E-01 -1.667279471323E-05  7.753056849789E-03  6.471031021995E-20 -2.844755180686E-21  1.063838648690E-19 -4.622914230641E-03
  1.520000000000E+02  1.540000000000E+02  1.557403661209E+01  1.055589257858E-13  6.075857616633E-02  2.446405722292E+02  4.842909246085E-01  6.370882498675E-01 -3.929443701514E-01 -7.462001740832E-03  9.370183122641E-01  3.220932468685E+00  1.997354029727E-02 -9.683134697377E-02  7.685780667612E-02 -7.269413240470E-02 -2.264767907961E-03  3.724650133128E-05 -2.383542120849E-06  1.844471645266E-05  2.365998967551E-01 -3.724650133937E-05  7.503414130546E-03  8.403547023999E-20 -3.285045880459E-20  1.400945010476E-19 -4.463528221097E-03
  1.560000000000E+02  1.580000000000E+02  1.563235386693E+01  1.044321108539E-13  6.271000918110E-02  2.464633934056E+02  4.824581553207E-01  6.335833494351E-01 -3.911098427541E-01 -7.542727970953E-03  9.739182668570E-01  3.190144085626E+00  1.913977656658E-02 -9.511253101509E-02  7.597275444815E-02 -7.009601932093E-02 -2.417915495366E-03 -1.478932826782E-05 -1.044372412702E-05  3.733575183457E-05  2.301904111236E-01  1.478932835561E-05  8.829562768022E-03  1.199280055743E-19 -5.833775827526E-21  1.095275076188E-19 -4.312551326162E-03
  1.600000000000E+02  1.620000000000E+02  1.568912868871E+01  1.035732540134E-13  6.514353947692E-02  2.482428945129E+02  4.806575063029E-01  6.294997362478E-01 -3.891372999437E-01 -7.590356589224E-03  1.017858775698E+00  3.155098134608E+00  1.813190099196E-02 -9.310341360201E-02  7.497151261001E-02 -6.788990975526E-02 -2.687816638538E-03 -1.154783239740E-05 -1.819047710150E-05  4.204268043605E-05  2.254235766703E-01  1.154783233450E-05  1.062342809387E-02  6.982019522153E-20 -1.057051739002E-20  1.091992726281E-19 -4.185773602686E-03
  1.640000000000E+02  1.660000000000E+02  1.574495447104E+01  1.008396798725E-13  6.800297778717E-02  2.499982226752E+02  4.789686350430E-01  6.264976334017E-01 -3.872717381880E-01 -7.683930709716E-03  1.068390492359E+00  3.118813398235E+00  1.752150679607E-02 -9.105965011305E-02  7.353814331578E-02 -6.622582448968E-02 -2.986599811605E-03  3.387007630497E-06 -2.189445585760E-05  1.412357453411E-05  2.223793920090E-01 -3.387007644841E-06  1.103788848546E-02  1.298399119939E-19  1.910161611420E-20  7.439320732362E-20 -4.086586934045E-03
  1.680000000000E+02  1.700000000000E+02  1.580028812899E+01  9.628155125388E-14  7.063093330219E-02  2.517433474876E+02  4.773257039768E-01  6.240769808994E-01 -3.853298320543E-01 -7.813846869771E-03  1.114423023406E+00  3.089166886247E+00  1.702744059099E-02 -8.921868570346E-02  7.219124511289E-02 -6.464560196542E-02 -2.862198869655E-03  8.208146128543E-06 -2.500841570922E-05  1.667826693648E-05  2.195187773982E-01 -8.208146185276E-06  8.773696790714E-03  1.222578458443E-19  2.379764356256E-20  1.454284456060E-19 -3.991367724815E-03
  1.720000000000E+02  1.740000000000E+02  1.585473409013E+01  9.551972244854E-14  7.236877646459E-02  2.534666799707E+02  4.755893122037E-01  6.208288777328E-01 -3.834991552957E-01 -7.919240576336E-03  1.146018392679E+00  3.061534584851E+00  1.654881142784E-02 -8.748778387818E-02  7.093897245036E-02 -6.302192342854E-02 -2.273631092667E-03  2.315223346786E-05 -2.829877939603E-05  2.593123322526E-05  2.173476666412E-01 -2.315223344786E-05  6.156540711096E-03  7.792816322939E-20 -6.130920965724E-21  1.012925870755E-19 -3.902173406642E-03
  1.760000000000E+02  1.780000000000E+02  1.590893457319E+01  9.486720299659E-14  7.367367824890E-02  2.551882661791E+02  4.736923139397E-01  6.170063294960E-01 -3.816761783728E-01 -8.044007444083E-03  1.170439174596E+00  3.029720141953E+00  1.589140084992E-02 -8.565572107726E-02  6.976432022806E-02 -6.190392487564E-02 -1.959370211699E-03  6.859551932192E-06 -2.961203406853E-05  2.368479137389E-05  2.139199082183E-01 -6.859551969795E-06  4.527486763087E-03  1.364080830489E-19 -2.521560251794E-21  8.813570579148E-20 -3.809404204377E-03
  1.800000000000E+02  1.820000000000E+02  1.596163645139E+01  9.092481332377E-14  7.461906191093E-02  2.568658212806E+02  4.716940629829E-01  6.128066040413E-01 -3.799423980163E-01 -8.117353596722E-03  1.189261558273E+00  2.997081085410E+00  1.509532297929E-02 -8.396603767778E-02  6.887071470023E-02 -5.985144242768E-02 -1.581936321966E-03  2.180898592304E-05 -2.789365552910E-05  2.363005930633E-05  2.080931773133E-01 -2.180898587133E-05  3.132764521005E-03  1.165850338110E-19 -3.742550227033E-20  1.015083865618E-19 -3.692084046917E-03
  1.840000000000E+02  1.860000000000E+02  1.601299656215E+01  8.840786804888E-14  7.528981825058E-02  2.585054965833E+02  4.697581965930E-01  6.085079686795E-01 -3.780272854514E-01 -8.206554194434E-03  1.204789225056E+00  2.967225246835E+00  1.457055347079E-02 -8.245715884567E-02  6.788660537593E-02 -5.819225307704E-02 -1.503103350848E-03  3.959243591900E-05 -2.574766178410E-05  1.953082413941E-05  2.022766158979E-01 -3.959243594007E-05  2.427730957535E-03  7.986104611715E-20  8.590672315072E-21  9.081689172329E-20 -3.578637635684E-03
  1.880000000000E+02  1.900000000000E+02  1.606286555035E+01  8.707006961493E-14  7.587939762477E-02  2.601029666980E+02  4.679031149948E-01  6.045802207278E-01 -3.764038167267E-01 -8.266032941113E-03  1.219585588917E+00  2.935647523110E+00  1.418899500570E-02 -8.076712531214E-02  6.657813030803E-02 -5.640980503857E-02 -1.498825523065E-03  1.742026578594E-05 -2.525742398319E-05  2.152169660309E-05  1.972956907563E-01 -1.742026575606E-05  1.919295994554E-03  7.784410580923E-20  6.261959123078E-21  9.907258761298E-20 -3.479065347780E-03
  1.920000000000E+02  1.940000000000E+02  1.611163041654E+01  8.383038100496E-14  7.630484985501E-02  2.616680899637E+02  4.660043264391E-01  6.011620339903E-01 -3.745283570749E-01 -8.311942989286E-03  1.232119962155E+00  2.901955707186E+00  1.390950981349E-02 -7.913791477592E-02  6.522840496265E-02 -5.481407760173E-02 -1.217350624284E-03 -5.752588727363E-06 -2.355212228518E-05  1.854316771202E-05  1.921297701194E-01  5.752588709474E-06  7.824910098182E-04  1.156890742551E-19  7.133727242087E-21  8.567257496147E-20 -3.364124182581E-03
  1.960000000000E+02  1.980000000000E+02  1.615885545740E+01  7.981749318200E-14  7.633158495573E-02  2.631888571108E+02  4.640982047855E-01  5.982444509930E-01 -3.730196623270E-01 -8.344269999632E-03  1.237930784826E+00  2.875515958286E+00  1.352169400113E-02 -7.786871008016E-02  6.434701607961E-02 -5.280663302305E-02 -8.357410699667E-04  1.773705839516E-05 -1.938758021677E-05  1.393441301712E-05  1.864443709318E-01 -1.773705845656E-05 -4.844433801256E-04  1.612594975601E-19  4.626337192202E-21  9.946946283609E-20 -3.232450007573E-03
  2.000000000000E+02  2.020600000000E+02  1.620486881147E+01  7.572727080823E-14  7.609635997668E-02  2.646736356912E+02  4.619747654028E-01  5.950690900551E-01 -3.711502315182E-01 -8.331939112040E-03  1.239600875897E+00  2.851900245568E+00  1.260017991317E-02 -7.539677344779E-02  6.279659353393E-02 -5.099983931131E-02 -2.103729912211E-04  2.385432484249E-05 -1.594301091855E-05  2.385003553318E-05  1.809591584969E-01 -2.385432490115E-05 -1.167940152757E-03  1.181845070513E-19  8.452403771465E-21  1.052068624982E-19 -3.175486715153E-03
  2.041200000000E+02  2.062418000000E+02  1.625204625112E+01  7.171731929388E-14  7.575643582404E-02  2.662022699451E+02  4.597518931679E-01  5.921387293655E-01 -3.694589109964E-01 -8.330447592932E-03  1.240452827060E+00  2.834683522594E+00  1.144664767703E-02 -7.285313677302E-02  6.140648909805E-02 -5.066990779965E-02 -2.870871837158E-04  1.487848120333E-07 -1.309177932494E-05  2.521696506703E-05  1.781434094830E-01 -1.487847043643E-07 -1.166152113302E-03  1.860330506561E-19  2.393189375596E-20  1.053424857848E-19 -3.132386702149E-03
  2.083636000000E+02  2.105490540000E+02  1.629934585555E+01  6.885158386714E-14  7.549139007381E-02  2.677393816869E+02  4.575093174542E-01  5.886658781740E-01 -3.676544583361E-01 -8.303400649718E-03  1.243277760943E+00  2.812309038788E+00  1.059352989221E-02 -7.046894343615E-02  5.987541354355E-02 -4.957350478164E-02 -3.640352614764E-05  1.681420756972E-07 -1.179969084305E-05  2.508028583255E-05  1.724294535545E-01 -1.681424095792E-07 -4.555218416298E-04  8.256188491514E-20  8.221704878720E-21  6.432228996430E-20 -3.051528242260E-03
  2.127345080000E+02  2.149855256200E+02  1.634625209282E+01  6.558524845897E-14  7.551710019887E-02  2.692676224358E+02  4.554136378402E-01  5.851419564820E-01 -3.658834488341E-01 -8.270639982204E-03  1.250705716722E+00  2.791213473304E+00  9.888004567360E-03 -6.810321759556E-02  5.821521302897E-02 -4.806259590351E-02  4.787086067512E-05 -3.482603766248E-06 -1.145639051237E-05  3.083436613596E-05  1.674861159929E-01  3.482603936882E-06  6.018890115285E-04  5.805902942026E-20 -2.025323216799E-20  5.839711413700E-20 -2.977780575562E-03
  2.172365432400E+02  2.195550913886E+02  1.639358153897E+01  6.127320092281E-14  7.585875453744E-02  2.708150703676E+02  4.535195907611E-01  5.822509015869E-01 -3.640856874328E-01 -8.262351474221E-03  1.264608895251E+00  2.769219516020E+00  8.959145534111E-03 -6.513984372938E-02  5.618069819427E-02 -4.736102491308E-02  5.956029074990E-05 -1.192954320525E-05 -9.207388186086E-06  1.687771995967E-05  1.652439938570E-01  1.192954310258E-05  6.581065409781E-04  1.901404119499E-19  3.031204305165E-20  8.571539377658E-20 -2.944777979221E-03
  2.218736395372E+02  2.242617441303E+02  1.644205847478E+01  5.923343586456E-14  7.591767570290E-02  2.724045558993E+02  4.517591593753E-01  5.799367008912E-01 -3.623579976832E-01 -8.165609674666E-03  1.275327035526E+00  2.746727541289E+00  7.907136487265E-03 -6.215861838533E-02  5.425148189871E-02 -4.683277325637E-02  2.666880251711E-04 -9.689722196609E-06 -7.105545832942E-06  8.416616455569E-06  1.611493942901E-01  9.689722310496E-06 -6.466001643485E-04  9.732568239328E-20  2.795045889968E-21  8.999492801040E-20 -2.887451970949E-03
  2.266498487233E+02  2.291095964542E+02  1.648982955528E+01  6.023773436078E-14  7.547277856419E-02  2.739741543165E+02  4.500761245802E-01  5.771474068547E-01 -3.606449649385E-01 -8.074829559865E-03  1.278136806755E+00  2.724883460037E+00  6.972766117344E-03 -5.940276435158E-02  5.242999823302E-02 -4.545291393660E-02  6.622252538568E-04 -8.227005207830E-06 -5.479584057262E-06  7.104171241587E-06  1.552850756367E-01  8.227005118083E-06 -3.191986064307E-03  1.565931845482E-19 -2.770013988921E-21  4.171207934029E-20 -2.808131437348E-03
  2.315693441850E+02  2.341028843478E+02  1.653756825125E+01  6.188961091299E-14  7.396039420036E-02  2.755466658536E+02  4.483973956700E-01  5.739571291238E-01 -3.588107703443E-01 -7.946089613313E-03  1.262782984750E+00  2.706960273148E+00  6.398255208821E-03 -5.668525983006E-02  5.028700462088E-02 -4.435678155233E-02  1.518589227480E-03  7.118108969485E-06 -4.613537795935E-06  4.242472662912E-07  1.507873413395E-01 -7.118108924622E-06 -4.450710682500E-03  1.421277896150E-19 -8.399321737851E-21  2.830638933399E-20 -2.739510193314E-03
  2.366364245106E+02  2.392459708782E+02  1.658536360338E+01  6.287579484843E-14  7.264854474598E-02  2.771239612950E+02  4.466130644097E-01  5.706780814109E-01 -3.570964925508E-01 -7.737344784266E-03  1.248333854343E+00  2.686770191565E+00  5.403268802857E-03 -5.381832061186E-02  4.841505180935E-02 -4.350570397292E-02  1.342217284423E-03 -1.276662647142E-05 -6.553092333945E-06  1.882345304582E-07  1.477119765708E-01  1.276662653106E-05 -3.553070695284E-03  2.107473298542E-19  4.490683759765E-21  7.909753532790E-20 -2.694328565366E-03
  2.418555172459E+02  2.445433500046E+02  1.663391287261E+01  6.295231928336E-14  7.163486384518E-02  2.787287804376E+02  4.445878321034E-01  5.668866270465E-01 -3.553108479388E-01 -7.483403602652E-03  1.238611879933E+00  2.668298364994E+00  4.260693513977E-03 -5.059943980770E-02  4.633874629383E-02 -4.276255902366E-02  1.237036241224E-03 -1.755945073139E-05 -9.546884685405E-06  5.049293400847E-07  1.442553272004E-01  1.755945076904E-05 -3.011825311972E-03  1.332776148817E-19 -2.984388553389E-21  6.855295273172E-20 -2.656977812272E-03
  2.472311827633E+02  2.499996505047E+02  1.668223896338E+01  6.333196235960E-14  7.062533369488E-02  2.803278354564E+02  4.423209610933E-01  5.623616292343E-01 -3.534932268136E-01 -7.164396709503E-03  1.227578617696E+00  2.655616196516E+00  3.087120863981E-03 -4.783071252754E-02  4.474359166450E-02 -4.216944184527E-02  1.065878042096E-03 -3.484809669879E-06 -1.028955822667E-05 -4.100775934813E-06  1.403253160198E-01  3.484809634976E-06 -2.554226983068E-03  1.480312528658E-19  4.949142226828E-21  1.310936919820E-20 -2.625739970897E-03
  2.527681182462E+02  2.556196400198E+02  1.673103152503E+01  6.503935295425E-14  6.986600757561E-02  2.819453242334E+02  4.400540261749E-01  5.577585840897E-01 -3.517125093530E-01 -6.926634106731E-03  1.221114177593E+00  2.642720692299E+00  2.043680408307E-03 -4.506283205338E-02  4.301915164627E-02 -4.183115481296E-02  7.495943594495E-04  4.637384746142E-06 -1.042754719810E-05 -9.134642150041E-06  1.366192211971E-01 -4.637384655000E-06 -2.235066878355E-03  1.150169088879E-19 -1.432871238983E-20  8.156370377251E-21 -2.585379540281E-03
  2.584711617935E+02  2.614082292204E+02  1.677962618284E+01  6.673442874694E-14  6.902759296870E-02  2.835596477205E+02  4.380534648880E-01  5.530800483726E-01 -3.499620999865E-01 -6.728078936170E-03  1.215004789291E+00  2.631280023590E+00  1.257001506492E-03 -4.223981679386E-02  4.098281528739E-02 -4.109295463715E-02  8.481670876026E-04 -3.694759154615E-06 -1.224096822341E-05  2.862042409710E-06  1.342780567327E-01  3.694759129031E-06 -3.136007643386E-03  1.476985502679E-19 -1.493297050902E-20  3.191319580360E-20 -2.572986819540E-03
  2.643452966473E+02  2.673704760971E+02  1.682955966872E+01  6.661710535057E-14  6.757357065613E-02  2.852223542936E+02  4.364969901121E-01  5.477460460201E-01 -3.481305722009E-01 -6.569318691728E-03  1.198308894476E+00  2.614668637252E+00  1.972319336443E-04 -3.909481826906E-02  3.889758633542E-02 -4.109544619069E-02  1.317779003798E-03 -2.691514345998E-06 -1.311404028547E-05  7.604818852785E-06  1.321012346197E-01  2.691514353425E-06 -4.084476854198E-03  1.166267780195E-19 -1.944086368723E-20  6.890167507723E-20 -2.536270305328E-03
  2.703956555468E+02  2.735115903800E+02  1.687947844375E+01  6.378171197215E-14  6.596791151394E-02  2.868907293539E+02  4.353654484512E-01  5.426285088216E-01 -3.464553255290E-01 -6.334253983004E-03  1.177890933789E+00  2.606399876880E+00 -8.424371575680E-04 -3.624015934240E-02  3.708259650045E-02 -4.018560506546E-02  1.289800691842E-03  4.804609372492E-06 -1.268249331041E-05  4.264701427429E-07  1.304224102971E-01 -4.804609426532E-06 -5.736080131370E-03  1.506764099186E-19 -6.460963140291E-21  3.533008891884E-20 -2.509964827240E-03
  2.766275252132E+02  2.798369380914E+02  1.693113691097E+01  6.009776877536E-14  6.310105694428E-02  2.886207906841E+02  4.345815309951E-01  5.383276215150E-01 -3.446415612864E-01 -6.274198895448E-03  1.136828699793E+00  2.601031767357E+00 -1.559968680505E-03 -3.362716281260E-02  3.518713149287E-02 -4.007060680631E-02  1.783398044036E-03  9.455465348394E-06 -1.275074584227E-05 -2.405613421560E-06  1.278059302585E-01 -9.455465409929E-06 -7.819203582359E-03  1.320557543062E-19 -1.471064115391E-20  5.475810791501E-20 -2.475770272354E-03
  2.830463509696E+02  2.863520462341E+02  1.698200848620E+01  5.808540801122E-14  5.963599291914E-02  2.903347247947E+02  4.342299656017E-01  5.329701334062E-01 -3.431205786603E-01 -6.002510543476E-03  1.082874034824E+00  2.592085471755E+00 -2.547492862951E-03 -3.071945744872E-02  3.326695031169E-02 -3.912610154655E-02  1.924546029075E-03  8.151387787731E-06 -1.340110889551E-05  8.148737198696E-07  1.243050985146E-01 -8.151387773834E-06 -6.596075954796E-03  1.189387523278E-19  1.604102649906E-20  2.048945462939E-20 -2.440645280798E-03
  2.896577414987E+02  2.930626076211E+02  1.703387170007E+01  5.678673561475E-14  5.756838015310E-02  2.920879478572E+02  4.341372880429E-01  5.295208856865E-01 -3.413315799207E-01 -5.954045027767E-03  1.053940683604E+00  2.593100133388E+00 -3.693505205053E-03 -2.802144523533E-02  3.171495043994E-02 -3.903592818050E-02  9.575005830956E-04  1.475435818274E-06 -1.568835658104E-05  1.896159632712E-06  1.229409922508E-01 -1.475435866878E-06 -3.924511825227E-03  1.115683265222E-19 -1.048675618684E-20  3.063220990572E-20 -2.432785634720E-03
  2.964674737436E+02  2.999744858498E+02  1.708667391250E+01  5.542977246179E-14  5.620935113106E-02  2.938781437547E+02  4.342910928117E-01  5.273125295196E-01 -3.398791506221E-01 -5.641717452841E-03  1.036230279546E+00  2.590307215232E+00 -4.600808080770E-03 -2.544288541604E-02  3.004369349688E-02 -3.884194013104E-02  6.435015151279E-04 -9.597089449658E-06 -1.788199459351E-05  3.506286851732E-06  1.208698173189E-01  9.597089418653E-06 -3.452202030261E-03  1.951163041612E-19 -1.310608609778E-20  2.404520182835E-20 -2.399470090914E-03
  3.034814979559E+02  3.070937204253E+02  1.713981452730E+01  5.431250530337E-14  5.447420695869E-02  2.956844214428E+02  4.343589865733E-01  5.256758162627E-01 -3.381732596179E-01 -5.648599574749E-03  1.012475918268E+00  2.589872596892E+00 -5.478021235893E-03 -2.258160326947E-02  2.805962450475E-02 -3.809723374972E-02  1.029125144659E-03 -6.061820530859E-06 -1.695441600545E-05  7.911545156682E-06  1.169733878442E-01  6.061820490678E-06 -4.588665383882E-03  1.231616073850E-19  1.273118662451E-21  3.177260555062E-20 -2.366613279905E-03
  3.107059428946E+02  3.144265320380E+02  1.719229597750E+01  5.244183386155E-14  5.200677397537E-02  2.974741126498E+02  4.341915586656E-01  5.204965303109E-01 -3.366216803925E-01 -5.300857311747E-03  9.728190669027E-01  2.587790956489E+00 -6.328417914626E-03 -1.966429297706E-02  2.599271089105E-02 -3.742293587529E-02  1.279105208972E-03  4.959747042263E-06 -1.391004225702E-05 -4.112665108844E-06  1.121771497450E-01 -4.959747071498E-06 -4.961890020149E-03  1.362917632379E-19 -3.415747174387E-20  3.206377031069E-20 -2.308080473172E-03
  3.181471211814E+02  3.219793279992E+02  1.724420909964E+01  4.829652418733E-14  4.982773720724E-02  2.992470577388E+02  4.336948634818E-01  5.147186087255E-01 -3.348238817452E-01 -5.123285554186E-03  9.377239395001E-01  2.589157897335E+00 -7.161460682062E-03 -1.677521434231E-02  2.393667502445E-02 -3.634103377180E-02  8.754155982689E-04  5.732888241964E-06 -1.077290315215E-05 -1.238487403902E-05  1.067782753621E-01 -5.732888347330E-06 -3.902580498003E-03  1.451695672133E-19 -1.997771758371E-20  3.539243285072E-20 -2.240482758709E-03
  3.258115348169E+02  3.297587078391E+02  1.729465562561E+01  4.246382643662E-14  4.831457356447E-02  3.009772560042E+02  4.328687344941E-01  5.088405644091E-01 -3.329670966342E-01 -4.882222327420E-03  9.133218413004E-01  2.592148024141E+00 -8.066278248633E-03 -1.374673054148E-02  2.181300879062E-02 -3.539575313422E-02  7.828406827551E-04  1.024063653812E-05 -9.678419710109E-06 -2.047324479552E-05  1.047328491834E-01 -1.024063652203E-05 -4.086029418246E-03  1.577986357314E-19 -7.379950917449E-21  3.031383712557E-20 -2.207654634602E-03
  3.337058808614E+02  3.377714690743E+02  1.734759022092E+01  3.692167925562E-14  4.586153404834E-02  3.027951030457E+02  4.317237389537E-01  5.039572652785E-01 -3.311314069841E-01 -4.604698354238E-03  8.706359271989E-01  2.605129657095E+00 -8.673044404584E-03 -1.080718500970E-02  1.948022941470E-02 -3.540104240352E-02  1.379576102228E-03  1.199703950318E-05 -9.415223425763E-06 -1.576217266833E-05  1.034240117611E-01 -1.199703956000E-05 -5.112450893119E-03  1.115227944250E-19 -1.914448784521E-20 -1.306239542008E-21 -2.207937650742E-03
  3.418370572872E+02  3.460246131465E+02  1.739976748384E+01  3.421007458796E-14  4.316487087295E-02  3.045885757494E+02  4.303024200221E-01  4.972410119781E-01 -3.290814406623E-01 -4.517783072690E-03  8.237156166782E-01  2.615771417785E+00 -9.518183809160E-03 -7.971820197076E-03  1.749000400588E-02 -3.499499934495E-02  1.483425136740E-03  7.982599087710E-06 -9.073636642682E-06 -1.474612381953E-05  9.796288646177E-02 -7.982599092666E-06 -6.290987602119E-03  1.261467001104E-19 -2.776949363920E-20 -6.578828130032E-21 -2.151497658117E-03
  3.502121690058E+02  3.545253515409E+02  1.745013654773E+01  3.400446880094E-14  3.930568574854E-02  3.063236433107E+02  4.286618031893E-01  4.887424937478E-01 -3.271924890914E-01 -4.276406426267E-03  7.580785093330E-01  2.629776834792E+00 -1.072274355280E-02 -4.804505371916E-03  1.552724892509E-02 -3.396789737805E-02  1.908237342318E-03  3.822237428511E-06 -9.287720337626E-06 -3.508051149628E-05  9.310984296825E-02 -3.822237448070E-06 -6.900800678272E-03  1.083543168151E-19 -2.560911141653E-20 -4.285128521130E-23 -2.097166512984E-03
  3.588385340760E+02  3.632811120872E+02  1.750014994530E+01  3.404912000497E-14  3.572699590522E-02  3.080471735799E+02  4.266030872723E-01  4.801568144908E-01 -3.247514540185E-01 -4.488785009565E-03  6.989737758375E-01  2.644655754137E+00 -1.198633042926E-02 -2.136553447485E-03  1.412288387627E-02 -3.307360956914E-02  1.784866251156E-03  5.293364011555E-07 -8.565228316095E-06 -3.981542323946E-05  8.835581224484E-02 -5.293364313815E-07 -6.872066362692E-03  1.393764387134E-19 -2.813738061847E-20  6.216762696958E-21 -2.027403424025E-03
  3.677236900983E+02  3.722995454498E+02  1.754827155291E+01  3.453469743971E-14  3.165221176488E-02  3.097122244365E+02  4.241068022701E-01  4.749127100584E-01 -3.226527473780E-01 -4.329250969880E-03  6.325797348401E-01  2.654192165709E+00 -1.301745999671E-02  4.251187771561E-04  1.259234121923E-02 -3.171480037450E-02  1.876144769867E-03  3.674916929957E-06 -5.224502952462E-06 -2.997425714012E-05  8.492621947035E-02 -3.674916920440E-06 -8.923413370665E-03  1.289993074356E-19 -3.726737012001E-20 -1.180562223792E-20 -1.973982704660E-03
  3.768754008012E+02  3.815885318133E+02  1.759733551353E+01  3.465893370913E-14  2.546791693977E-02  3.114133299522E+02  4.212946122282E-01  4.721847088848E-01 -3.202150984840E-01 -4.357297263338E-03  5.293081410752E-01  2.668123337577E+00 -1.381516413390E-02  3.004435442118E-03  1.081072869252E-02 -3.146926964602E-02  2.988501384227E-03 -3.899819945131E-06  1.269817712957E-07 -1.892118421397E-05  8.024620986512E-02  3.899819953531E-06 -1.160338672638E-02  1.101420219520E-19 -4.849228734258E-20  1.917458440501E-21 -1.898239183725E-03
  3.863016628253E+02  3.911561877677E+02  1.764281208009E+01  3.159303605763E-14  1.791341667047E-02  3.129930577890E+02  4.182183004055E-01  4.686579946791E-01 -3.180006242081E-01 -4.105480664991E-03  3.990934392198E-01  2.684499199861E+00 -1.449831322554E-02  5.426450927031E-03  9.071862298585E-03 -2.933139460193E-02  3.557098370983E-03 -1.675060061675E-05  5.151893929326E-06 -1.263637463800E-05  7.649637036833E-02  1.675060058096E-05 -1.299978022204E-02  1.340704197398E-19 -2.260474714051E-20 -3.094627684997E-20 -1.825283378511E-03
  3.960107127100E+02  4.010108734007E+02  1.769013084793E+01  2.843964068873E-14  9.610479508001E-03  3.146403297153E+02  4.150325179880E-01  4.675407094146E-01 -3.153004234245E-01 -4.152507246657E-03  2.513335743839E-01  2.708247427840E+00 -1.529898168250E-02  7.834975787120E-03  7.464005894913E-03 -2.909867100539E-02  3.755864761507E-03 -1.318691123842E-05  7.144480975164E-06 -6.799246690034E-06  7.364573972769E-02  1.318691119686E-05 -1.405595790557E-02  1.404927951240E-19 -4.526746890851E-20 -5.396054885663E-20 -1.772929603967E-03
  4.060110340913E+02  4.111611996027E+02  1.773483511453E+01  3.099445931391E-14  2.636005557844E-04  3.161959242938E+02  4.116296254661E-01  4.631027879196E-01 -3.126160828194E-01 -4.006658845871E-03  8.774995780967E-02  2.732925396219E+00 -1.613523578523E-02  1.035816663695E-02  5.777069148007E-03 -2.757857392759E-02  4.266794137500E-03 -1.456330492074E-05  5.567164623711E-06 -2.902254594501E-06  6.862667202241E-02  1.456330497396E-05 -1.370754429207E-02  1.293762587533E-19 -3.511611646840E-20 -4.876905689774E-20 -1.696155997639E-03
  4.163113651141E+02  4.216160355908E+02  1.777846157052E+01  3.597820536864E-14 -8.077629944488E-03  3.177200739897E+02  4.075208303460E-01  4.576502931226E-01 -3.095451772200E-01 -3.903226117192E-03 -6.232153595474E-02  2.760172233386E+00 -1.658098020408E-02  1.274643848600E-02  3.834541717825E-03 -2.670613486041E-02  3.535008462115E-03 -1.357534519097E-05  2.927514815501E-06  1.197578884336E-05  6.484188860429E-02  1.357534519919E-05 -1.096607108338E-02  1.259045628484E-19 -2.097464082936E-20 -1.164405065673E-21 -1.635145238463E-03
  4.269207060675E+02  4.323845166585E+02  1.782080720353E+01  3.977436724885E-14 -1.428445597368E-02  3.192029768745E+02  4.026657729479E-01  4.538929352147E-01 -3.064450438287E-01 -3.598465955648E-03 -1.765779336397E-01  2.798257340668E+00 -1.743137442517E-02  1.552401746750E-02  1.907356957087E-03 -2.567372239753E-02  2.764234439239E-03 -7.957448419262E-06  1.810064103896E-06  2.074290082707E-05  6.010502884148E-02  7.957448481412E-06 -6.948283204989E-03  1.461582757189E-19 -1.754088445874E-20 -4.118845555093E-20 -1.561268370494E-03
  4.378483272495E+02  4.434760521583E+02  1.786058071515E+01  4.444291520448E-14 -1.757967946943E-02  3.206036958963E+02  3.970382942238E-01  4.497040156639E-01 -3.031277810272E-01 -3.270819595929E-03 -2.374864099445E-01  2.842990833712E+00 -1.857695593002E-02  1.854677274643E-02  3.018318367993E-05 -2.438946498767E-02  1.937204726926E-03 -3.776559605252E-06  1.797481171708E-06  2.396901838200E-05  5.926398798053E-02  3.776559582028E-06 -5.801233700122E-03  9.069442148624E-20 -9.452824743933E-21 -3.694510177476E-20 -1.540750909892E-03
  4.491037770670E+02  4.549003337230E+02  1.790421408600E+01  4.966893910052E-14 -2.244353106648E-02  3.221459296469E+02  3.901834372309E-01  4.443651790432E-01 -2.997259999694E-01 -2.712847283429E-03 -3.278959564024E-01  2.899004431286E+00 -1.926616193215E-02  2.089890192161E-02 -1.632739989042E-03 -2.505482789269E-02  2.323760633083E-03  5.942627939131E-07  1.772246176884E-06  2.208175894087E-05  5.913693700748E-02 -5.942627148131E-07 -7.268298595650E-03  1.715416792256E-19 -1.651507299989E-20 -5.528974385934E-20 -1.572880671650E-03
  4.606968903790E+02  4.666673437347E+02  1.794628394664E+01  5.145329648459E-14 -2.804382597384E-02  3.236300467694E+02  3.823229053882E-01  4.387382823483E-01 -2.961586455829E-01 -2.377662165275E-03 -4.325975350931E-01  2.943670100868E+00 -2.006387893969E-02  2.358848919342E-02 -3.524610253568E-03 -2.530926017853E-02  3.190128630677E-03  9.254170034882E-06  1.906585248949E-06  2.015346222683E-05  5.920505916077E-02 -9.254170011964E-06 -4.906200440876E-03  1.667105425915E-19 -2.101407502996E-21 -2.970910183083E-20 -1.618210664528E-03
  4.726377970904E+02  4.787873640468E+02  1.799255125979E+01  4.680554034631E-14 -2.970036140767E-02  3.252715202422E+02  3.747920128953E-01  4.324761854825E-01 -2.920572830261E-01 -1.868279276463E-03 -4.635559393251E-01  3.003187061324E+00 -2.077033733871E-02  2.609738424525E-02 -5.327046906389E-03 -2.651616889425E-02  1.776357778341E-03  1.470984757029E-05  2.215782964585E-06  2.637472186548E-05  6.111068795675E-02 -1.470984760223E-05 -2.769036969661E-03  1.343800088650E-19 -6.949226454894E-20 -3.557864217751E-20 -1.669802072698E-03
  4.849369310031E+02  4.912709849682E+02  1.804014888866E+01  3.676892297577E-14 -3.229575974269E-02  3.269515923956E+02  3.683882617060E-01  4.274935877490E-01 -2.874673634912E-01 -1.748405261805E-03 -5.095794728881E-01  3.052474877507E+00 -2.129061778498E-02  2.866171536245E-02 -7.371097576011E-03 -2.709885582724E-02  1.701720443510E-03  7.658113659352E-06  1.115649672543E-06  2.696153066743E-05  5.993653463177E-02 -7.658113687792E-06 -4.756173717926E-03  1.351101948348E-19 -3.507992710389E-20 -5.000039528434E-20 -1.708340373259E-03
  4.976050389332E+02  5.041291145172E+02  1.808738352114E+01  2.131920855131E-14 -3.721537979714E-02  3.286251623529E+02  3.629553070256E-01  4.195859580362E-01 -2.827448361511E-01 -1.858477652224E-03 -6.003801326219E-01  3.095886248352E+00 -2.175132869710E-02  3.050615564108E-02 -8.754826943370E-03 -2.742544180476E-02  2.695266170384E-03  1.093950815332E-05  3.651881958857E-07  1.680743224564E-05  5.877864363407E-02 -1.093950821551E-05 -8.661308860586E-03  1.559090164840E-19 -4.561857563974E-20 -9.845640190442E-21 -1.712904038126E-03
  5.106531901012E+02  5.173729879527E+02  1.813597938671E+01  9.112254932090E-15 -4.635600050598E-02  3.303407119924E+02  3.578322378631E-01  4.163202028434E-01 -2.774437591338E-01 -1.927014976912E-03 -7.656523268005E-01  3.157421648467E+00 -2.206741570350E-02  3.248627250660E-02 -1.041885680207E-02 -2.761329858569E-02  3.998382871750E-03  1.181516123854E-05 -1.523318799033E-06 -3.690979961052E-07  6.064238282832E-02 -1.181516128377E-05 -6.293596006661E-03  1.325510737480E-19 -2.256271108388E-20  1.686685232331E-20 -1.765111531479E-03
  5.240927858042E+02  5.310141775913E+02  1.818925784615E+01  5.964810242953E-15 -4.770846979199E-02  3.322286869031E+02  3.525897517152E-01  4.087858522150E-01 -2.719536692452E-01 -2.140371871507E-03 -7.930739207745E-01  3.231290665654E+00 -2.179544112911E-02  3.475095595435E-02 -1.295551482514E-02 -2.942360161710E-02  1.872669751685E-03  3.529174732910E-06 -2.597800415295E-06  1.577143802906E-06  6.258207831040E-02 -3.529174741356E-06 -4.357298182805E-03  9.354636574474E-20 -3.650406049001E-20 -1.136894312878E-20 -1.906380448805E-03
  5.379355693784E+02  5.450646029190E+02  1.824430775067E+01  4.472124927324E-15 -5.379517639478E-02  3.341761435226E+02  3.471901766499E-01  4.010042705046E-01 -2.659634713414E-01 -2.326275428833E-03 -9.090473869682E-01  3.306476027693E+00 -2.144220753540E-02  3.603181024084E-02 -1.458960270564E-02 -3.172470556676E-02  3.113806712239E-03  1.545532451750E-05 -6.888732249072E-07  9.660547324272E-06  6.692824346520E-02 -1.545532452526E-05 -6.436621590019E-03  1.159003783728E-19 -2.503750818958E-20  4.363360282152E-22 -2.103700581564E-03
  5.521936364597E+02  5.595365410066E+02  1.830862372710E+01 -8.238448985509E-16 -5.914413713609E-02  3.364559123365E+02  3.406453496755E-01  3.967634563879E-01 -2.596892898806E-01 -2.216902488871E-03 -1.010371294496E+00  3.396195274411E+00 -2.108715528683E-02  3.780401236222E-02 -1.671685707503E-02 -3.560413544007E-02  3.101576684505E-03  7.928839081301E-06  2.156238440845E-08  4.034602775923E-06  7.200588767780E-02 -7.928839090884E-06 -5.100267515762E-03  1.657244201440E-19 -2.160614132088E-20 -2.171138826610E-22 -2.307778202731E-03
  5.668794455535E+02  5.743794455535E+02  1.837655930299E+01 -7.279992725549E-15 -6.320486695670E-02  3.388754774512E+02  3.333242237719E-01  3.921227990847E-01 -2.526415390735E-01 -2.203423610232E-03 -1.087302410382E+00  3.434531369103E+00 -2.046169874263E-02  3.841246898965E-02 -1.795077024726E-02 -3.764183300046E-02  2.336028020587E-03 -5.557874415873E-06  1.937521549363E-07 -7.346092701262E-06  7.324870987438E-02  5.557874386703E-06 -4.691341697384E-03  1.482818980481E-19 -5.276767655035E-21  3.926873200941E-21 -2.372442685366E-03
  5.818794455535E+02  5.893794455535E+02  1.844597898443E+01 -1.095509204908E-14 -6.793011381282E-02  3.413651046257E+02  3.267149674450E-01  3.894699798136E-01 -2.455731472112E-01 -1.889102777500E-03 -1.178731414062E+00  3.386086581604E+00 -1.891552123502E-02  3.692431581736E-02 -1.800879458272E-02 -3.794785404213E-02  2.743499775069E-03 -5.462007620822E-06 -9.702792686743E-07 -3.956266385562E-07  7.455862957359E-02  5.462007610827E-06 -5.396401209698E-03  1.397067376202E-19 -3.043959187186E-20 -4.840663854304E-20 -2.399047778000E-03
  5.968794455535E+02  6.043794455535E+02  1.851633613655E+01 -1.280000497955E-14 -7.328276287370E-02  3.439005114397E+02  3.191780056311E-01  3.840479722499E-01 -2.376274924185E-01 -1.746233373822E-03 -1.282661020004E+00  3.341824670535E+00 -1.859277990087E-02  3.619307216916E-02 -1.760029226818E-02 -3.847308597163E-02  3.064142280497E-03 -4.829112340388E-06 -1.465008682630E-06 -1.449865643979E-05  7.289965993542E-02  4.829112325710E-06 -3.620202724691E-03  1.108033818968E-19 -4.101896202574E-20 -7.893528282477E-21 -2.371062496172E-03
  6.118794455535E+02  6.193794455535E+02  1.858265628909E+01 -1.610561915314E-14 -7.470631149805E-02  3.463057419549E+02  3.105864937146E-01  3.710309271888E-01 -2.293609899477E-01 -9.308872527343E-04 -1.319644235259E+00  3.270921105911E+00 -1.807586239581E-02  3.495334300062E-02 -1.687748060500E-02 -3.695219056567E-02  1.282360184100E-03 -2.499963008566E-06 -2.328623888965E-06 -1.201740741659E-05  7.150462798723E-02  2.499963016421E-06 -3.792015863373E-04  1.316840704492E-19 -5.595265601549E-20  2.383749758363E-20 -2.258076273218E-03
  6.268794455535E+02  6.343794455535E+02  1.865042245608E+01 -1.817795451201E-14 -7.404208423921E-02  3.487776661473E+02  3.013586943669E-01  3.591147422020E-01 -2.211558164747E-01 -7.865204968178E-04 -1.320490895240E+00  3.205767721581E+00 -1.793270571856E-02  3.381045882507E-02 -1.587775310712E-02 -3.538957829632E-02  2.050943894454E-04  1.888331748062E-06 -4.301470314778E-06  3.943250193440E-06  7.150932310747E-02 -1.888331750394E-06  7.795053927835E-04  8.150111131394E-20 -4.831842368669E-20  1.270391663934E-20 -2.146016504938E-03
  6.418794455535E+02  6.493794455535E+02  1.871673654074E+01 -1.636525897436E-14 -7.328240660852E-02  3.512143692479E+02  2.920404034381E-01  3.441514704229E-01 -2.122609834913E-01 -5.363902314162E-04 -1.319387063263E+00  3.147143269676E+00 -1.773343883074E-02  3.249657829880E-02 -1.476313946802E-02 -3.309928384000E-02 -4.270625627617E-04 -2.437825733172E-06 -6.081458455582E-06  1.377445121474E-05  6.930992492410E-02  2.437825764233E-06  3.717601298811E-03  1.132993192301E-19 -5.156028116680E-20 -8.162477675972E-21 -2.003053749672E-03
  6.568794455535E+02  6.643794455535E+02  1.878034482842E+01 -1.547888206499E-14 -6.700499706493E-02  3.535572073217E+02  2.828132771210E-01  3.250356323619E-01 -2.036365529775E-01 -5.973107074408E-04 -1.211095022055E+00  3.066572188445E+00 -1.706021738166E-02  3.114946047387E-02 -1.408924309160E-02 -3.115157134932E-02 -1.362495183980E-03 -4.832413188737E-06 -7.933789022840E-06  1.683307726114E-05  6.518328804805E-02  4.832413171042E-06  1.694146769933E-03  1.003604173923E-19 -2.926315931232E-20 -2.001344037968E-20 -1.886701699125E-03
  6.718794455535E+02  6.793794455535E+02  1.883892150998E+01 -1.769637330192E-14 -7.003466218462E-02  3.557187533012E+02  2.732310607460E-01  3.126567475179E-01 -1.945162644516E-01  4.585955595962E-06 -1.277201364499E+00  3.008584806707E+00 -1.664968431164E-02  3.049057054106E-02 -1.384088622974E-02 -2.938189466399E-02  1.036883575941E-03  4.133456745727E-06 -8.743506675259E-06  1.519614872845E-05  6.427106638572E-02 -4.133456731241E-06 -2.366376212150E-03  1.191201954914E-19 -3.916278440444E-20 -1.761049990423E-20 -1.822756423983E-03
  6.868794455535E+02  6.943794455535E+02  1.890083474678E+01 -1.832744430756E-14 -7.143648328404E-02  3.580150812512E+02  2.635889416814E-01  3.020144979668E-01 -1.859680477105E-01  3.264911056883E-04 -1.309660379737E+00  2.939959615167E+00 -1.578042834747E-02  2.914437999987E-02 -1.336395165296E-02 -2.899555597251E-02  4.966317129664E-04  1.017237941020E-06 -6.978317347406E-06  1.536687259891E-05  6.407135688906E-02 -1.017237939498E-06 -2.406261301851E-03  8.434142531923E-20 -2.524671011020E-20  3.390274196683E-21 -1.769047377282E-03
  7.018794455535E+02  7.093794455535E+02  1.895903585103E+01 -1.524599486010E-14 -7.458091688287E-02  3.601788919626E+02  2.543199868718E-01  2.920816394796E-01 -1.766542608636E-01  9.594818314669E-04 -1.377921985270E+00  2.887325381290E+00 -1.571885927225E-02  2.851357479438E-02 -1.279471552243E-02 -2.727310976368E-02  7.717539296536E-04  3.468753022207E-06 -1.116912274760E-07  1.609135912111E-05  6.105883512456E-02 -3.468752980385E-06 -1.365665021226E-03  6.783679250422E-20  2.528036216372E-21 -3.257053478761E-20 -1.670820584774E-03
  7.168794455535E+02  7.243794455535E+02  1.901534816530E+01 -1.464797264964E-14 -7.402577604895E-02  3.622793484981E+02  2.461150770725E-01  2.813224253143E-01 -1.676512782348E-01  8.636511470663E-04 -1.370747186897E+00  2.832156469648E+00 -1.539212673347E-02  2.739835802953E-02 -1.200623129675E-02 -2.614811021415E-02 -1.454839286069E-04  3.416981221558E-06  5.049937152921E-06  6.805931842289E-06  5.987106143169E-02 -3.416981236156E-06 -6.496572744972E-05  1.145485921447E-19 -2.985368605137E-20 -1.528136795883E-20 -1.600175185325E-03
  7.318794455535E+02  7.393794455535E+02  1.907136909574E+01 -1.548959340421E-14 -7.471813081835E-02  3.643687661837E+02  2.382048485980E-01  2.720652538193E-01 -1.577342863058E-01  1.046506639313E-03 -1.392949743708E+00  2.760962570980E+00 -1.490588923002E-02  2.630413570072E-02 -1.139824647053E-02 -2.549268828069E-02 -3.598035927238E-04 -9.035499481908E-06  5.984287408100E-06  3.377700522450E-06  6.056820555482E-02  9.035499492569E-06 -3.162739044398E-04  5.094456155266E-20 -2.135991883841E-20 -2.030885547631E-20 -1.605549218732E-03
  7.468794455535E+02  7.543794455535E+02  1.912897140562E+01 -1.565061332846E-14 -7.462077908748E-02  3.665288218438E+02  2.303618321564E-01  2.681617448126E-01 -1.487246715632E-01  9.762903282881E-04 -1.395644970341E+00  2.704686567170E+00 -1.405840978035E-02  2.518632129784E-02 -1.112791151747E-02 -2.550587258815E-02 -3.023051230657E-04 -9.881375151846E-06  6.844593244923E-06 -3.202760831036E-06  5.921004766407E-02  9.881375135710E-06  4.901570316754E-04  3.675198726350E-20 -1.996153521235E-20 -3.916999862236E-20 -1.527142773398E-03
  7.618794455535E+02  7.693794455535E+02  1.918241844139E+01 -1.623309415129E-14 -7.379156836717E-02  3.685370142182E+02  2.223752462918E-01  2.620681820169E-01 -1.390866545284E-01  7.809059248864E-04 -1.388394173182E+00  2.650895715059E+00 -1.408011735119E-02  2.486156132593E-02 -1.078144397446E-02 -2.332062690527E-02 -3.296550821912E-04 -1.284055982528E-05  6.452153483678E-06 -3.952428910023E-06  5.583299617476E-02  1.284055983996E-05  2.293169800250E-03  5.884815640268E-20 -2.682562521688E-21  2.126330417208E-21 -1.412546548147E-03
  7.768794455535E+02  7.843794455535E+02  1.923368918254E+01 -1.521340403191E-14 -7.034971317172E-02  3.704708474310E+02  2.143838998215E-01  2.539554175080E-01 -1.302197081461E-01  4.189554116215E-04 -1.331907002198E+00  2.563349309853E+00 -1.378069913933E-02  2.405806731111E-02 -1.027736817104E-02 -2.162915863366E-02 -1.483755359020E-03 -5.296139492802E-06  4.400391604021E-06  5.733727696822E-08  5.062079372078E-02  5.296139505084E-06  3.443384391596E-03  6.062757622299E-20 -2.315597574294E-20 -4.396316625286E-20 -1.282677522163E-03
  7.918794455535E+02  7.993794455535E+02  1.927735554850E+01 -1.433620352061E-14 -6.737304137666E-02  3.721111151753E+02  2.058808722472E-01  2.432627405948E-01 -1.207972956782E-01 -2.521626380439E-05 -1.283869079983E+00  2.486062554320E+00 -1.314588948524E-02  2.275237673536E-02 -9.606487249715E-03 -1.955395202362E-02 -1.719646974233E-03  3.793769511719E-06  3.158675611997E-06 -4.755641970388E-06  4.878993063542E-02 -3.793769541837E-06  4.025607954542E-03  6.270469517734E-20 -2.354058777506E-20 -1.230152896707E-20 -1.219194896700E-03
  8.068794455535E+02  8.143794455535E+02  1.932513611987E+01 -1.405448471723E-14 -6.280748881415E-02  3.739212454113E+02  1.965778181382E-01  2.315596382433E-01 -1.118678703195E-01 -4.059371866325E-04 -1.204846387413E+00  2.439583226928E+00 -1.323388495082E-02  2.236800425632E-02 -9.134119305508E-03 -1.947464312207E-02 -1.630533045466E-03  7.425570147954E-06  3.257683796370E-06 -8.945775822384E-06  4.730114406438E-02 -7.425570124064E-06  6.618435002705E-03  7.402890963511E-20  2.075216404752E-21 -1.336433852078E-20 -1.154728407598E-03
  8.218794455535E+02  8.293794455535E+02  1.936598215167E+01 -1.163779402708E-14 -5.496564129328E-02  3.754740052745E+02  1.872853997801E-01  2.186027510908E-01 -1.022637014804E-01 -7.239464783833E-04 -1.059105959845E+00  2.395054763953E+00 -1.292120805435E-02  2.148161379847E-02 -8.560405743834E-03 -1.732140935981E-02 -2.306764256714E-03  5.041246089480E-06  3.026577910710E-06 -1.601724838121E-05  4.364824720456E-02 -5.041246084328E-06  7.800685395796E-03  4.212710687365E-20 -7.124250519463E-21 -1.003719893102E-20 -1.044566551643E-03
  8.368794455535E+02  8.443794455535E+02  1.940696481344E+01 -1.099033884733E-14 -4.821356999269E-02  3.770360455271E+02  1.774429812600E-01  2.054965268976E-01 -9.293561891782E-02 -1.185944174030E-03 -9.322479910076E-01  2.351840524905E+00 -1.267505349128E-02  2.108098252488E-02 -8.405929033923E-03 -1.650263708795E-02 -2.135666027204E-03 -3.051773562702E-06  2.389721558917E-06 -6.541351476267E-06  4.292834488832E-02  3.051773580660E-06  5.170683722831E-03  5.756790642728E-20 -1.961536918775E-20 -1.655172763371E-20 -1.030364672220E-03
  8.518794455535E+02  8.593794455535E+02  1.944647772747E+01 -1.394691653833E-14 -4.530366210616E-02  3.785406279803E+02  1.662528249307E-01  1.990553095084E-01 -8.328588546131E-02 -1.426465790517E-03 -8.794739467432E-01  2.290650385853E+00 -1.232945318771E-02  2.069499359890E-02 -8.365540411227E-03 -1.606522704807E-02 -1.104873214348E-03 -1.523326970528E-06  1.855627750100E-06 -7.884558180412E-06  3.866589808959E-02  1.523326963538E-06  2.968731069049E-03  5.983847363918E-20 -7.535813770459E-21 -3.505264575870E-20 -9.347788122493E-04
  8.668794455535E+02  8.743794455535E+02  1.947947398563E+01 -1.645449893238E-14 -4.263845845943E-02  3.797967830355E+02  1.537974705139E-01  1.932265415139E-01 -7.405067532568E-02 -1.700147277239E-03 -8.284039775374E-01  2.223091738080E+00 -1.190883055545E-02  1.988220046968E-02 -7.973369914043E-03 -1.399255333431E-02 -5.155385857850E-04  4.490247873582E-06  1.374543874719E-06 -5.335488250805E-06  3.596113175228E-02 -4.490247836157E-06  4.011074310431E-04  5.287273506954E-20 -3.486093838782E-21 -1.836976664919E-20 -8.451606756396E-04
  8.818794455535E+02  8.893794455535E+02  1.951393005737E+01 -1.591353871594E-14 -4.453373917664E-02  3.811142168263E+02  1.401639017940E-01  1.924281920331E-01 -6.479253436658E-02 -2.039163331296E-03 -8.624640480275E-01  2.162548679958E+00 -1.155453078051E-02  1.886430072992E-02 -7.309769949394E-03 -1.316494425705E-02  8.912619213900E-04  9.261524795976E-06 -1.894941998181E-07 -4.657695934162E-06  3.344258078587E-02 -9.261524797228E-06 -3.910882934173E-03  4.256206842009E-20 -4.175320109611E-21 -2.260065580346E-20 -7.670282423050E-04
  8.968794455535E+02  9.043794455535E+02  1.954214962770E+01 -1.412339357155E-14 -4.996103996367E-02  3.821928897939E+02  1.256136501888E-01  1.944668253478E-01 -5.587965309043E-02 -2.196137827096E-03 -9.666295538490E-01  2.098249301225E+00 -1.111295866473E-02  1.804163530589E-02 -6.928676641314E-03 -1.122618093771E-02  2.374576256358E-03  5.140299229155E-06 -2.961582878195E-06  7.971194709408E-07  2.955385087137E-02 -5.140299188673E-06 -7.665589291327E-03  3.802849783916E-20 -1.946947678080E-20 -1.788467813173E-20 -6.807392616625E-04
  9.118794455535E+02  9.193794455535E+02  1.956928642740E+01 -1.355554730964E-14 -5.891162800347E-02  3.832333956930E+02  1.103157307261E-01  1.963864206360E-01 -4.694323730120E-02 -2.508134576790E-03 -1.142002940948E+00  2.038042429766E+00 -1.049900218190E-02  1.713299525440E-02 -6.633993072407E-03 -1.057864981136E-02  3.052213893846E-03 -4.546528687836E-07 -3.987473430485E-06  4.931603294205E-06  2.941370159509E-02  4.546528614966E-07 -9.493224376187E-03  3.050865649056E-20 -4.659504643983E-21 -2.404274516727E-20 -6.365940883350E-04
  9.268794455535E+02  9.343794455535E+02  1.959728749640E+01 -1.424874787025E-14 -6.779933179783E-02  3.843172045130E+02  9.394166614286E-02  1.924622691929E-01 -3.816033819668E-02 -2.242989012294E-03 -1.319100544764E+00  2.020800434542E+00 -1.044828495748E-02  1.683730253863E-02 -6.389017581164E-03 -9.872522247158E-03  2.987259525543E-03 -4.965524591462E-06 -1.991596214454E-06 -2.263894298843E-06  2.959627916281E-02  4.965524601963E-06 -1.037606468089E-02  4.823791761218E-20 -5.432008656461E-21 -3.732808729132E-21 -6.022944329351E-04
  9.418794455535E+02  9.493794455535E+02  1.962479318270E+01 -1.369297803038E-14 -7.840380580985E-02  3.853798066553E+02  7.650356882525E-02  1.906347807076E-01 -2.973197900977E-02 -2.275798852608E-03 -1.530702283051E+00  1.999078406199E+00 -9.796245410762E-03  1.621017958526E-02 -6.413934174554E-03 -9.193099441102E-03  2.594518781218E-03  1.289703132974E-06 -1.652794397347E-06 -4.607188989228E-06  2.656912781242E-02 -1.289703147894E-06 -1.152262606433E-02  5.894428392678E-20 -1.163755553940E-20 -2.227803104039E-21 -5.358893409108E-04
  9.568794455535E+02  9.643794455535E+02  1.964710900863E+01 -1.069876255008E-14 -8.940853900810E-02  3.862459136244E+02  5.723632925673E-02  1.941785482561E-01 -2.109069995841E-02 -1.703232401100E-03 -1.750787694496E+00  1.988745537743E+00 -9.179022844954E-03  1.564340439921E-02 -6.464381554269E-03 -8.044698346524E-03  2.756227142539E-03 -6.162601721698E-06 -3.921704087752E-06 -1.017106239664E-05  2.644232568741E-02  6.162601764801E-06 -1.329532306497E-02  2.092906295462E-20 -1.015904642152E-20 -5.045070420167E-21 -5.084550002170E-04
  9.718794455535E+02  9.793794455535E+02  1.967436597799E+01 -5.975095888263E-15 -1.033095987779E-01  3.873160246241E+02  3.444476455571E-02  2.074734071680E-01 -1.234870429747E-02 -1.205112723669E-03 -2.029181727982E+00  2.105671898722E+00 -9.372772402713E-03  1.715896487618E-02 -7.786192473236E-03 -8.908154764368E-03  3.194016637738E-03 -1.216164846516E-05 -3.251604236738E-06 -1.932086187170E-05  3.697831444540E-02  1.216164847045E-05 -1.412190721324E-02  3.462970627100E-20 -2.646722530767E-21  2.307444708804E-20 -7.155178352142E-04
  9.868794455535E+02  9.943794455535E+02  1.971644468950E+01 -1.531647006129E-15 -1.158805662827E-01  3.889810356852E+02  6.930200586285E-03  2.389710316318E-01 -3.520848702986E-03 -4.098859509123E-04 -2.281591348213E+00  2.111486594340E+00 -1.081783922577E-02  1.826275299278E-02 -7.444913767090E-03 -1.266798354028E-02  2.848992557741E-03 -8.647429090214E-06 -6.144719319744E-07 -2.203897414612E-05  2.243777654631E-02  8.647429120675E-06 -6.700132644180E-03  1.249312766748E-20 -2.096260402151E-21  3.239565507083E-20 -3.776488171478E-04
