                   y                  ym                   U                   V                   W                 U^2                 V^2                 W^2                  UV                  VW                  UW                VISC               SFSxx               SFSyy               SFSzz               SFSxy               SFSyz                dUdX                dVdX                dWdX                dUdY                dVdY                dWdY                dUdZ                dVdZ                dWdZ              SFSxym
 -4.000000000000E+00 -2.000000000000E+00  0.000000000000E+00  0.000000000000E+00  0.000000000000E+00  0.000000000000E+00  0.000000000000E+00  0.000000000000E+00  0.000000000000E+00  0.000000000000E+00  0.000000000000E+00  0.000000000000E+00  0.000000000000E+00  0.000000000000E+00  0.000000000000E+00  0.000000000000E+00  0.000000000000E+00  0.000000000000E+00  0.000000000000E+00  0.000000000000E+00  0.000000000000E+00  0.000000000000E+00  0.000000000000E+00  0.000000000000E+00  0.000000000000E+00  0.000000000000E+00  0.000000000000E+00
  2.220446049250E-16  2.000000000000E+00  1.186064721633E+01 -2.626491942051E-15 -1.357690973852E-02  1.427605417410E+02  3.973367252819E-02  5.399042616500E-01 -1.154838624717E-01 -3.999275794606E-04 -1.462223462706E-01  5.934260827030E-01 -4.886530300217E-04  2.391172967156E-03 -1.902519936801E-03 -3.571873301807E+00  5.105524074179E-03 -3.984637817306E-04 -3.090699780093E-05 -1.200891775029E-05  4.950539296105E+01  3.984637816547E-04 -4.938045707671E-02  4.223353068662E-20  5.080408223371E-22 -7.142248068956E-20 -4.423559362464E-03
  4.000000000000E+00  6.000000000000E+00  1.289219705314E+01 -6.997668377187E-15 -1.114263777729E-02  1.679500418399E+02  1.585892830706E-01  4.868439922136E-01 -2.116613224150E-01 -5.826780277336E-04 -1.245439743543E-01  4.407178262971E+00  1.178750295874E-01 -1.613451232884E-01  4.347009369996E-02 -5.836534408446E-01 -6.536048423660E-02  1.188809429898E-04 -4.782054064605E-05 -1.727141536143E-05  2.794003513464E+00 -1.188809430660E-04  7.236343888586E-03  7.094335633263E-20  1.771079409121E-20  3.029962251253E-20 -4.401438864671E-02
  8.000000000000E+00  1.000000000000E+01  1.325753458909E+01 -1.025583448461E-14 -9.982258199267E-03  1.772407459614E+02  1.867912799466E-01  4.439875780080E-01 -2.083537328147E-01 -2.465658575477E-04 -1.133693390504E-01  4.629719130721E+00  7.708046121123E-02 -2.093828211576E-01  1.323023599450E-01 -3.883523158485E-01 -3.744008405061E-03  1.210093347890E-04 -2.784738875609E-05 -2.975435543052E-05  1.402698751465E+00 -1.210093347918E-04  6.012584324023E-03  2.316066439950E-20  1.113447299687E-20  2.746859692233E-20 -2.346869704884E-02
  1.200000000000E+01  1.400000000000E+01  1.359354563564E+01 -1.269556472392E-14 -8.070853347788E-03  1.862098221795E+02  2.010586739484E-01  4.335878967902E-01 -2.214111077843E-01 -4.061533928735E-05 -8.772861008161E-02  4.555926026335E+00  7.190653863933E-02 -1.940977835012E-01  1.221912448594E-01 -3.595169949601E-01  2.648200325601E-03  7.895367895101E-05 -1.969388139695E-05  2.712533117422E-06  1.164072358783E+00 -7.895367911758E-05  8.771611708163E-03  3.987359929844E-21  1.210265395391E-21  7.172326455844E-20 -1.981242092983E-02
  1.600000000000E+01  1.800000000000E+01  1.383954898969E+01 -1.229193063885E-14 -5.532497599599E-03  1.928920618882E+02  2.126461154007E-01  4.249753411541E-01 -2.209126507568E-01  2.528903194460E-04 -5.186962699982E-02  4.301173684934E+00  5.906685172480E-02 -1.716746210824E-01  1.126077693565E-01 -2.686879667440E-01  1.126859806453E-03  2.940494959113E-05 -1.454038006682E-05  1.149804973571E-05  9.293724722159E-01 -2.940494955000E-05  9.734067358462E-03 -1.960356844625E-21  1.055491273553E-20  8.156009379483E-20 -1.569188095586E-02
  2.000000000000E+01  2.200000000000E+01  1.405825091647E+01 -8.986593406634E-15 -3.187908039291E-03  1.989593357198E+02  2.225426853786E-01  4.206092649235E-01 -2.249104277288E-01  3.847976375602E-04 -1.752483075020E-02  4.119933212828E+00  5.228655108041E-02 -1.557349618350E-01  1.034484107572E-01 -2.357692298322E-01 -2.240136768239E-04  4.152391238024E-05 -1.162300819467E-05  1.657662119852E-05  7.972508529600E-01 -4.152391249298E-05  8.620450824098E-03  2.065848303085E-20  4.366154000603E-21  1.446327325474E-19 -1.345079263801E-02
  2.400000000000E+01  2.600000000000E+01  1.423824616400E+01 -4.897017217368E-15 -1.239171251184E-03  2.040216466199E+02  2.309124791999E-01  4.163581969426E-01 -2.251479417147E-01  6.641735366808E-04  1.187373383292E-02  3.931880122131E+00  4.550023181017E-02 -1.418846618238E-01  9.638443001586E-02 -1.946802665131E-01 -3.796198917960E-04  2.319541147779E-05 -1.163955993057E-05  1.702629913503E-05  6.830766929931E-01 -2.319541138029E-05  8.713839637458E-03 -2.079062131135E-20 -5.087509283597E-21  8.697826663703E-20 -1.144606292526E-02
  2.800000000000E+01  3.000000000000E+01  1.439980289760E+01 -6.813686984422E-16  1.130177609658E-03  2.086279297671E+02  2.377699965031E-01  4.129336480450E-01 -2.264562364010E-01  7.183101198782E-04  4.743837458245E-02  3.783385244119E+00  4.098565324019E-02 -1.312783859273E-01  9.029273268586E-02 -1.726686596365E-01 -1.402937985726E-03  2.511677501954E-05 -1.084353843813E-05  1.448578890902E-05  6.061344513470E-01 -2.511677515500E-05  8.151268184242E-03 -1.114579143818E-20  4.928356361610E-21  9.616969578505E-20 -1.011479977313E-02
  3.200000000000E+01  3.400000000000E+01  1.454128668486E+01  4.004497326908E-15  2.813290587245E-03  2.127053239185E+02  2.432105232161E-01  4.099196738183E-01 -2.265740599804E-01  8.513569382235E-04  7.259837741159E-02  3.646423740508E+00  3.717565059890E-02 -1.221743041328E-01  8.499865353423E-02 -1.509695057698E-01 -8.547599859984E-04  2.069273633462E-05 -8.532126846557E-06  1.690518946449E-05  5.424839146081E-01 -2.069273613131E-05  6.016865095542E-03  4.389779971743E-21  9.010047595570E-21  1.646039046498E-19 -8.997880614608E-03
  3.600000000000E+01  3.800000000000E+01  1.467100464629E+01  9.141024814978E-15  4.140049677034E-03  2.164810918064E+02  2.475214825414E-01  4.064994902577E-01 -2.268886665991E-01  9.122080568756E-04  9.273899812562E-02  3.529006984759E+00  3.387173681391E-02 -1.142813779359E-01  8.040964112287E-02 -1.374980198076E-01 -7.991325470168E-04  1.607539026887E-05 -4.028120981258E-06  1.386953255746E-05  4.964079807082E-01 -1.607539033322E-05  4.170697683247E-03 -1.193717742639E-20  1.710280454422E-20  1.330046061239E-19 -8.209426959178E-03
  4.000000000000E+01  4.200000000000E+01  1.478947617744E+01  1.177226570710E-14  4.897712143252E-03  2.199610064455E+02  2.508764160148E-01  4.026871431532E-01 -2.267605493403E-01  9.859106594281E-04  1.040658375523E-01  3.425277257097E+00  3.124397316100E-02 -1.081052003955E-01  7.686122723393E-02 -1.252222312898E-01 -6.090804956589E-04  2.258133600083E-05  2.822979000429E-07  6.955702565449E-06  4.567977443767E-01 -2.258133581729E-05  1.842607729449E-03 -2.053525551792E-20  4.603040923588E-21  8.590927943802E-20 -7.524118375891E-03
  4.400000000000E+01  4.600000000000E+01  1.489941711470E+01  1.042128635629E-14  5.013104048411E-03  2.232154749832E+02  2.534489831910E-01  3.996849202813E-01 -2.266568644120E-01  1.041202079204E-03  1.050767002676E-01  3.334648986797E+00  2.904861829597E-02 -1.026459154532E-01  7.359729715618E-02 -1.155151624693E-01 -1.749047863158E-04  1.601737190622E-05  1.880276979552E-06  5.105538288402E-06  4.259789774363E-01 -1.601737191004E-05 -1.111342658740E-03 -6.781577936794E-20 -6.439643429205E-21  1.090858741624E-19 -6.950598920119E-03
  4.800000000000E+01  5.000000000000E+01  1.500246812411E+01  9.105567175550E-15  4.288391061970E-03  2.262895792219E+02  2.553517039928E-01  3.969444823886E-01 -2.264767952103E-01  1.127163594998E-03  9.373978339268E-02  3.248947367902E+00  2.665937597408E-02 -9.757327434652E-02  7.091389837281E-02 -1.071627796886E-01 -1.870453986810E-04 -5.750027345808E-06  2.377637511709E-06  4.284607613391E-06  3.985967122787E-01  5.750027272339E-06 -3.437446993858E-03 -9.697070074615E-21 -4.961680672040E-21  9.989366190501E-20 -6.444953602722E-03
  5.200000000000E+01  5.400000000000E+01  1.509871893886E+01  9.947331370067E-15  3.292491122311E-03  2.291786155551E+02  2.567037078739E-01  3.933817622836E-01 -2.262397467867E-01  1.213361419494E-03  7.873361163421E-02  3.167005895888E+00  2.419466048687E-02 -9.295807020353E-02  6.876340971717E-02 -9.908993683048E-02 -5.390350965205E-05  2.118737890205E-06  2.748332232710E-06 -1.342636267289E-06  3.727029316172E-01 -2.118737614180E-06 -5.459038934956E-03 -5.752962059345E-20 -3.459200767924E-21  1.217669975161E-19 -5.969673909131E-03
  5.600000000000E+01  5.800000000000E+01  1.518882865774E+01  9.343718073568E-15  1.595822587432E-03  2.319013552938E+02  2.577228218571E-01  3.897626758219E-01 -2.258536941613E-01  1.295551370321E-03  5.254229587992E-02  3.093845131572E+00  2.255664620181E-02 -8.874688810328E-02  6.619024190057E-02 -9.211412371015E-02  4.288774030913E-04  1.016983781540E-05  2.725397566860E-06 -5.837152551908E-06  3.523848880329E-01 -1.016983801417E-05 -6.368397400076E-03 -3.555726500274E-20  3.042498405793E-20  5.532685606440E-20 -5.597269975691E-03
  6.000000000000E+01  6.200000000000E+01  1.527490680597E+01  6.300273453982E-15  1.473241613156E-04  2.345157336472E+02  2.585275995788E-01  3.874035613798E-01 -2.254369584100E-01  1.409564877486E-03  2.958696595483E-02  3.023090989044E+00  2.123255142073E-02 -8.491894009583E-02  6.368638867661E-02 -8.703807657788E-02  3.640580221839E-04  8.148206161232E-06  2.381837479827E-06  2.063377776935E-06  3.334786643061E-01 -8.148206384930E-06 -5.976378415601E-03 -1.102706086506E-20 -1.718165810630E-20  1.034442414431E-19 -5.260582823399E-03
  6.400000000000E+01  6.600000000000E+01  1.535557188227E+01  2.713509683154E-15 -1.351894604102E-03  2.369806768202E+02  2.591606795967E-01  3.848839802523E-01 -2.250110606328E-01  1.447637319950E-03  5.131341649585E-03  2.955006592585E+00  2.006733654066E-02 -8.171500401919E-02  6.164766748086E-02 -8.121257522856E-02  5.839727954292E-04  1.126960900347E-05  1.654150984532E-06  6.648305503077E-06  3.146240774533E-01 -1.126960927431E-05 -7.936247989225E-03 -3.770161823625E-20  2.013317476347E-21  1.235430246797E-19 -4.930438192581E-03
  6.800000000000E+01  7.000000000000E+01  1.543224169386E+01  2.979516228648E-16 -3.776902878728E-03  2.393338724039E+02  2.596225671226E-01  3.824684772947E-01 -2.244830984961E-01  1.542328391573E-03 -3.307070454162E-02  2.892648898549E+00  1.873304467162E-02 -7.866467606147E-02  5.993163138904E-02 -7.648484222646E-02  1.084277041211E-03  1.193543896019E-05 -4.477554528726E-07  7.003525227942E-06  2.986194339471E-01 -1.193543887504E-05 -1.001961240933E-02 -1.451253316592E-21 -3.580790905079E-21  6.743057302842E-20 -4.626193716255E-03
  7.200000000000E+01  7.400000000000E+01  1.550490068660E+01  2.881159142284E-15 -6.327268600339E-03  2.415734401802E+02  2.599276722581E-01  3.803288780468E-01 -2.240215149255E-01  1.625923045500E-03 -7.371042110823E-02  2.836555877163E+00  1.774886460835E-02 -7.602572934994E-02  5.827686474182E-02 -7.167147388637E-02  1.081240830203E-03  1.367576965118E-05 -3.541923510545E-06  1.480029866489E-05  2.824213062891E-01 -1.367576966362E-05 -8.634809554004E-03 -4.917064169299E-20  1.695123326889E-20  8.030440795284E-20 -4.339310954854E-03
  7.600000000000E+01  7.800000000000E+01  1.557345558459E+01  9.758200613293E-15 -8.061390623591E-03  2.436949338336E+02  2.601405341106E-01  3.784523736274E-01 -2.233355275754E-01  1.763668849170E-03 -1.020796658199E-01  2.782585817511E+00  1.675783853861E-02 -7.337200190752E-02  5.661416336935E-02 -6.730406566552E-02  6.732814642813E-04  6.736095246182E-06 -5.657449574525E-06  1.008337259635E-05  2.687294071983E-01 -6.736095015950E-06 -5.855975950903E-03 -2.126862699794E-20  3.695230799452E-21  8.746290297785E-20 -4.107904368636E-03
  8.000000000000E+01  8.200000000000E+01  1.563925567363E+01  1.354619310242E-14 -9.220807984190E-03  2.457399037064E+02  2.603739579843E-01  3.772459894934E-01 -2.227772820552E-01  1.857499372604E-03 -1.211031032482E-01  2.731144496986E+00  1.595654170739E-02 -7.083985359043E-02  5.488331188314E-02 -6.407928874603E-02  3.239457302548E-04 -1.308553826183E-05 -6.223609465007E-06  1.648292303461E-06  2.573848062732E-01  1.308553807999E-05 -4.742130017612E-03 -4.226656056490E-20 -8.743373675994E-21  9.931601820679E-20 -3.900848929428E-03
  8.400000000000E+01  8.600000000000E+01  1.570214414729E+01  1.836690218318E-14 -1.041298471630E-02  2.477004547653E+02  2.607151253711E-01  3.764507391911E-01 -2.220268133790E-01  1.976406332705E-03 -1.408032252653E-01  2.682600602691E+00  1.519036876095E-02 -6.852971101373E-02  5.333934225231E-02 -6.079177424039E-02  4.572069753851E-04 -1.632336440359E-05 -6.504025182794E-06 -1.569686246612E-06  2.482260500885E-01  1.632336454090E-05 -3.943154217038E-03 -5.992675197483E-20  9.917283234547E-21  6.869814795681E-20 -3.722513883799E-03
  8.800000000000E+01  9.000000000000E+01  1.576336177433E+01  2.854875624098E-14 -1.118863355265E-02  2.496152566909E+02  2.611175782089E-01  3.752363180055E-01 -2.213462537032E-01  2.064173946958E-03 -1.540529156280E-01  2.638105861996E+00  1.429343914968E-02 -6.628987453829E-02  5.199643538765E-02 -5.834131535642E-02  3.386900435566E-04 -9.150049086460E-06 -6.679508057707E-06 -1.132365398332E-05  2.388306359224E-01  9.150049052933E-06 -2.888622875165E-03 -3.997754125972E-20  1.265935557358E-20  9.891780824383E-20 -3.554137543155E-03
  9.200000000000E+01  9.400000000000E+01  1.582155238196E+01  3.378684065742E-14 -1.187048116107E-02  2.514410380083E+02  2.614682848938E-01  3.742612894180E-01 -2.205281676632E-01  2.148976874438E-03 -1.657178218220E-01  2.594608400193E+00  1.342157725075E-02 -6.421647231677E-02  5.079489506719E-02 -5.534577754376E-02  3.532128471722E-04 -8.456778997958E-06 -7.389652835749E-06 -1.679640736219E-05  2.277308730783E-01  8.456779123086E-06 -2.323196399420E-03 -5.543138514687E-20 -3.231048317570E-21  8.753897949910E-20 -3.372558924179E-03
  9.600000000000E+01  9.800000000000E+01  1.587724276538E+01  3.631285101895E-14 -1.237276319938E-02  2.531940348912E+02  2.617163198346E-01  3.730249407611E-01 -2.197663902230E-01  2.264275784284E-03 -1.741961923878E-01  2.549471469929E+00  1.260357512987E-02 -6.203987506118E-02  4.943629993000E-02 -5.276250690014E-02  2.676537919558E-04 -1.150918592593E-05 -9.485511163359E-06 -1.266141704123E-05  2.158793588724E-01  1.150918586409E-05 -1.200177491267E-03 -2.917532752332E-20  3.421644308912E-20  7.349193084989E-20 -3.206475077676E-03
  1.000000000000E+02  1.020000000000E+02  1.592950172055E+01  4.395517297940E-14 -1.247734163333E-02  2.548452738134E+02  2.618270957128E-01  3.718416602650E-01 -2.189412347038E-01  2.370579346096E-03 -1.760650466117E-01  2.506326412214E+00  1.187340539216E-02 -6.020184828191E-02  4.832844288932E-02 -4.969953751786E-02  1.155295626290E-04 -1.210176101166E-05 -1.150194083517E-05 -1.040841850269E-05  2.040355017272E-01  1.210176112724E-05  2.031427376728E-04 -6.014892523119E-20  2.309710021850E-21  9.436342978809E-20 -3.026261354453E-03
  1.040000000000E+02  1.060000000000E+02  1.597927692027E+01  4.658979987105E-14 -1.226511092970E-02  2.564234879914E+02  2.617800084708E-01  3.705233813902E-01 -2.180967487229E-01  2.549227232846E-03 -1.717993675128E-01  2.471812503671E+00  1.129337761380E-02 -5.856085259697E-02  4.726747498429E-02 -4.718877196043E-02 -3.009430679868E-04 -1.456339634779E-05 -1.257306067445E-05 -1.059642473456E-05  1.961591402912E-01  1.456339621732E-05  2.280008723612E-03 -5.507514105701E-20  6.942964191945E-21  5.957592550939E-20 -2.885669715865E-03
  1.080000000000E+02  1.100000000000E+02  1.602759430711E+01  4.371444265600E-14 -1.132793801337E-02  2.579591239955E+02  2.616750668630E-01  3.687356372770E-01 -2.172314249031E-01  2.654655855201E-03 -1.552542593469E-01  2.436114386488E+00  1.073193314273E-02 -5.675245553704E-02  4.602052239352E-02 -4.534188535766E-02 -6.856258479551E-04 -1.165319891808E-05 -1.290353902020E-05 -1.448744718960E-05  1.902269773181E-01  1.165319897601E-05  4.922937547618E-03 -4.844907074626E-20 -5.684086069942E-21  1.146398808820E-19 -2.783373800005E-03
  1.120000000000E+02  1.140000000000E+02  1.607440241222E+01  4.522862293022E-14 -9.795782704410E-03  2.594517313755E+02  2.615371214808E-01  3.667891044414E-01 -2.163139678831E-01  2.777875088947E-03 -1.290356669009E-01  2.406137772488E+00  1.038546703622E-02 -5.531367985785E-02  4.492821282104E-02 -4.368264449558E-02 -9.492625652914E-04 -3.206864858638E-06 -1.272282108777E-05 -1.915325353980E-05  1.852615509208E-01  3.206864731643E-06  7.467067695255E-03 -5.836885571897E-20 -8.872610275623E-21  7.007563768497E-20 -2.693413950982E-03
  1.160000000000E+02  1.180000000000E+02  1.612023963970E+01  4.634471221140E-14 -7.602101051014E-03  2.609177756271E+02  2.614247608136E-01  3.644278592602E-01 -2.153720008969E-01  2.871907783252E-03 -9.239598878917E-02  2.375283403447E+00  9.996555165457E-03 -5.393390672850E-02  4.393735156216E-02 -4.241146841673E-02 -1.285964834644E-03 -1.183886522945E-05 -1.240870437913E-05 -2.488184456435E-05  1.800856811612E-01  1.183886536195E-05  9.867327691449E-03 -4.986365288504E-20  2.502088536818E-21  9.233255469818E-20 -2.594638381604E-03
  1.200000000000E+02  1.220000000000E+02  1.616443397711E+01  4.592359912486E-14 -4.884834958109E-03  2.623360716213E+02  2.613596696870E-01  3.618464300665E-01 -2.145065560095E-01  2.963388669385E-03 -4.734468074487E-02  2.349910522064E+00  9.688432278169E-03 -5.274352561361E-02  4.305509333526E-02 -4.066361838497E-02 -1.437342805635E-03 -1.485093591267E-05 -1.254723834951E-05 -2.367138070840E-05  1.753725545626E-01  1.485093588549E-05  1.102701487532E-02 -6.234543776440E-20  1.896337133735E-21  5.749918695676E-20 -2.500334084062E-03
  1.240000000000E+02  1.260000000000E+02  1.620791687565E+01  4.879681178802E-14 -2.111872121474E-03  2.637349415042E+02  2.612855985107E-01  3.586258103150E-01 -2.135658229522E-01  3.094684856697E-03 -1.869544615972E-03  2.322667724839E+00  9.045520815629E-03 -5.143902733490E-02  4.239350651814E-02 -3.926860713936E-02 -1.522297851008E-03 -1.321948675811E-05 -1.293565615044E-05 -1.982405255796E-05  1.706235905908E-01  1.321948692201E-05  1.045992484099E-02 -1.855976884219E-20  9.814095325050E-24  9.349887607122E-20 -2.407186056206E-03
  1.280000000000E+02  1.300000000000E+02  1.624974087192E+01  5.092947620346E-14  3.225300829458E-04  2.650840581968E+02  2.611301398836E-01  3.552796200857E-01 -2.126368998415E-01  3.185268778506E-03  3.803297489295E-02  2.293116849496E+00  8.536573286020E-03 -5.023695920882E-02  4.170038592328E-02 -3.770076668286E-02 -1.428855427762E-03 -1.436963823690E-05 -1.293640459984E-05 -1.394071063817E-05  1.646051767035E-01  1.436963800713E-05  9.512413487697E-03 -1.780762727526E-20 -1.310139592623E-20  8.785030804579E-20 -2.310381323236E-03
  1.320000000000E+02  1.340000000000E+02  1.629021980103E+01  5.193149642951E-14  2.618872975761E-03  2.663933204472E+02  2.608532717494E-01  3.522674995682E-01 -2.116771226895E-01  3.333008092687E-03  7.592020177998E-02  2.265016980246E+00  8.088824637146E-03 -4.922237501518E-02  4.113355037855E-02 -3.621766879556E-02 -1.417724260258E-03 -7.047318888734E-06 -1.270730101128E-05 -8.169289873884E-06  1.596262616674E-01  7.047319164306E-06  8.801397284907E-03 -3.294943599553E-20 -1.543185846583E-21  8.180535718585E-20 -2.223718990841E-03
  1.360000000000E+02  1.380000000000E+02  1.632955902458E+01  6.172845857152E-14  4.700619720085E-03  2.676686300011E+02  2.604661348582E-01  3.494226131212E-01 -2.107030567235E-01  3.456576992768E-03  1.106424178896E-01  2.239388280748E+00  7.719893135980E-03 -4.810057673244E-02  4.038068359526E-02 -3.505242129359E-02 -1.375576094747E-03 -3.499674183922E-06 -1.267043227702E-05  1.844415940927E-06  1.551139291282E-01  3.499673954220E-06  7.801261862538E-03 -1.091976988557E-19  4.781077005724E-22  8.663828093227E-20 -2.155251605078E-03
  1.400000000000E+02  1.420000000000E+02  1.636777952380E+01  7.493801065794E-14  6.498586248386E-03  2.689102410902E+02  2.600817380958E-01  3.470676951478E-01 -2.097096848961E-01  3.516518725931E-03  1.409043081102E-01  2.213711882589E+00  7.478699319864E-03 -4.711142539657E-02  3.963272607589E-02 -3.382060107316E-02 -1.169320620455E-03  1.131548627103E-06 -1.309730334123E-05  7.133555642877E-06  1.513564381256E-01 -1.131548191181E-06  6.525069320373E-03 -2.063543052947E-20  5.303454501928E-22  7.594906154596E-20 -2.081941103527E-03
  1.440000000000E+02  1.460000000000E+02  1.640522805578E+01  7.981087550106E-14  7.941811770143E-03  2.701294204678E+02  2.598324297922E-01  3.448189767156E-01 -2.087313786836E-01  3.644393446162E-03  1.651849090511E-01  2.189308005755E+00  7.338280929814E-03 -4.619164468120E-02  3.885336375168E-02 -3.285043865777E-02 -8.970782125921E-04 -1.181722031773E-06 -1.329825401116E-05  4.559259998656E-06  1.474118936343E-01  1.181722020967E-06  5.999880699355E-03 -4.473937282657E-21 -4.477322355910E-21  6.328124821701E-20 -2.016588489792E-03
  1.480000000000E+02  1.500000000000E+02  1.644145228614E+01  8.200242915257E-14  9.477725906947E-03  2.713130366488E+02  2.597768746958E-01  3.426833860947E-01 -2.077641218438E-01  3.730072656946E-03  1.903621112290E-01  2.161831991102E+00  7.145635417335E-03 -4.521188286360E-02  3.806624744701E-02 -3.161402714472E-02 -9.491254610219E-04  7.247692030215E-06 -1.259881028468E-05  7.323854320811E-06  1.416201737196E-01 -7.247691873024E-06  5.930337761753E-03 -2.528440809193E-20 -2.037677885106E-20  9.643313033616E-20 -1.930221751087E-03
  1.520000000000E+02  1.540000000000E+02  1.647601707051E+01  8.416834127815E-14  1.089451932952E-02  2.724448928190E+02  2.598428017773E-01  3.406474829745E-01 -2.067698674734E-01  3.826857320665E-03  2.129167237918E-01  2.134579774165E+00  6.866332151473E-03 -4.412683169376E-02  3.726049954136E-02 -3.021705800832E-02 -8.079579862841E-04  8.430376866372E-06 -1.175490126808E-05  1.875057255071E-05  1.358315753498E-01 -8.430376877220E-06  5.859264322316E-03 -3.567307775891E-20 -8.417321228624E-21  5.731456365543E-20 -1.852382907468E-03
  1.560000000000E+02  1.580000000000E+02  1.650935471187E+01  8.342776296189E-14  1.240046924604E-02  2.735390854902E+02  2.599146686388E-01  3.384688424467E-01 -2.058474380465E-01  3.910277420923E-03  2.366322937967E-01  2.112496540604E+00  6.602066425382E-03 -4.319731037438E-02  3.659524394882E-02 -2.895065134876E-02 -8.320611219585E-04  1.171135594822E-06 -1.091668432055E-05  2.518955562459E-05  1.314685767609E-01 -1.171135503178E-06  5.649918533496E-03 -5.883828920651E-21 -2.106061906832E-21  6.436075112662E-20 -1.772388350136E-03
  1.600000000000E+02  1.620000000000E+02  1.654173200756E+01  8.190728361760E-14  1.371541454788E-02  2.746036368954E+02  2.599759316869E-01  3.359334622545E-01 -2.048520304924E-01  3.956620258602E-03  2.570919557308E-01  2.090809840857E+00  6.290950505444E-03 -4.231977869204E-02  3.602882818694E-02 -2.780049926489E-02 -6.672651004188E-04  8.545148399106E-06 -9.702123739502E-06  2.759276368097E-05  1.286743246908E-01 -8.545148460188E-06  4.779004972634E-03 -1.432874992931E-20  4.506032845928E-21  6.544454173086E-20 -1.710653510791E-03
  1.640000000000E+02  1.660000000000E+02  1.657368137469E+01  7.884682837189E-14  1.479542263640E-02  2.756564545543E+02  2.600481485968E-01  3.333932614513E-01 -2.038873312133E-01  4.068451514555E-03  2.734883169233E-01  2.069346353886E+00  5.845321966983E-03 -4.137235599819E-02  3.552703403127E-02 -2.690027807140E-02 -5.567817733261E-04  3.567098620670E-06 -8.045927055979E-06  3.288360809794E-05  1.258727965837E-01 -3.567098622157E-06  4.204220815108E-03 -1.815384149421E-20 -7.647774770478E-21  4.870081328025E-20 -1.647758799983E-03
  1.680000000000E+02  1.700000000000E+02  1.660466889544E+01  7.420271920059E-14  1.582220192774E-02  2.766789573731E+02  2.601174797985E-01  3.311271478230E-01 -2.028691237112E-01  4.128946916223E-03  2.895083481820E-01  2.046293559463E+00  5.526019054544E-03 -4.053748685250E-02  3.501146779785E-02 -2.581703963324E-02 -5.351880764524E-04 -1.674670374457E-06 -7.079079468917E-06  3.734390343579E-05  1.215021758470E-01  1.674670320621E-06  2.716693103759E-03 -2.783961986899E-20  3.678559789419E-21  3.693053595371E-20 -1.581100494785E-03
  1.720000000000E+02  1.740000000000E+02  1.663445549013E+01  7.209725814047E-14  1.614861353242E-02  2.776628599839E+02  2.601573038654E-01  3.291965959157E-01 -2.018805198829E-01  4.203262657076E-03  2.938897159299E-01  2.021746163468E+00  5.276114355322E-03 -3.966237754389E-02  3.438626318869E-02 -2.476136880182E-02 -6.406099615239E-05 -3.616694123380E-06 -7.486371202373E-06  4.207095162286E-05  1.175652439451E-01  3.616694147044E-06  5.869727850505E-04 -1.855741482163E-20  6.800695718456E-21  5.901855683436E-20 -1.519266862177E-03
  1.760000000000E+02  1.780000000000E+02  1.666346763054E+01  7.042399476076E-14  1.610640204034E-02  2.786226162629E+02  2.601399739035E-01  3.273925112482E-01 -2.007925582728E-01  4.273105499521E-03  2.921863890069E-01  1.999402462892E+00  5.089339974288E-03 -3.892377798833E-02  3.383443801439E-02 -2.389625881139E-02  1.149387528669E-04 -4.584872606426E-06 -7.683591330453E-06  4.605381320711E-05  1.133205326254E-01  4.584872563715E-06 -5.258015886599E-04 -5.713820557138E-20  3.944932314883E-21  5.473995270341E-20 -1.457045712545E-03
  1.800000000000E+02  1.820000000000E+02  1.669110210337E+01  6.634851695830E-14  1.588465340966E-02  2.795384151671E+02  2.600788677986E-01  3.255129649088E-01 -1.998263464475E-01  4.383604496396E-03  2.876370277986E-01  1.977268499136E+00  5.051956875618E-03 -3.829820031873E-02  3.324624344399E-02 -2.274423650152E-02  1.727113583409E-04  1.106765341636E-06 -6.963560608699E-06  4.318089955750E-05  1.095695350716E-01 -1.106765288060E-06 -9.368436559128E-04 -3.788701178302E-20 -2.905566240892E-21  2.780125979554E-20 -1.400985380777E-03
  1.840000000000E+02  1.860000000000E+02  1.671822929628E+01  6.280481343324E-14  1.564003969336E-02  2.804382919032E+02  2.600258313582E-01  3.233789632438E-01 -1.987477349507E-01  4.482882760673E-03  2.827319471051E-01  1.953301888905E+00  4.934503718379E-03 -3.755591873983E-02  3.262141502192E-02 -2.202864647879E-02  2.761179702238E-04  2.052826725723E-06 -5.880139822517E-06  4.042614142515E-05  1.052058935117E-01 -2.052826740996E-06 -9.637062909310E-04 -2.340122137312E-20  1.199245392675E-20  5.551999930326E-20 -1.336407278152E-03
  1.880000000000E+02  1.900000000000E+02  1.674367153828E+01  6.018335251453E-14  1.540645434855E-02  2.812840015576E+02  2.599848547340E-01  3.211826747679E-01 -1.977609401746E-01  4.630670347866E-03  2.780453258109E-01  1.933591512477E+00  4.824470656793E-03 -3.686994930818E-02  3.204547865197E-02 -2.084169739355E-02  2.235859030118E-04  1.465861139517E-06 -4.205235962171E-06  3.799235114690E-05  1.002193236921E-01 -1.465861112199E-06 -6.070745542612E-04 -1.457670499752E-20 -2.648691967282E-20  7.372689567026E-20 -1.277543301318E-03
  1.920000000000E+02  1.940000000000E+02  1.676830734133E+01  5.684582954820E-14  1.535194651304E-02  2.821047404227E+02  2.599254297025E-01  3.189277453905E-01 -1.966735855237E-01  4.724407612325E-03  2.762477033959E-01  1.912257737254E+00  4.705585559912E-03 -3.606787789922E-02  3.136229233928E-02 -1.998875923811E-02  2.045179499779E-04  2.877049783812E-06 -2.316230041900E-06  3.172836362163E-05  9.693559538544E-02 -2.877049815899E-06 -9.571691998434E-04 -2.037958781820E-20  9.532199292340E-23  6.017868432392E-20 -1.222150278471E-03
  1.960000000000E+02  1.980000000000E+02  1.679212989916E+01  5.333840371694E-14  1.494354090561E-02  2.829001215854E+02  2.598404575694E-01  3.169082132933E-01 -1.957011815674E-01  4.819745001895E-03  2.682674392923E-01  1.893831366601E+00  4.622328750431E-03 -3.533879734383E-02  3.071646859297E-02 -1.915404671202E-02  4.041224318815E-04  8.093414588235E-06 -7.120715155166E-07  2.710189749899E-05  9.462952944750E-02 -8.093414640488E-06 -1.628773737730E-03  7.414750564877E-21  8.780820247846E-21  6.752949345099E-20 -1.178724448151E-03
  2.000000000000E+02  2.020600000000E+02  1.681564582289E+01  4.989929360914E-14  1.454437841336E-02  2.836856073722E+02  2.596180031254E-01  3.149151742287E-01 -1.945892340103E-01  4.891749467617E-03  2.596424266770E-01  1.876290957979E+00  4.220125523601E-03 -3.417963752101E-02  2.995951199741E-02 -1.860248223906E-02  5.891559292052E-04  3.165645641393E-06  8.966178682723E-07  2.541724047815E-05  9.256531772644E-02 -3.165645723979E-06 -2.444162764699E-03 -1.242581109711E-21 -1.138509816299E-20  5.591068380047E-20 -1.152838846475E-03
  2.041200000000E+02  2.062418000000E+02  1.683982530756E+01  4.692142276571E-14  1.368255176941E-02  2.844948523210E+02  2.593195402725E-01  3.130404332052E-01 -1.935273363249E-01  4.971675122347E-03  2.432293781055E-01  1.864434003269E+00  3.811995013268E-03 -3.304823618747E-02  2.923624117434E-02 -1.832350949262E-02  6.744447475403E-04  4.370194996950E-06  2.843663349571E-06  2.224944934495E-05  9.124688778777E-02 -4.370194871082E-06 -3.420075432821E-03 -4.104464921107E-20 -7.220611440209E-21  4.943592903539E-20 -1.127327071953E-03
  2.083636000000E+02  2.105490540000E+02  1.686405150702E+01  4.553757949425E-14  1.272302484971E-02  2.853060905144E+02  2.590171920991E-01  3.110406019056E-01 -1.923316463747E-01  5.005150524977E-03  2.254490408332E-01  1.846990261394E+00  3.303939707167E-03 -3.175599490719E-02  2.845205519996E-02 -1.773752475615E-02  7.251577974947E-04  1.042419124116E-05  4.554806205123E-06  1.980236483780E-05  8.767527966910E-02 -1.042419161322E-05 -4.231127753910E-03 -3.345827290523E-21  1.711437390627E-21  5.347740117704E-20 -1.085575423433E-03
  2.127345080000E+02  2.149855256200E+02  1.688774995032E+01  4.392418720411E-14  1.136990037197E-02  2.861006092434E+02  2.587168490704E-01  3.094843475098E-01 -1.911993123300E-01  5.016842196072E-03  2.011716790948E-01  1.837002696451E+00  2.835108266407E-03 -3.074068146110E-02  2.790557319472E-02 -1.708914618743E-02  8.370116402706E-04  8.827813047127E-06  5.306702923142E-06  1.469187357767E-05  8.454197376778E-02 -8.827812833468E-06 -5.503855984199E-03 -3.426993099429E-20  3.292275917440E-21  3.715639875308E-20 -1.055250448054E-03
  2.172365432400E+02  2.195550913886E+02  1.691166106889E+01  4.066758446201E-14  9.627681540520E-03  2.869037212882E+02  2.584015507711E-01  3.079631856568E-01 -1.899425019791E-01  5.015787156609E-03  1.704281784552E-01  1.825996472345E+00  2.332227286255E-03 -2.947074237325E-02  2.713851508713E-02 -1.668966672154E-02  9.945162546088E-04  1.728245005597E-06  4.725646691653E-06  1.148496926035E-05  8.163298397974E-02 -1.728245115201E-06 -6.827165719259E-03 -1.344829219777E-20 -5.765103443103E-21  4.486088213403E-20 -1.032891232481E-03
  2.218736395372E+02  2.242617441303E+02  1.693507773881E+01  3.948724680569E-14  7.407999287880E-03  2.876899426857E+02  2.580742102477E-01  3.067045715457E-01 -1.886883078935E-01  5.025315687857E-03  1.322862582664E-01  1.814398747245E+00  1.867118323211E-03 -2.828136910897E-02  2.641425078595E-02 -1.628102726503E-02  1.185263448269E-03 -3.122121742262E-06  3.652867673183E-06  9.885085778039E-06  7.907062989825E-02  3.122121888777E-06 -7.545487040244E-03 -9.025483263550E-21  8.011520828149E-22  4.974811613589E-20 -1.009110171613E-03
  2.266498487233E+02  2.291095964542E+02  1.695884998668E+01  4.176202786366E-14  5.117490151452E-03  2.884891877051E+02  2.577668526089E-01  3.055351744968E-01 -1.873519896370E-01  5.032764830841E-03  9.256054736185E-02  1.806652934022E+00  1.409955883908E-03 -2.704699834617E-02  2.563704246194E-02 -1.611727545533E-02  1.143099292045E-03  9.939697884737E-07  3.299398481490E-06  1.015816953023E-05  7.745211702421E-02 -9.939698837763E-07 -6.736082677820E-03 -2.693475242774E-21 -2.262352033907E-20  2.461681889631E-20 -1.000731234770E-03
  2.315693441850E+02  2.341028843478E+02  1.698266983400E+01  4.457302351287E-14  3.256126916731E-03  2.892914936941E+02  2.575399074540E-01  3.041627484727E-01 -1.860342046338E-01  5.081222660086E-03  5.968013647669E-02  1.799864525091E+00  1.072372571863E-03 -2.592274093684E-02  2.485036836541E-02 -1.580200099939E-02  9.891383179699E-04 -1.623069915391E-07  3.281651443038E-06  8.400851992440E-06  7.513667195369E-02  1.623070582557E-07 -5.180941943249E-03 -2.084450530864E-20  4.662919167532E-21  4.117748852288E-20 -9.755994504508E-04
  2.366364245106E+02  2.392459708782E+02  1.700640818584E+01  4.623116472979E-14  1.825037662430E-03  2.900910736144E+02  2.574996095499E-01  3.027188130766E-01 -1.845998575091E-01  5.142013778601E-03  3.397403146709E-02  1.789638209924E+00  5.794931497809E-04 -2.452366229576E-02  2.394416914632E-02 -1.546324320346E-02  8.924617684936E-04  5.514417607446E-06  3.306187579034E-06  6.992314633824E-06  7.306823677933E-02 -5.514417541017E-06 -4.469461599094E-03  6.303459011531E-20  5.660371257143E-21  4.909144980403E-20 -9.608741131207E-04
  2.418555172459E+02  2.445433500046E+02  1.703032396275E+01  4.677088230598E-14  3.420364946845E-04  2.908967421440E+02  2.576092197494E-01  3.005417428319E-01 -1.831870990170E-01  5.182577068296E-03  7.765880473141E-03  1.779245371483E+00  1.101096568161E-04 -2.305598174649E-02  2.294587208961E-02 -1.534779532253E-02  9.090024418209E-04  5.438704122708E-06  3.302719531280E-06  5.163088827976E-06  7.181732513381E-02 -5.438704072495E-06 -4.557003068758E-03 -1.409560198572E-20  4.029176770525E-21  1.756803270015E-20 -9.516349339625E-04
  2.472311827633E+02  2.499996505047E+02  1.705465503329E+01  4.793646729562E-14 -1.242576619824E-03  2.917172954272E+02  2.577651224288E-01  2.986760579934E-01 -1.816852802232E-01  5.202368851700E-03 -2.140027805022E-02  1.768870042501E+00 -3.913953795705E-04 -2.164449872241E-02  2.203589410239E-02 -1.513860388163E-02  9.223863554583E-04  1.759251126374E-06  4.131646421463E-06  1.045200658485E-07  7.137161774659E-02 -1.759251161559E-06 -4.795505682947E-03  1.001440225422E-21 -9.804158096306E-21  6.344101256286E-20 -9.450330771664E-04
  2.527681182462E+02  2.556196400198E+02  1.707970509910E+01  5.076950434132E-14 -3.004804235111E-03  2.925631705737E+02  2.579776850711E-01  2.972365511174E-01 -1.802026379963E-01  5.252168799713E-03 -5.348450362587E-02  1.758315118274E+00 -8.556652635995E-04 -2.037269225579E-02  2.122835751915E-02 -1.511083061324E-02  1.005307522108E-03  5.428269731610E-06  5.864739730838E-06 -2.827084814191E-06  6.956491032558E-02 -5.428269639504E-06 -5.691019194649E-03  2.116184860738E-20 -1.761754611424E-20  1.970465983284E-20 -9.312534364505E-04
  2.584711617935E+02  2.614082292204E+02  1.710423765101E+01  5.358503224473E-14 -5.320904973676E-03  2.933934915469E+02  2.581264450207E-01  2.962632302675E-01 -1.786643511545E-01  5.271099125454E-03 -9.555002205162E-02  1.752081637998E+00 -1.291755529642E-03 -1.918696321898E-02  2.047871874889E-02 -1.459669524977E-02  1.139478711211E-03  3.728402912919E-07  6.982194998327E-06 -3.063670155658E-06  6.865524130704E-02 -3.728403179390E-07 -5.907684822884E-03  2.717119127361E-20 -2.133295807261E-20  5.559062764550E-20 -9.072700666299E-04
  2.643452966473E+02  2.673704760971E+02  1.713011468634E+01  5.430824077483E-14 -7.352216659759E-03  2.942701614941E+02  2.580843704007E-01  2.960356722149E-01 -1.770627326807E-01  5.302762693814E-03 -1.323107597372E-01  1.747478442397E+00 -1.830465331900E-03 -1.795832278501E-02  1.978878811656E-02 -1.454941512440E-02  9.831773834903E-04 -6.612662320746E-06  7.128028865945E-06 -3.542084057053E-06  6.784782711740E-02  6.612662337409E-06 -5.040273823372E-03  9.412475332906E-22 -1.735597298975E-20  3.592454891942E-20 -8.977356363512E-04
  2.703956555468E+02  2.735115903800E+02  1.715554507055E+01  5.187371886206E-14 -9.127003183028E-03  2.951314605294E+02  2.578384630332E-01  2.969511894885E-01 -1.754923664610E-01  5.240203662445E-03 -1.652535382288E-01  1.742511749700E+00 -2.298673268968E-03 -1.667006148673E-02  1.896873475511E-02 -1.420079649183E-02  8.296117185602E-04 -4.299824549988E-06  6.642760810911E-06 -4.621326877976E-07  6.504631046206E-02  4.299824495877E-06 -4.100464452760E-03  2.532949387477E-20 -7.440536002524E-21  1.419699778544E-20 -8.814543136340E-04
  2.766275252132E+02  2.798369380914E+02  1.718077853622E+01  4.817115398699E-14 -1.051598208489E-02  2.959862308273E+02  2.573869518482E-01  2.987107410340E-01 -1.737746622904E-01  5.210222703285E-03 -1.905471899644E-01  1.741557275129E+00 -2.640714927604E-03 -1.545691100945E-02  1.809762593712E-02 -1.397692672071E-02  6.139151600715E-04 -7.693028245690E-06  6.295024020992E-06 -3.965124997930E-06  6.236337658082E-02  7.693028185995E-06 -3.491303931840E-03  2.910477856471E-20 -5.505521003047E-21 -8.546385792866E-21 -8.655029770325E-04
  2.830463509696E+02  2.863520462341E+02  1.720557985357E+01  4.596561788602E-14 -1.191290772670E-02  2.968264044772E+02  2.567365718953E-01  3.010913376009E-01 -1.721068377130E-01  5.140648438471E-03 -2.153535826351E-01  1.740790584416E+00 -3.028877956797E-03 -1.411526119987E-02  1.714413915694E-02 -1.377299082961E-02  5.665558185158E-04 -1.043564676685E-05  5.606398831495E-06 -9.521915256778E-06  6.035578107472E-02  1.043564677990E-05 -4.231136343711E-03  3.149722653830E-20 -2.481471871764E-20  1.409389032586E-20 -8.590525893980E-04
  2.896577414987E+02  2.930626076211E+02  1.723066928928E+01  4.452343297286E-14 -1.402787166543E-02  2.976771010139E+02  2.559212234780E-01  3.024815619323E-01 -1.702819196843E-01  5.029714597551E-03 -2.518503939114E-01  1.744958015603E+00 -3.421626237013E-03 -1.284160586008E-02  1.626323209699E-02 -1.369835200908E-02  8.581087102718E-04 -8.359771427413E-06  4.356052720767E-06 -6.657872112973E-06  5.902983044100E-02  8.359771379867E-06 -4.625784847778E-03  9.806688560781E-21 -8.007627922688E-21  1.910964013763E-20 -8.545605727023E-04
  2.964674737436E+02  2.999744858498E+02  1.725584083594E+01  4.366525081327E-14 -1.588834280455E-02  2.985326965111E+02  2.549157017868E-01  3.030928163579E-01 -1.684274404354E-01  4.952789165778E-03 -2.833297755911E-01  1.748421351474E+00 -3.801613363259E-03 -1.154607920758E-02  1.534769257093E-02 -1.370721186300E-02  6.522797284538E-04 -7.101810962214E-06  3.847763148220E-06 -1.012626104872E-06  5.836079212925E-02  7.101810931572E-06 -5.436840600101E-03  2.568483537448E-20 -8.664055378017E-21  8.244083046668E-21 -8.648707756323E-04
  3.034814979559E+02  3.070937204253E+02  1.728183922915E+01  4.355088396394E-14 -1.882387032772E-02  2.994175050848E+02  2.536500037360E-01  3.026613732597E-01 -1.665947857336E-01  4.863267802713E-03 -3.333129108860E-01  1.753453786463E+00 -4.040991744734E-03 -1.023191733796E-02  1.427290908280E-02 -1.402329773709E-02  1.028324335494E-03 -6.126693668959E-06  3.449539926641E-06 -4.333750603849E-06  5.922809806858E-02  6.126693630909E-06 -5.264927855283E-03  2.067087062642E-21 -9.844578933574E-21 -6.831402530073E-21 -8.911359031993E-04
  3.107059428946E+02  3.144265320380E+02  1.730933744958E+01  4.300894189402E-14 -2.063649100574E-02  3.003542561689E+02  2.521475339462E-01  3.012138309880E-01 -1.645405624528E-01  4.815629171106E-03 -3.648703382360E-01  1.760394853133E+00 -4.358561144579E-03 -8.864639759087E-03  1.322320090353E-02 -1.445855786995E-02  5.519519490181E-04 -8.893705689409E-06  3.139928854466E-06 -8.745225811887E-06  6.082392276737E-02  8.893705670191E-06 -3.663215486430E-03  2.256303010005E-20 -2.266543457226E-20 -6.967742425352E-21 -9.178293214496E-04
  3.181471211814E+02  3.219793279992E+02  1.733845312866E+01  4.058818096434E-14 -2.221139804071E-02  3.013480561348E+02  2.504470514721E-01  3.005164263079E-01 -1.626218716865E-01  4.728506503554E-03 -3.915647838615E-01  1.770056311924E+00 -4.795604715376E-03 -7.508557237769E-03  1.230416195310E-02 -1.488469679157E-02  3.671135353962E-04 -1.170949605185E-05  2.605640959348E-06 -1.167641303409E-05  6.049331758559E-02  1.170949594374E-05 -2.674307879875E-03  3.733883314039E-20 -8.323571621527E-21  1.580293415365E-20 -9.348233976726E-04
  3.258115348169E+02  3.297587078391E+02  1.736731609286E+01  3.605934995043E-14 -2.319687200172E-02  3.023341584434E+02  2.484187059531E-01  3.002583731559E-01 -1.605892807572E-01  4.713216249352E-03 -4.088360294530E-01  1.775453337779E+00 -5.337403565811E-03 -6.119458200957E-03  1.145686176668E-02 -1.499691991815E-02  4.036835081269E-04 -5.527820171140E-06  2.218374639704E-06 -1.851595419971E-05  5.918266211800E-02  5.527820194581E-06 -2.266762039394E-03  5.320886816024E-20 -5.952407012919E-21  4.701070424058E-20 -9.308099061967E-04
  3.337058808614E+02  3.377714690743E+02  1.739683775053E+01  3.139097373243E-14 -2.443833265081E-02  3.033451233915E+02  2.459382444762E-01  3.002403916634E-01 -1.585416671221E-01  4.567481362059E-03 -4.310663793887E-01  1.782299866205E+00 -5.686438476401E-03 -4.768794614684E-03  1.045523309113E-02 -1.483776657199E-02  4.758673593347E-04  4.736022751187E-06  2.035531397506E-06 -1.709735183253E-05  5.913461331583E-02 -4.736022801071E-06 -2.600369164481E-03  3.301243386857E-20 -4.368577825914E-21 -3.032413161807E-22 -9.321280291272E-04
  3.418370572872E+02  3.460246131465E+02  1.742738754113E+01  2.939112552873E-14 -2.582930093962E-02  3.043966645690E+02  2.428275297197E-01  2.990310040559E-01 -1.565062275832E-01  4.505004115548E-03 -4.557228285820E-01  1.788823115871E+00 -5.875802356062E-03 -3.471470733844E-03  9.347273089879E-03 -1.491602849746E-02  4.643186389581E-04  3.708245157107E-06  3.194524478646E-06 -1.112374559282E-05  5.956696587012E-02 -3.708245158518E-06 -2.571052661020E-03  1.655227154031E-20 -2.304472083433E-20 -1.713564134300E-20 -9.372685499087E-04
  3.502121690058E+02  3.545253515409E+02  1.745916373406E+01  2.949634865061E-14 -2.715392062092E-02  3.054931218298E+02  2.393022749658E-01  2.989572552640E-01 -1.544397335444E-01  4.489516798696E-03 -4.789107857194E-01  1.805954383310E+00 -6.129089347391E-03 -2.147148944445E-03  8.276238291714E-03 -1.520217597643E-02  3.155400351865E-04  8.169643888030E-06  4.869365722001E-06 -1.278011811127E-05  5.964755593061E-02 -8.169643908588E-06 -4.035578964405E-03  3.107842788546E-20  2.769702752690E-22  4.761016411940E-21 -9.611191562732E-04
  3.588385340760E+02  3.632811120872E+02  1.749170196665E+01  2.974700058037E-14 -3.021159344976E-02  3.066175243027E+02  2.358930410081E-01  2.972188250738E-01 -1.522741155868E-01  4.473435746724E-03 -5.340319018018E-01  1.814613020751E+00 -6.686818783525E-03 -7.055845583864E-04  7.392403341616E-03 -1.539890113983E-02  6.183779097501E-04  1.071678490991E-06  4.907643669858E-06 -1.584350404597E-05  5.858497462157E-02 -1.071678523934E-06 -4.206876099970E-03  1.831092198747E-20  5.277324183935E-21  2.147517302020E-20 -9.517331218272E-04
  3.677236900983E+02  3.722995454498E+02  1.752423045674E+01  3.069589605646E-14 -3.183929807443E-02  3.077448043578E+02  2.326466017392E-01  2.931622883100E-01 -1.500404127658E-01  4.552440897649E-03 -5.650327310825E-01  1.826979975155E+00 -7.158051395468E-03  8.252582457181E-04  6.332793149378E-03 -1.510167580056E-02  2.907151613236E-04  2.388239105910E-06  4.757048480952E-06 -1.157407157483E-05  5.727502197664E-02 -2.388239088673E-06 -3.336538568673E-03  6.079048857937E-20  3.079484335948E-21 -4.125742107178E-21 -9.377598816963E-04
  3.768754008012E+02  3.815885318133E+02  1.755721223345E+01  3.141911441666E-14 -3.403514576085E-02  3.088919739704E+02  2.294475521506E-01  2.891677888895E-01 -1.478371146640E-01  4.638196932414E-03 -6.065342043658E-01  1.843001123029E+00 -7.460136969966E-03  1.981647489933E-03  5.478489480271E-03 -1.482438952893E-02  4.535624038758E-04  2.289359640379E-06  3.466635720066E-06 -8.828564484729E-06  5.492946829895E-02 -2.289359630262E-06 -3.270723084332E-03  3.538178864292E-20 -6.085708688196E-21  4.898734610540E-21 -9.097717257831E-04
  3.863016628253E+02  3.911561877677E+02  1.758894360421E+01  2.853590512035E-14 -3.569532903373E-02  3.100006531160E+02  2.262331446870E-01  2.832074421694E-01 -1.455652931779E-01  4.717220178020E-03 -6.393348645317E-01  1.862726308482E+00 -7.865632886777E-03  3.345483765473E-03  4.520149121079E-03 -1.446236304074E-02  5.987443696730E-04  5.341478786695E-07  1.753342305939E-06 -5.043565412321E-06  5.439221216050E-02 -5.341479188438E-07 -3.953873706072E-03  4.205865054504E-20 -5.916702917373E-21  5.865550703151E-21 -9.152300201799E-04
  3.960107127100E+02  4.010108734007E+02  1.762322125757E+01  2.544904333564E-14 -3.879603349882E-02  3.111997338771E+02  2.228106412146E-01  2.776836914687E-01 -1.434387616676E-01  4.861639342642E-03 -6.980696532583E-01  1.885566147805E+00 -8.279710376441E-03  4.908694852657E-03  3.371015524129E-03 -1.479853761496E-02  8.985051451586E-04 -1.083853029623E-06  5.914960540877E-07 -4.068611808854E-06  5.418911434606E-02  1.083852984172E-06 -2.795362707920E-03  5.438972521709E-20 -2.413078505206E-20  1.762114065720E-20 -9.205344468251E-04
  4.060110340913E+02  4.111611996027E+02  1.765669871100E+01  2.842707435187E-14 -3.914401170429E-02  3.123739392331E+02  2.193760789062E-01  2.713860775963E-01 -1.411995177952E-01  5.224361324200E-03 -7.095418474347E-01  1.903355801111E+00 -8.585356564229E-03  6.204663257106E-03  2.380693306876E-03 -1.459420206626E-02  5.107875585401E-05 -1.587297370993E-06  1.044611821286E-06 -9.262876839159E-06  5.208051453103E-02  1.587297425573E-06 -1.395400314906E-03  5.401866779267E-20 -2.477705993722E-21  1.275746387030E-20 -9.042035036973E-04
  4.163113651141E+02  4.216160355908E+02  1.769031728537E+01  3.366669385404E-14 -4.057146209289E-02  3.135514336055E+02  2.158262304990E-01  2.676681267609E-01 -1.391933831807E-01  5.527414583984E-03 -7.422904150950E-01  1.931409353645E+00 -8.700674466544E-03  7.256720826168E-03  1.443953640956E-03 -1.446241306568E-02  2.292968576863E-04 -3.626549318539E-06  3.772421013738E-06 -9.755614840499E-06  5.377978198741E-02  3.626549329948E-06 -1.440330026217E-03  7.197290128535E-20 -2.354384762930E-20 -1.476619242974E-20 -9.324058288698E-04
  4.269207060675E+02  4.323845166585E+02  1.772808092456E+01  3.741235330793E-14 -4.105231862846E-02  3.148774990011E+02  2.121745134526E-01  2.647124868641E-01 -1.370160126720E-01  6.087008415202E-03 -7.577153293388E-01  1.954144432715E+00 -8.674985207073E-03  8.317001041983E-03  3.579841652855E-04 -1.522814338634E-02  7.003998229263E-05 -8.883963724342E-06  4.818051778262E-06 -1.465232848757E-05  5.356819531587E-02  8.883963781957E-06 -6.356264642475E-04  8.738109318941E-20 -6.353466661633E-21 -3.340161877854E-20 -9.300308676127E-04
  4.378483272495E+02  4.434760521583E+02  1.776349690253E+01  4.229087768639E-14 -4.146110737234E-02  3.161249440765E+02  2.083714574061E-01  2.652967736698E-01 -1.350235086618E-01  6.480916941026E-03 -7.738270521243E-01  1.978443258984E+00 -8.864611425717E-03  9.471532145433E-03 -6.069207200066E-04 -1.451144984514E-02 -5.026230913006E-05 -4.466221142696E-06  2.628866116172E-06  7.912457183380E-07  5.269858828471E-02  4.466221109104E-06 -5.663281711523E-04  8.607805544437E-20 -7.835705565879E-21 -1.168800755006E-20 -9.125162415356E-04
  4.491037770670E+02  4.549003337230E+02  1.780217861186E+01  4.824146724453E-14 -4.187281339290E-02  3.174897081554E+02  2.042337068215E-01  2.620771008788E-01 -1.329904295026E-01  7.341087107114E-03 -7.899075470511E-01  2.000182093870E+00 -9.085912956603E-03  1.063500104595E-02 -1.549088089680E-03 -1.465398450353E-02  2.110286604848E-04 -1.643964291494E-06  4.410300410664E-07  6.091260083130E-06  4.881921723880E-02  1.643964383068E-06 -3.007099705251E-03  4.202884340581E-20 -2.711382396118E-20 -1.002587002968E-20 -8.656276254528E-04
  4.606968903790E+02  4.666673437347E+02  1.783421791987E+01  5.047218227851E-14 -4.583537073543E-02  3.186184135099E+02  1.997775024094E-01  2.613995437866E-01 -1.310939913587E-01  8.118756907411E-03 -8.686700571558E-01  2.003443245335E+00 -9.482267438303E-03  1.136326938163E-02 -1.881001943035E-03 -1.272451281737E-02  8.262391301416E-04 -4.983543092094E-06  1.426773282174E-07  6.381521948862E-06  4.240505201569E-02  4.983543118555E-06 -2.307002881924E-03  6.085563010683E-20 -3.015720991949E-20 -5.392441269508E-21 -7.579886485974E-04
  4.726377970904E+02  4.787873640468E+02  1.786546086275E+01  4.563611525713E-14 -4.531769325040E-02  3.197241728435E+02  1.950122328667E-01  2.586206580138E-01 -1.289549912636E-01  9.209741830542E-03 -8.685205793089E-01  2.029546588748E+00 -9.714055306662E-03  1.230439370507E-02 -2.590338398265E-03 -1.175980615962E-02 -1.283356432927E-05 -1.953025758730E-06  6.096292017213E-07  7.976761111863E-06  3.962048973625E-02  1.953025725135E-06  2.319932095380E-04  3.125279771304E-20 -1.073992708033E-20 -3.306351985806E-21 -7.241831479123E-04
  4.849369310031E+02  4.912709849682E+02  1.789511429182E+01  3.500100484328E-14 -4.545936594097E-02  3.207776796356E+02  1.904223978697E-01  2.563794126232E-01 -1.271555444770E-01  1.045767854298E-02 -8.804899521314E-01  2.063741469414E+00 -9.840336154099E-03  1.346884108376E-02 -3.628504929634E-03 -1.157422177136E-02  3.384214583362E-04 -1.595846505308E-07 -4.179333144166E-07  5.439691644474E-06  3.851150413167E-02  1.595846184205E-07  7.140536567521E-04  5.582622707976E-20 -9.886324226362E-21 -1.058588733947E-20 -7.266750195461E-04
  4.976050389332E+02  5.041291145172E+02  1.792642990888E+01  1.811250787663E-14 -4.414450449189E-02  3.218866275606E+02  1.862339049228E-01  2.525642367180E-01 -1.246918430799E-01  1.173959168791E-02 -8.622539993882E-01  2.100683412752E+00 -1.042948245615E-02  1.449200886871E-02 -4.062526412660E-03 -1.157376037421E-02 -4.171999725254E-05  6.436789962884E-06 -7.541494382917E-07  1.542967087152E-05  3.938893580039E-02 -6.436790034844E-06  6.528659777248E-04  4.808513157683E-20 -9.228332044276E-21 -7.955395844923E-21 -7.244894904550E-04
  5.106531901012E+02  5.173729879527E+02  1.795936783535E+01  4.851760920105E-15 -4.435048004015E-02  3.230542125832E+02  1.827787985101E-01  2.475445265120E-01 -1.228450365774E-01  1.279259625115E-02 -8.704808602738E-01  2.127450209310E+00 -1.058259189513E-02  1.511139690230E-02 -4.528805007277E-03 -1.167363704865E-02  2.004071725613E-04 -1.468848647099E-06 -1.383892166939E-06  1.649647678654E-05  3.678673338469E-02  1.468848594742E-06  1.212772466282E-03  3.391604021312E-20 -2.891393877896E-21 -1.708300541922E-20 -7.089386658817E-04
  5.240927858042E+02  5.310141775913E+02  1.798823782658E+01  1.947450555852E-15 -4.211054024350E-02  3.240777714204E+02  1.793916271257E-01  2.421217279232E-01 -1.207347863023E-01  1.402659369274E-02 -8.298948336137E-01  2.146130796006E+00 -1.074948790248E-02  1.567603904235E-02 -4.926551139890E-03 -1.087074995277E-02 -1.536748271897E-04  7.035118371187E-07 -2.389797286390E-06  1.546182055551E-05  3.306667514326E-02 -7.035118447751E-07  9.596088119383E-04  4.035573732621E-20 -6.483108189974E-21 -1.056249047387E-20 -6.601876295254E-04
  5.379355693784E+02  5.450646029190E+02  1.801660176311E+01  8.268265268054E-16 -4.270471453513E-02  3.250827362978E+02  1.756286571653E-01  2.358461464494E-01 -1.188876545417E-01  1.500668076544E-02 -8.398413388951E-01  2.185948036805E+00 -1.095608747511E-02  1.621177293440E-02 -5.255685459682E-03 -1.042867747309E-02  9.286639101695E-05  1.344089663169E-06 -2.462541725894E-06  9.559377271174E-06  3.229002311313E-02 -1.344089675961E-06  2.556242267465E-03  4.444452753002E-20 -1.191481071381E-20 -1.135930554546E-20 -6.521929310274E-04
  5.521936364597E+02  5.595365410066E+02  1.804582132067E+01 -4.646064060097E-15 -3.755383718005E-02  3.261193955844E+02  1.716442494847E-01  2.313801557134E-01 -1.168259227272E-01  1.618564388278E-02 -7.472387078244E-01  2.224201119654E+00 -1.073820455603E-02  1.679672204606E-02 -6.058517490202E-03 -1.048859172068E-02 -9.158005432430E-04  6.399908725873E-06 -3.424408997289E-06 -4.439851715608E-07  3.271721432342E-02 -6.399908734741E-06  4.844022916024E-03  4.474035077708E-20 -1.710139448963E-20 -1.904078895766E-20 -6.725868029016E-04
  5.668794455535E+02  5.743794455535E+02  1.807666134895E+01 -1.134187940325E-14 -3.382663634124E-02  3.272152761005E+02  1.676762898812E-01  2.232110690835E-01 -1.149689912794E-01  1.727896873298E-02 -6.808201478142E-01  2.249199790122E+00 -1.067443645384E-02  1.724305974878E-02 -6.568623295345E-03 -1.091543049729E-02 -9.173726775067E-04  2.498789075309E-06 -4.094841310325E-06 -1.358149855590E-05  3.190965339757E-02 -2.498789112823E-06  5.654281415790E-03  1.646179623260E-20 -1.703157042459E-20  7.485790108210E-21 -6.733398519021E-04
  5.818794455535E+02  5.893794455535E+02  1.810565408801E+01 -1.470786802534E-14 -2.696295293381E-02  3.282437575017E+02  1.637023279615E-01  2.140057387273E-01 -1.128770145140E-01  1.832186857912E-02 -5.563073098766E-01  2.226172649477E+00 -1.059367586311E-02  1.693488962927E-02 -6.341213765729E-03 -1.063617709937E-02 -1.570850733581E-03  3.919408299480E-06 -4.322977589337E-06 -8.790088720634E-06  3.196332475007E-02 -3.919408306737E-06  5.414603616170E-03 -1.036220925115E-20 -3.447916643955E-21 -7.019455417418E-21 -6.879388071481E-04
  5.968794455535E+02  6.043794455535E+02  1.813663761340E+01 -1.598592930483E-14 -2.364950953380E-02  3.293449562832E+02  1.598839080582E-01  2.078372675524E-01 -1.105140465368E-01  1.933199051143E-02 -4.943127644624E-01  2.193693249095E+00 -1.004542998472E-02  1.649190782766E-02 -6.446477842927E-03 -1.138980077318E-02 -6.765076356244E-04 -9.905430268680E-07 -4.688571602338E-06 -3.587128250168E-06  3.503949253025E-02  9.905430072639E-07  2.960974104697E-03  7.643935408880E-21  2.138888579946E-21 -7.386595454450E-21 -7.192489147790E-04
  6.118794455535E+02  6.193794455535E+02  1.817137153330E+01 -1.929641834051E-14 -2.136295480162E-02  3.305839152748E+02  1.563052889634E-01  2.040262214402E-01 -1.078926293786E-01  2.007249276533E-02 -4.495053615400E-01  2.165595586574E+00 -9.585059856512E-03  1.605539928149E-02 -6.470339424901E-03 -1.162537782525E-02 -1.291780570259E-04 -2.557499989289E-06 -5.300784706184E-06  1.841359942865E-06  3.596572165690E-02  2.557500001864E-06  3.475073854321E-03 -2.161905223068E-21 -1.560907009772E-20 -2.531787602134E-20 -7.319221031578E-04
  6.268794455535E+02  6.343794455535E+02  1.820403664467E+01 -2.164398145664E-14 -1.710554928395E-02  3.317544709999E+02  1.530207692889E-01  2.000747652276E-01 -1.049403452992E-01  2.054691856504E-02 -3.682590219488E-01  2.148361953324E+00 -9.580956377884E-03  1.602820417651E-02 -6.447247798385E-03 -1.167370882925E-02 -5.327819564144E-04 -4.433034002545E-06 -6.137988667077E-06 -1.018629345636E-06  3.546845153101E-02  4.433034001453E-06  2.589608559539E-03 -1.387192461493E-20 -1.915505362016E-20  1.026708735543E-20 -7.303404402927E-04
  6.418794455535E+02  6.493794455535E+02  1.823782957858E+01 -1.968749758126E-14 -1.649972380405E-02  3.329752397870E+02  1.493877368323E-01  1.965843289554E-01 -1.020865402477E-01  2.048376462154E-02 -3.540198383469E-01  2.136301647303E+00 -9.295291652379E-03  1.569785523478E-02 -6.402563582623E-03 -1.174373867933E-02  1.096748837661E-04 -7.373941144443E-06 -8.263820504719E-06 -9.358654587725E-06  3.772237439970E-02  7.373941182886E-06  6.301289297873E-04 -1.307200472971E-21 -1.311616606929E-20 -4.944197811599E-21 -7.508418629097E-04
  6.568794455535E+02  6.643794455535E+02  1.827471935096E+01 -1.861975215215E-14 -1.591434426685E-02  3.343132453886E+02  1.451267623139E-01  1.926164798030E-01 -9.885804711865E-02  2.099377574034E-02 -3.422511504329E-01  2.133068343991E+00 -9.268317821705E-03  1.553350539929E-02 -6.265187577484E-03 -1.224413673599E-02  3.083858932354E-04 -1.080046173501E-05 -8.286749737800E-06 -1.725062457707E-05  3.707326549905E-02  1.080046171463E-05  1.461647759261E-03  3.559807480711E-20 -2.354801214169E-21  1.218300294738E-21 -7.478412332407E-04
  6.718794455535E+02  6.793794455535E+02  1.830735075932E+01 -2.096932494542E-14 -1.373825363150E-02  3.354986145891E+02  1.407211702875E-01  1.900218565370E-01 -9.592077909275E-02  2.078499210044E-02 -3.007690920433E-01  2.113617919788E+00 -9.179923869767E-03  1.556664635010E-02 -6.386722480867E-03 -1.156844143034E-02  6.163964657982E-05 -3.217271810752E-06 -5.503398815470E-06 -1.374143089103E-05  3.381145863033E-02  3.217271826014E-06  2.284099771938E-03  1.663457035095E-21 -1.597045284050E-21 -9.905911168923E-21 -6.899725282036E-04
  6.868794455535E+02  6.943794455535E+02  1.833815299582E+01 -2.145472775134E-14 -1.162109214080E-02  3.366180829648E+02  1.362760489157E-01  1.825543003197E-01 -9.236064832564E-02  2.081908959763E-02 -2.590582535431E-01  2.090800599620E+00 -9.311737950995E-03  1.550198091397E-02 -6.190242963102E-03 -1.065904502114E-02  4.468790868386E-05 -6.933528068429E-06 -2.841297394123E-06 -9.389257846687E-06  3.215744465873E-02  6.933528071149E-06  4.399212303366E-04  5.150616570941E-21 -1.157465188812E-20 -1.230698760625E-20 -6.559729879261E-04
  7.018794455535E+02  7.093794455535E+02  1.836764164646E+01 -1.776570759717E-14 -1.293233939757E-02  3.376878287277E+02  1.319292961973E-01  1.760096824071E-01 -8.885134664207E-02  2.032358071317E-02 -2.798534447236E-01  2.055251663526E+00 -9.006472903079E-03  1.506441501316E-02 -6.057942109851E-03 -1.020038805081E-02  5.243064266900E-04  1.125762086698E-06  6.465537741427E-09  3.652023144754E-06  3.232000174153E-02 -1.125762040346E-06 -7.233422768120E-04 -1.243087881561E-20 -3.794016854421E-21 -4.592568225074E-21 -6.356980344537E-04
  7.168794455535E+02  7.243794455535E+02  1.839873437938E+01 -1.694806679257E-14 -1.300224236727E-02  3.388182165635E+02  1.275691682575E-01  1.700167313396E-01 -8.503188476071E-02  1.969083204708E-02 -2.778793987236E-01  2.023615880257E+00 -8.928302569105E-03  1.461367133356E-02 -5.685368764167E-03 -1.008126123152E-02  5.419914713046E-04  8.952704653667E-06  1.633864534391E-06  2.882624979361E-06  3.060426128385E-02 -8.952704669777E-06 -1.040044558760E-04  4.481630343698E-21 -1.368948753464E-20  9.990505718889E-21 -5.964488221835E-04
  7.318794455535E+02  7.393794455535E+02  1.842502091037E+01 -1.788312091004E-14 -1.310470959479E-02  3.397763642853E+02  1.233873420391E-01  1.653977598733E-01 -8.125577946276E-02  1.883100197670E-02 -2.773672569609E-01  1.987245344858E+00 -9.040759589093E-03  1.412801836712E-02 -5.087258777840E-03 -8.902060339365E-03  3.987234689829E-04  4.971183299771E-06  1.724824794145E-06  5.215459102324E-06  2.481019945083E-02 -4.971183291005E-06  1.782863287056E-03  1.348543244398E-21  6.645234128556E-21 -1.078619101283E-20 -5.117108927431E-04
  7.468794455535E+02  7.543794455535E+02  1.844528406637E+01 -1.813377630925E-14 -9.637348078672E-03  3.405129612851E+02  1.196689046620E-01  1.582869146961E-01 -7.711714692561E-02  1.766234572187E-02 -2.112262160313E-01  1.950586170182E+00 -8.693845497690E-03  1.365427945221E-02 -4.960433954608E-03 -7.554081114382E-03  1.175168498532E-06  2.727815067459E-06 -5.966675904932E-07  1.643078254519E-05  1.983840405554E-02 -2.727815085114E-06  2.827145131184E-03  3.214711841320E-21 -4.928255271911E-21 -1.471045287015E-20 -4.473032759591E-04
  7.618794455535E+02  7.693794455535E+02  1.846222904161E+01 -1.907550824474E-14 -7.813681526120E-03  3.411306560097E+02  1.163421891780E-01  1.557536402087E-01 -7.324635014378E-02  1.633335679454E-02 -1.772270071319E-01  1.908621651137E+00 -8.459133392151E-03  1.314122250629E-02 -4.682089113906E-03 -6.863194344380E-03 -8.315052970134E-06  1.506750555795E-06 -3.705871095665E-06  1.430474500092E-05  1.764349011960E-02 -1.506750539674E-06  4.756976830508E-04 -1.538043525630E-20 -5.602450489695E-21 -2.513518489944E-20 -4.123123431562E-04
  7.768794455535E+02  7.843794455535E+02  1.847833482088E+01 -1.837372528429E-14 -8.735555619013E-03  3.417205643792E+02  1.128090695137E-01  1.505013305932E-01 -6.902004240657E-02  1.500851058501E-02 -1.919432857206E-01  1.891035203037E+00 -8.576124087747E-03  1.318101910042E-02 -4.604895012872E-03 -6.209708083852E-03  2.565593261883E-04  5.710427529156E-06 -2.169843741377E-06  7.053593454581E-06  1.627918404900E-02 -5.710427515693E-06 -1.683079405655E-03  1.073635448944E-20  2.158240381369E-21 -1.755175785673E-20 -3.640702350657E-04
  7.918794455535E+02  7.993794455535E+02  1.849274225314E+01 -1.771141104149E-14 -1.095876928017E-02  3.422476036394E+02  1.090140038374E-01  1.473133605442E-01 -6.498786976889E-02  1.372420810494E-02 -2.308146467816E-01  1.891118195638E+00 -8.449556512585E-03  1.341953827890E-02 -4.969981766234E-03 -5.918130358831E-03  5.067806395138E-04  1.298598873703E-05  2.709939121893E-06 -7.814713152267E-07  1.895084631563E-02 -1.298598877485E-05  2.403086592745E-03  1.488742694680E-20  6.458496521257E-23 -9.566369740366E-21 -4.150680662866E-04
  8.068794455535E+02  8.143794455535E+02  1.851387388124E+01 -1.760559608978E-14 -4.213190782322E-03  3.430274526843E+02  1.050622342066E-01  1.416471232893E-01 -6.080790332721E-02  1.224370314116E-02 -1.020973129890E-01  1.888357374315E+00 -8.217184966975E-03  1.315580005673E-02 -4.938615089557E-03 -7.175686010663E-03 -8.446882694330E-04  1.018759959401E-05  5.660060001363E-06 -3.110319658031E-06  2.369257497091E-02 -1.018759957112E-05  5.013209214012E-03  7.560353349478E-21  5.805986053116E-21 -1.962544565181E-21 -4.609037501285E-04
  8.218794455535E+02  8.293794455535E+02  1.853714994312E+01 -1.489437595250E-14 -1.553087875545E-03  3.438797691883E+02  1.003625931819E-01  1.377642307428E-01 -5.630126452362E-02  1.086334961264E-02 -4.765967503024E-02  1.868273770679E+00 -8.082132576839E-03  1.316859447618E-02 -5.086461899405E-03 -7.528792623173E-03 -1.249226359551E-04  2.017581358829E-06  7.794371286261E-06 -5.898397766130E-07  2.378872024812E-02 -2.017581355936E-06  1.485807371248E-03  1.188055632205E-20 -1.736928418435E-20 -2.195999766727E-20 -4.666703898707E-04
  8.368794455535E+02  8.443794455535E+02  1.855846398258E+01 -1.417819623280E-14 -1.456611555568E-03  3.446627368340E+02  9.559963369624E-02  1.347521448265E-01 -5.176849227767E-02  9.430500229395E-03 -4.131948640266E-02  1.831382132471E+00 -7.764172510659E-03  1.279940472363E-02 -5.035232212947E-03 -7.320422664678E-03  1.533548677392E-05 -4.741764682039E-06  1.029370274233E-05 -4.509333828143E-06  2.241198445371E-02  4.741764701002E-06  8.218936912837E-04 -2.619066483018E-21 -3.242700428766E-21 -1.904971175879E-21 -4.460314228160E-04
  8.518794455535E+02  8.593794455535E+02  1.857921049957E+01 -1.771236571764E-14 -3.986619366851E-05  3.454237669869E+02  9.119798511407E-02  1.318448965952E-01 -4.705658476599E-02  8.157798266419E-03 -1.256043407763E-02  1.822017289340E+00 -7.720909372199E-03  1.235642299004E-02 -4.635513617907E-03 -6.943648623226E-03  1.049852999983E-04 -1.674150729786E-06  8.482898954242E-06 -1.166562363293E-06  2.307273142868E-02  1.674150720729E-06  1.019293510878E-03  5.284516491558E-21  7.316394432006E-21 -1.730891806598E-20 -4.380333196555E-04
  8.668794455535E+02  8.743794455535E+02  1.860176254421E+01 -2.063384865169E-14  4.560066252378E-04  3.462528403462E+02  8.649396489371E-02  1.299000199771E-01 -4.233203940266E-02  6.740442343204E-03 -1.751524107920E-03  1.807227515526E+00 -7.394409954705E-03  1.214554742973E-02 -4.751137475052E-03 -7.288565236140E-03 -1.437952699876E-05 -6.847192931119E-06  4.320616818225E-06 -1.131085736416E-06  2.632458397608E-02  6.847192977890E-06  1.322617881875E-03  9.176729169683E-21 -1.542110582877E-20 -2.517369572243E-20 -4.812885184185E-04
  8.818794455535E+02  8.893794455535E+02  1.862855444118E+01 -1.982353040400E-14  2.442161753520E-03  3.472399726608E+02  8.156551447675E-02  1.245285291891E-01 -3.751871019465E-02  5.612515316623E-03  3.778406983981E-02  1.788471226261E+00 -7.117631136923E-03  1.151976048709E-02 -4.402129350318E-03 -7.962708994261E-03 -4.674685382341E-04 -4.686701124864E-06  3.284085764663E-06  2.886681178591E-06  2.863489664861E-02  4.686701123097E-06  5.819602093410E-04  2.122225463453E-20 -1.594835433507E-20 -2.035848133788E-20 -4.985803771801E-04
  8.968794455535E+02  9.043794455535E+02  1.865543717983E+01 -1.739878394714E-14  1.536648385286E-03  3.482335927267E+02  7.583305971503E-02  1.203861212656E-01 -3.278018330547E-02  4.463979299585E-03  2.313346570194E-02  1.765096758570E+00 -6.612960332175E-03  1.107142225981E-02 -4.458461927647E-03 -8.007476190106E-03  1.781421074648E-04 -1.392310766431E-06  4.673780357720E-06  3.726796524256E-06  3.033861206735E-02  1.392310815763E-06 -1.653878845019E-03  1.692628593221E-20  1.963810560724E-22 -1.802432338586E-20 -5.113185463033E-04
  9.118794455535E+02  9.193794455535E+02  1.868545585469E+01 -1.629929409034E-14 -6.623111638987E-04  3.493465493075E+02  6.949977916877E-02  1.162544917477E-01 -2.774748109048E-02  3.712106833152E-03 -1.728516153905E-02  1.752427251228E+00 -6.257327601841E-03  1.069053389096E-02 -4.433206288797E-03 -8.248954382148E-03  1.918161105652E-04 -3.664536346693E-06  4.828391056466E-06  4.112003918372E-06  3.170397367186E-02  3.664536339327E-06  4.868261022546E-04  9.576532721794E-21 -1.280885239912E-20 -1.585104588620E-20 -5.083220692227E-04
  9.268794455535E+02  9.343794455535E+02  1.871490048672E+01 -1.684876182439E-14  2.442979061947E-03  3.504434150268E+02  6.198367898571E-02  1.118180676208E-01 -2.290805424594E-02  2.910863777589E-03  4.122257110731E-02  1.748499308158E+00 -6.312304377095E-03  1.025669558225E-02 -3.944391205131E-03 -8.014156292568E-03 -9.069373786486E-04 -1.004536353418E-07  3.610010452684E-06  6.314519803729E-06  3.356565064359E-02  1.004536451828E-07  1.540395596948E-03  2.962227747975E-20 -4.094744809312E-21 -2.216366310637E-20 -5.073495159718E-04
  9.418794455535E+02  9.493794455535E+02  1.874838626484E+01 -1.599398377049E-14  2.222345736791E-03  3.516951942382E+02  5.199128837191E-02  1.117371423475E-01 -1.784787453783E-02  2.240839329368E-03  3.737960655412E-02  1.744301381903E+00 -6.199633976039E-03  1.031827714852E-02 -4.118643172524E-03 -8.147310918872E-03 -9.488231647201E-05  2.964866689137E-06  3.200175919843E-06  7.789381965989E-06  3.520786160193E-02 -2.964866705890E-06 -2.095721621259E-03  1.304384472160E-20  1.909858680926E-21 -2.081937401269E-20 -5.043736035479E-04
  9.568794455535E+02  9.643794455535E+02  1.878091296191E+01 -1.218439513057E-14 -1.474487673488E-03  3.529105280146E+02  3.956892507203E-02  1.132126569248E-01 -1.301004770499E-02  1.734072199362E-03 -3.221823096300E-02  1.778768576480E+00 -5.790390158769E-03  1.034516329691E-02 -4.554773138249E-03 -8.080883862321E-03  4.214669117935E-04  5.891153885391E-06  1.967152234598E-06  1.122338248411E-05  3.987135411910E-02 -5.891153836723E-06 -5.671533583622E-03  2.035689027544E-20 -6.041927906325E-21 -2.974476588407E-20 -5.666917133986E-04
  9.718794455535E+02  9.793794455535E+02  1.882313817192E+01 -6.574666881522E-15 -8.410756019520E-03  3.544930982678E+02  2.434797020906E-02  1.205193682941E-01 -7.303149561637E-03  9.686499908858E-04 -1.642107816953E-01  1.905512664512E+00 -5.828638642223E-03  1.123205742680E-02 -5.403418784740E-03 -1.037049661910E-02  8.636026335656E-04 -3.383833519511E-06  1.013791571668E-06  8.440150527159E-06  5.102942270839E-02  3.383833524999E-06 -5.136162593908E-03  7.824072824402E-21 -1.792192558218E-21 -8.516341641017E-21 -7.812133958278E-04
  9.868794455535E+02  9.943794455535E+02  1.887659296133E+01 -1.630053658603E-15 -1.111629466390E-02  3.565151876288E+02  5.066391925812E-03  1.340968152166E-01 -2.243222156648E-03  2.905750161897E-04 -2.162502326129E-01  1.843257160488E+00 -6.945319467310E-03  1.148479853635E-02 -4.539479068902E-03 -1.265394268185E-02  4.053520604643E-04  2.729820279567E-06  7.012952728129E-07  6.929677398859E-06  2.850302904337E-02 -2.729820247188E-06 -1.440730648927E-03 -3.509499055645E-21  2.130816619593E-21 -3.884201003716E-20 -3.480701731447E-04
