                   y                  ym                   U                   V                   W                 U^2                 V^2                 W^2                  UV                  VW                  UW                VISC               SFSxx               SFSyy               SFSzz               SFSxy               SFSyz                dUdX                dVdX                dWdX                dUdY                dVdY                dWdY                dUdZ                dVdZ                dWdZ              SFSxym
 -4.000000000000E+00 -2.000000000000E+00  0.000000000000E+00  0.000000000000E+00  0.000000000000E+00  0.000000000000E+00  0.000000000000E+00  0.000000000000E+00  0.000000000000E+00  0.000000000000E+00  0.000000000000E+00  0.000000000000E+00  0.000000000000E+00  0.000000000000E+00  0.000000000000E+00  0.000000000000E+00  0.000000000000E+00  0.000000000000E+00  0.000000000000E+00  0.000000000000E+00  0.000000000000E+00  0.000000000000E+00  0.000000000000E+00  0.000000000000E+00  0.000000000000E+00  0.000000000000E+00  0.000000000000E+00
  2.220446049250E-16  2.000000000000E+00  1.212038246916E+01 -3.975464976744E-16 -7.640335683052E-02  1.490553329928E+02  4.149197196404E-02  5.744517987657E-01 -1.205858958521E-01 -6.232275310108E-04 -9.143915251515E-01  6.069362423316E-01 -5.272545149919E-04  2.498327256930E-03 -1.971072741862E-03 -3.732508438786E+00  1.487021477006E-02 -4.069652662287E-04 -3.690144492237E-05 -1.564349528538E-05  5.059043283020E+01  4.069652662271E-04 -3.451223257219E-01  7.315793327343E-21  3.329003288390E-21  1.543840596429E-20 -4.627430574763E-03
  4.000000000000E+00  6.000000000000E+00  1.317488285629E+01 -1.034454621933E-15 -9.596816773566E-02  1.753785114190E+02  1.655363293936E-01  5.235826071668E-01 -2.203794302923E-01  4.861052427077E-04 -1.256552227277E+00  4.505044230605E+00  1.222422366430E-01 -1.681437179109E-01  4.590148127157E-02 -6.094263138431E-01 -5.741492961838E-02  1.097741869881E-04 -5.952370969260E-05  2.449987001098E-05  2.857664300665E+00 -1.097741869681E-04 -4.146872965353E-02  1.267989270915E-20  8.987082811731E-21  2.715555571597E-20 -4.597462146583E-02
  8.000000000000E+00  1.000000000000E+01  1.354910902082E+01 -1.034522727900E-15 -9.719665183032E-02  1.851098202417E+02  1.945959898788E-01  4.775848456213E-01 -2.160181948736E-01  2.164566531654E-04 -1.311673314426E+00  4.734232340872E+00  8.002338365167E-02 -2.187827868185E-01  1.387594031687E-01 -4.059326244357E-01 -1.590734719098E-03  7.801465588115E-05 -3.470563584886E-05  1.267836887412E-05  1.437573802406E+00 -7.801465589668E-05 -4.134958475987E-03  4.516583774145E-20 -6.786478035760E-21  6.561900550883E-20 -2.453497700874E-02
  1.200000000000E+01  1.400000000000E+01  1.389370485914E+01 -4.887512197622E-16 -9.808183490145E-02  1.945156032704E+02  2.090175592288E-01  4.655866313892E-01 -2.289292983205E-01  5.074831566901E-04 -1.358130843420E+00  4.651640792175E+00  7.389914153079E-02 -2.014090913413E-01  1.275099498094E-01 -3.759328424900E-01  6.918157228575E-03  5.422480739317E-05 -1.922468952078E-05  6.465315188226E-06  1.191952236963E+00 -5.422480733501E-05 -2.049729131466E-03 -1.379795669193E-21 -4.897300822207E-21  9.570722135375E-20 -2.070195350942E-02
  1.600000000000E+01  1.800000000000E+01  1.414511408103E+01 -1.026074480011E-15 -9.826135209643E-02  2.015007911791E+02  2.204952576239E-01  4.556884159750E-01 -2.275990952153E-01  4.828095533177E-04 -1.385346840881E+00  4.386877526878E+00  6.129944306262E-02 -1.785805739684E-01  1.172811309046E-01 -2.799796364999E-01  5.081157205542E-03  7.652177050808E-05 -1.116945679781E-05  1.555841993738E-05  9.480345913960E-01 -7.652177052005E-05 -1.568291213506E-03  1.037827517471E-20  2.310233373141E-20  1.129413496412E-19 -1.632391555387E-02
  2.000000000000E+01  2.200000000000E+01  1.436771836117E+01 -2.852664429907E-15 -9.890184206981E-02  2.078141404507E+02  2.301539446891E-01  4.524093657178E-01 -2.309864582681E-01  6.652528590950E-04 -1.416053900393E+00  4.209575547138E+00  5.464620783166E-02 -1.622286760173E-01  1.075824681852E-01 -2.453638541160E-01  3.510363175245E-03  2.761715775098E-05 -7.602090748436E-06  1.867206138676E-05  8.172103994241E-01 -2.761715776005E-05 -2.151637654874E-03 -2.200358799536E-20  9.491128432812E-21  1.068742502590E-19 -1.408724219905E-02
  2.400000000000E+01  2.600000000000E+01  1.455371319131E+01 -4.628928244761E-15 -9.936244325093E-02  2.131586890666E+02  2.381900561941E-01  4.501441504126E-01 -2.302509151322E-01  6.093213779036E-04 -1.440802780525E+00  4.013793297050E+00  4.760302434634E-02 -1.474713788883E-01  9.986835454226E-02 -2.050420560211E-01  2.779356908696E-03  1.520318899128E-05 -6.686627557604E-06  2.569452668032E-05  7.063712647788E-01 -1.520318900789E-05 -3.467970031648E-03  3.547624925297E-20  4.701821115801E-21  1.373285537640E-19 -1.206410595856E-02
  2.800000000000E+01  3.000000000000E+01  1.472091071566E+01 -6.712603599415E-15 -1.006155654692E-01  2.180305616996E+02  2.446660543591E-01  4.488227065603E-01 -2.309208771749E-01  6.939257683374E-04 -1.477563370214E+00  3.861250145036E+00  4.277635244987E-02 -1.362785194581E-01  9.350216700602E-02 -1.821537959878E-01  2.575992478234E-03  3.780560126092E-05 -7.621109283381E-06  1.609233325859E-05  6.298773514590E-01 -3.780560121608E-05 -5.812853635099E-03  9.095628072731E-21  1.384821815828E-20  1.233049699621E-19 -1.071748837943E-02
  3.200000000000E+01  3.400000000000E+01  1.486870252471E+01 -9.585567004496E-15 -1.022408339065E-01  2.223821626336E+02  2.497847025670E-01  4.471453052526E-01 -2.300689077491E-01  6.689554207724E-04 -1.518809690825E+00  3.721246738864E+00  3.831691511430E-02 -1.263551340172E-01  8.803821890484E-02 -1.607459806525E-01  2.258724087326E-03  1.183796413295E-05 -1.136409539559E-05  1.628762789511E-05  5.667347564474E-01 -1.183796422061E-05 -7.928858404806E-03  1.446836302541E-21 -2.421467506832E-21  1.299628935746E-19 -9.576682398169E-03
  3.600000000000E+01  3.800000000000E+01  1.500428395862E+01 -1.298308903239E-14 -1.045694490467E-01  2.264158153823E+02  2.536392679018E-01  4.458442393395E-01 -2.297735163104E-01  7.972688113453E-04 -1.570138766245E+00  3.598101322370E+00  3.497237378663E-02 -1.181649193621E-01  8.319254557724E-02 -1.458722930490E-01  2.121416368680E-03  2.142331727860E-05 -1.527764372272E-05  5.086832518919E-06  5.189823085212E-01 -2.142331726092E-05 -9.909615299323E-03  1.238917944767E-21  5.725359367670E-22  1.235620667083E-19 -8.700852635310E-03
  4.000000000000E+01  4.200000000000E+01  1.512817874300E+01 -1.625236056846E-14 -1.071861858281E-01  2.301339975952E+02  2.564206419513E-01  4.453533575283E-01 -2.287596727778E-01  7.603023639266E-04 -1.624828975920E+00  3.484140834554E+00  3.196844281715E-02 -1.109450676541E-01  7.897662483651E-02 -1.325011895173E-01  2.033596990768E-03  2.768861205328E-05 -1.678158215752E-05 -1.191492394693E-05  4.790082295975E-01 -2.768861217637E-05 -1.126897904023E-02  7.996375639239E-20  4.163710817012E-21  7.417991833673E-20 -7.947911073586E-03
  4.400000000000E+01  4.600000000000E+01  1.524380164109E+01 -1.836226725503E-14 -1.101923770080E-01  2.336337240572E+02  2.583498653217E-01  4.457476761283E-01 -2.280356338787E-01  8.480362291057E-04 -1.685221958684E+00  3.381160177160E+00  2.962256257536E-02 -1.048553495241E-01  7.523278694569E-02 -1.219622299890E-01  2.232953725563E-03  1.479980234159E-05 -1.595501613556E-05 -1.900149638595E-05  4.469525290940E-01 -1.479980234474E-05 -1.232377050749E-02  6.327785282240E-20 -9.800686175150E-21  1.224563807421E-19 -7.338655427859E-03
  4.800000000000E+01  5.000000000000E+01  1.535166525824E+01 -2.037746506907E-14 -1.133490078799E-01  2.369215997476E+02  2.596551871993E-01  4.457885453793E-01 -2.268928748451E-01  8.478817277888E-04 -1.748171443049E+00  3.284875442236E+00  2.745349428436E-02 -9.928619378811E-02  7.183269950416E-02 -1.127529678756E-01  2.329510242506E-03  7.830157375691E-06 -1.533258537698E-05 -2.502214192678E-05  4.163034072323E-01 -7.830157389696E-06 -1.244852221181E-02  2.894801661580E-20  4.840254118476E-21  1.094092929203E-19 -6.776451535897E-03
  5.200000000000E+01  5.400000000000E+01  1.545192920469E+01 -2.280934644923E-14 -1.164213733886E-01  2.399981300529E+02  2.605022790548E-01  4.459645522081E-01 -2.259043351071E-01  9.248553996422E-04 -1.809786271382E+00  3.193194772768E+00  2.517069008479E-02 -9.390952165413E-02  6.873883156735E-02 -1.042322873719E-01  2.193378195754E-03 -9.458348409908E-06 -1.558537572473E-05 -2.027947586877E-05  3.887312316881E-01  9.458348316417E-06 -1.160583725666E-02  8.950283295706E-21 -1.214982889162E-20  1.130451462445E-19 -6.278358786017E-03
  5.600000000000E+01  5.800000000000E+01  1.554602084550E+01 -2.511162934675E-14 -1.191233117923E-01  2.429023271012E+02  2.608151637055E-01  4.466980095346E-01 -2.247910024470E-01  1.006376936538E-03 -1.864719795696E+00  3.108399120314E+00  2.358829478003E-02 -8.940267016913E-02  6.581437538943E-02 -9.683943657451E-02  1.984792924591E-03 -6.818727282796E-06 -1.572025163013E-05 -1.753538998618E-05  3.653811326643E-01  6.818727254023E-06 -1.087289958758E-02  2.347288641529E-20  6.315402976759E-21  1.282764560854E-19 -5.853470308104E-03
  6.000000000000E+01  6.200000000000E+01  1.563463859072E+01 -2.470642900515E-14 -1.218042271260E-01  2.456534202032E+02  2.606681484031E-01  4.463942405448E-01 -2.237293461455E-01  1.116180546383E-03 -1.918694291280E+00  3.033647293681E+00  2.205043717040E-02 -8.536482168522E-02  6.331438451547E-02 -9.051320467063E-02  1.754492909861E-03 -1.150447759577E-05 -1.586766150537E-05 -1.481688054148E-05  3.446085524232E-01  1.150447783478E-05 -1.026695111036E-02  1.066319006416E-20  1.131901136776E-20  1.372178812132E-19 -5.466321985949E-03
  6.400000000000E+01  6.600000000000E+01  1.571833324174E+01 -2.413604816768E-14 -1.242224334960E-01  2.482667882124E+02  2.602295777899E-01  4.455357100429E-01 -2.225770990547E-01  1.209579491167E-03 -1.967473027313E+00  2.960605429538E+00  2.052829493926E-02 -8.169687051145E-02  6.116857557325E-02 -8.434321261972E-02  1.356143391636E-03 -1.150739656221E-06 -1.641498690357E-05 -7.689052475643E-06  3.256345007355E-01  1.150739556675E-06 -8.369534075132E-03  3.311830320807E-20  5.044828994346E-21  1.045859916222E-19 -5.096330096861E-03
  6.800000000000E+01  7.000000000000E+01  1.579741916683E+01 -2.453043733311E-14 -1.259766077037E-01  2.507468379521E+02  2.595471548682E-01  4.438629415075E-01 -2.213449679767E-01  1.313479222593E-03 -2.005309811804E+00  2.887195555834E+00  1.908349513160E-02 -7.816888510194E-02  5.908538997059E-02 -7.869823469529E-02  6.789658751208E-04 -5.026609256351E-06 -1.674998090065E-05 -1.673000666304E-06  3.072671714052E-01  5.026609356452E-06 -5.284307627929E-03  1.575906784388E-20 -5.750770968792E-21  1.151272940411E-19 -4.747774016167E-03
  7.200000000000E+01  7.400000000000E+01  1.587193668744E+01 -2.668092584252E-14 -1.268551682253E-01  2.530922121404E+02  2.585969699065E-01  4.420752665296E-01 -2.201360439039E-01  1.354779950811E-03 -2.029280050656E+00  2.822849864742E+00  1.767498712148E-02 -7.528361096320E-02  5.760862384141E-02 -7.347014212438E-02 -1.456673480731E-05  2.502440802776E-07 -1.631039561859E-05 -1.096895682765E-06  2.918502239304E-01 -2.502441104469E-07 -2.490169791369E-03 -6.181540105050E-21 -8.098846165967E-21  8.764486012223E-20 -4.453958088676E-03
  7.600000000000E+01  7.800000000000E+01  1.594332635058E+01 -3.276494237962E-14 -1.272237005840E-01  2.553497939185E+02  2.574916847749E-01  4.402961214395E-01 -2.188670779823E-01  1.399691835221E-03 -2.044551049253E+00  2.760322212384E+00  1.640897723767E-02 -7.239837696647E-02  5.598939972828E-02 -6.909193830441E-02 -3.303681045696E-04  1.984502019812E-06 -1.445541014644E-05 -2.158144520431E-06  2.782472303775E-01 -1.984502110243E-06 -8.573991439705E-04 -3.112375246642E-20 -3.394423489938E-20  8.755246975279E-20 -4.182026902028E-03
  8.000000000000E+01  8.200000000000E+01  1.601104263184E+01 -3.681581253326E-14 -1.272957420126E-01  2.575009795699E+02  2.563127593011E-01  4.380906988725E-01 -2.175983012521E-01  1.391649482606E-03 -2.054556360128E+00  2.697860389381E+00  1.515075538297E-02 -6.943795745611E-02  5.428720207300E-02 -6.478463393383E-02 -5.294420909044E-04  1.325497511035E-06 -1.214107161128E-05  4.666313184821E-06  2.624312673087E-01 -1.325497418877E-06  3.468580736959E-04 -2.214125937892E-20  1.091657984549E-20  1.166403857544E-19 -3.917052445881E-03
  8.400000000000E+01  8.600000000000E+01  1.607454335850E+01 -4.082312129578E-14 -1.270711422078E-01  2.595258499798E+02  2.550928923232E-01  4.356050725439E-01 -2.163726711427E-01  1.387143268415E-03 -2.058906839073E+00  2.642724522821E+00  1.436606317887E-02 -6.693660793023E-02  5.257054475077E-02 -6.063456978461E-02 -5.824332529887E-04  1.666840120625E-06 -1.064490655684E-05  5.268008463339E-06  2.494039072363E-01 -1.666840194763E-06  2.183674361596E-03  8.129987354005E-21 -2.368577610877E-20  1.027639413672E-19 -3.692978605768E-03
  8.800000000000E+01  9.000000000000E+01  1.613575375952E+01 -4.850844713591E-14 -1.262259198708E-01  2.614847785173E+02  2.539489921076E-01  4.320082565872E-01 -2.150934684111E-01  1.342710521563E-03 -2.053647718574E+00  2.586838060906E+00  1.358501394393E-02 -6.442013168557E-02  5.083511774072E-02 -5.752109745569E-02 -9.412380188341E-04  9.752140630942E-07 -9.232956606944E-06  2.596862052549E-06  2.377403305417E-01 -9.752140681972E-07  4.290361784077E-03  4.010413454380E-22 -4.832369056002E-21  6.810767401361E-20 -3.486050145665E-03
  9.200000000000E+01  9.400000000000E+01  1.619342208205E+01 -5.351075180110E-14 -1.249314099513E-01  2.633354208541E+02  2.528332018389E-01  4.272384862076E-01 -2.138201004870E-01  1.282400994822E-03 -2.040696839521E+00  2.534965739546E+00  1.276180992349E-02 -6.210241498666E-02  4.934060506284E-02 -5.404422146989E-02 -1.136467118410E-03 -5.975266311806E-06 -7.875601463067E-06 -1.507514858350E-06  2.263986361096E-01  5.975266262174E-06  5.924973976249E-03  1.343754298453E-21  2.072919232794E-20  6.682933801526E-20 -3.302514309373E-03
  9.600000000000E+01  9.800000000000E+01  1.624896728223E+01 -5.573400764159E-14 -1.232583265349E-01  2.651240101448E+02  2.516813206564E-01  4.222751149552E-01 -2.125341069913E-01  1.160021300837E-03 -2.020654025333E+00  2.491133070243E+00  1.212892009718E-02 -6.016375345022E-02  4.803483335349E-02 -5.160953295793E-02 -1.278479936931E-03 -9.987680628815E-06 -7.231710467352E-06  9.426880929855E-07  2.165830539912E-01  9.987680631440E-06  6.838424890571E-03  2.467201745089E-20 -1.009426137006E-20  7.063970037084E-20 -3.135553224609E-03
  1.000000000000E+02  1.020000000000E+02  1.630173800060E+01 -6.050280703776E-14 -1.215023824999E-01  2.668284032495E+02  2.505877304070E-01  4.180333520257E-01 -2.113225620762E-01  1.098983198831E-03 -1.998174912241E+00  2.447221608003E+00  1.160054838313E-02 -5.852228019112E-02  4.692173180727E-02 -4.877638430400E-02 -1.386088565017E-03 -1.446484534233E-05 -7.387904465350E-06  5.966313266879E-06  2.059404715933E-01  1.446484528280E-05  7.851234183217E-03 -3.116897864947E-21 -8.275593964543E-21  8.900372923312E-20 -2.969838763027E-03
  1.040000000000E+02  1.060000000000E+02  1.635195164987E+01 -6.256249669844E-14 -1.193306683098E-01  2.684551638355E+02  2.496981939137E-01  4.137981356324E-01 -2.099988657102E-01  9.953684861377E-04 -1.968408674873E+00  2.401266584895E+00  1.109199442746E-02 -5.651985213836E-02  4.542785771038E-02 -4.639305715352E-02 -1.617450021293E-03 -2.103746329538E-05 -7.229553622198E-06  1.844270492056E-06  1.964301827359E-01  2.103746335996E-05  1.003407606342E-02  3.449820426796E-20 -1.931183741205E-22  6.156882880963E-20 -2.830244425735E-03
  1.080000000000E+02  1.100000000000E+02  1.639995055770E+01 -6.132401531023E-14 -1.164950372756E-01  2.700145995509E+02  2.490176464245E-01  4.092714586388E-01 -2.087896913318E-01  9.146918250300E-04 -1.927401575451E+00  2.359309264836E+00  1.087650965934E-02 -5.486216342325E-02  4.398565376255E-02 -4.422850312304E-02 -2.069574925976E-03 -2.888946021077E-05 -6.774643818306E-06 -5.534652620017E-06  1.883695820979E-01  2.888946016401E-05  1.314314730225E-02  4.868124067099E-21 -1.042183630879E-20  8.684446465793E-20 -2.703155603286E-03
  1.120000000000E+02  1.140000000000E+02  1.644613031493E+01 -6.272584058067E-14 -1.127618359070E-01  2.715185508207E+02  2.484056054649E-01  4.047659171212E-01 -2.074632347340E-01  8.081178919042E-04 -1.871404275718E+00  2.321709809348E+00  1.039257420640E-02 -5.317904541992E-02  4.278647121265E-02 -4.226383648205E-02 -2.641634093562E-03 -2.387047352693E-05 -6.351059577449E-06 -8.305105747399E-06  1.811284824711E-01  2.387047358006E-05  1.535372857439E-02  1.320354925149E-20 -1.775873529642E-20  8.609657380661E-20 -2.590951547190E-03
  1.160000000000E+02  1.180000000000E+02  1.649050066561E+01 -6.357521641654E-14 -1.088184126852E-01  2.729674473517E+02  2.477973282632E-01  4.005191237781E-01 -2.062230916613E-01  6.786276725955E-04 -1.811207633763E+00  2.285240350133E+00  9.869396327970E-03 -5.151433481946E-02  4.164493849102E-02 -4.064556463021E-02 -2.810097485834E-03 -1.115005537724E-05 -5.724208764400E-06 -1.110663872383E-05  1.745716144343E-01  1.115005530586E-05  1.620692665292E-02  1.657728259893E-20 -1.591862990733E-20  3.859598458866E-20 -2.491957195571E-03
  1.200000000000E+02  1.220000000000E+02  1.653340658987E+01 -6.262281679904E-14 -1.046662988832E-01  2.743717288632E+02  2.472340035371E-01  3.973783478975E-01 -2.049188855018E-01  5.522409100624E-04 -1.746404376750E+00  2.251472779403E+00  9.407081324515E-03 -5.002708286340E-02  4.062000153792E-02 -3.915773020944E-02 -2.883184088822E-03 -1.036431792700E-06 -5.625692863240E-06 -1.383269761037E-05  1.680103737927E-01  1.036431778314E-06  1.676634114298E-02  4.848546685562E-20  7.991136925517E-21  8.441345188831E-20 -2.393593999894E-03
  1.240000000000E+02  1.260000000000E+02  1.657451666114E+01 -6.382422426214E-14 -1.004316886168E-01  2.757211721574E+02  2.466809086037E-01  3.943788477157E-01 -2.037614792090E-01  4.078725841651E-04 -1.679635315303E+00  2.217238186153E+00  8.961815712547E-03 -4.865299281749E-02  3.969117710426E-02 -3.728856888298E-02 -2.818379027902E-03 -2.663247962043E-06 -6.195062044385E-06 -1.215982324647E-05  1.612532380466E-01  2.663247873894E-06  1.791374577006E-02  5.198325661372E-20  2.162108899459E-20  8.452041009087E-20 -2.271508034150E-03
  1.280000000000E+02  1.300000000000E+02  1.661404890564E+01 -6.473573659187E-14 -9.569524850972E-02  2.770216078321E+02  2.460668486097E-01  3.911755986992E-01 -2.024963698575E-01  2.602423491646E-04 -1.604443223963E+00  2.178932245864E+00  8.461421042409E-03 -4.714828230892E-02  3.868686126613E-02 -3.535855438128E-02 -2.749257972579E-03 -3.388581915680E-06 -7.179347968047E-06 -1.313391216700E-05  1.548452495770E-01  3.388581997212E-06  1.894443637044E-02  2.127844858334E-20 -1.559731092072E-20  4.844035609494E-20 -2.147845114045E-03
  1.320000000000E+02  1.340000000000E+02  1.665194747656E+01 -6.400163847971E-14 -9.095475597449E-02  2.782699694286E+02  2.453704645338E-01  3.876976988572E-01 -2.012516521992E-01  1.136421409110E-04 -1.528315671776E+00  2.145069228967E+00  8.082454529083E-03 -4.574411673843E-02  3.766166221002E-02 -3.346814182714E-02 -2.683697375405E-03 -4.088023895835E-06 -8.259638475958E-06 -1.359487888259E-05  1.492411448573E-01  4.088023802868E-06  1.918324561354E-02  3.901537113624E-20 -1.645771920435E-20  7.438182738654E-20 -2.045351102908E-03
  1.360000000000E+02  1.380000000000E+02  1.668868222060E+01 -6.755953233193E-14 -8.611342030876E-02  2.794826546746E+02  2.446446086484E-01  3.842402691762E-01 -1.999557315834E-01 -3.731672644562E-05 -1.449589113318E+00  2.113860047516E+00  7.727394679235E-03 -4.454625484615E-02  3.681886016754E-02 -3.198054545998E-02 -2.860287585684E-03  1.354696157736E-06 -9.283175069156E-06 -1.137587405452E-05  1.437782729049E-01 -1.354696074886E-06  1.966065486390E-02  3.041592724447E-20  6.826891074297E-21  7.787904100906E-20 -1.950680049282E-03
  1.400000000000E+02  1.420000000000E+02  1.672386065147E+01 -7.186721732768E-14 -8.114035295879E-02  2.806468036737E+02  2.438900093191E-01  3.806053515165E-01 -1.987201330455E-01 -2.055250746236E-04 -1.366992751193E+00  2.081453752978E+00  7.166516038272E-03 -4.327107388236E-02  3.610455784484E-02 -3.035317761632E-02 -2.850009870283E-03  3.539037467965E-06 -1.025916163086E-05 -7.426648532265E-06  1.376512582626E-01 -3.539037640954E-06  1.930877265468E-02  5.356964147147E-20  3.479458901936E-22  6.174636317239E-20 -1.849622210633E-03
  1.440000000000E+02  1.460000000000E+02  1.675750719030E+01 -7.205731699979E-14 -7.647677917204E-02  2.817625168410E+02  2.430605663245E-01  3.767781985850E-01 -1.973926510486E-01 -3.934312911326E-04 -1.288318704455E+00  2.053354053920E+00  6.773177650819E-03 -4.230410718758E-02  3.553092953655E-02 -2.888668037713E-02 -2.701083283877E-03  3.331349662428E-06 -1.051919590242E-05 -1.290612000123E-06  1.319048560699E-01 -3.331349662524E-06  1.793161533993E-02  3.545078374013E-20 -2.104769038517E-20  6.287444231969E-20 -1.755342184953E-03
  1.480000000000E+02  1.500000000000E+02  1.678977865792E+01 -7.293092750086E-14 -7.219856758731E-02  2.828344901325E+02  2.421599734904E-01  3.724007300896E-01 -1.961401889081E-01 -5.789750347131E-04 -1.215489923272E+00  2.026487890747E+00  6.639133228650E-03 -4.146554611219E-02  3.482641288465E-02 -2.737127544449E-02 -2.506543634613E-03  1.079361050784E-05 -1.032686000121E-05  3.660114127672E-06  1.272331873167E-01 -1.079361057640E-05  1.751593367062E-02  4.345144007993E-20 -2.656457757212E-20  6.049754296361E-20 -1.674770015764E-03
  1.520000000000E+02  1.540000000000E+02  1.682111768610E+01 -7.373285749318E-14 -6.774237674477E-02  2.838761975747E+02  2.412526177396E-01  3.683565028691E-01 -1.947694303380E-01 -7.410717640990E-04 -1.139363221298E+00  2.000420529952E+00  6.585758073527E-03 -4.058221208952E-02  3.399645401588E-02 -2.619564709194E-02 -2.522187339918E-03  1.229224160004E-05 -1.078653899690E-05  1.405097940744E-06  1.218837651635E-01 -1.229224157750E-05  1.755308527360E-02  2.650935797579E-20 -2.336089024173E-20  3.163835843152E-21 -1.602313152253E-03
  1.560000000000E+02  1.580000000000E+02  1.685073310665E+01 -7.300297461451E-14 -6.343619720034E-02  2.848617013764E+02  2.403661313560E-01  3.650474465338E-01 -1.934920539391E-01 -9.245180481226E-04 -1.065202561891E+00  1.973233580056E+00  6.295820513325E-03 -3.953767737179E-02  3.324185685840E-02 -2.502486500590E-02 -2.392814466111E-03  6.390652833424E-06 -1.137717345579E-05 -5.755042939990E-06  1.168722987270E-01 -6.390652897055E-06  1.664097912427E-02  5.785052646062E-20 -1.876194115276E-20  8.660356775261E-20 -1.536093446883E-03
  1.600000000000E+02  1.620000000000E+02  1.687952765903E+01 -7.328581694046E-14 -5.943729144709E-02  2.858204360905E+02  2.394341012008E-01  3.622362554091E-01 -1.921620661692E-01 -1.077076136310E-03 -9.953938535821E-01  1.945655630391E+00  6.038216152558E-03 -3.858892419295E-02  3.255070804047E-02 -2.407198003581E-02 -2.105618535353E-03  9.819893117910E-06 -1.081934214459E-05 -5.183326796655E-06  1.119440744055E-01 -9.819893081533E-06  1.571198500758E-02  5.591404908881E-20 -3.866669758163E-20  4.460062861483E-20 -1.460120632708E-03
  1.640000000000E+02  1.660000000000E+02  1.690667175245E+01 -7.276970287925E-14 -5.559727646452E-02  2.867259243892E+02  2.384146824981E-01  3.598526562691E-01 -1.909045499321E-01 -1.225908983803E-03 -9.276740141102E-01  1.916580233620E+00  5.688158516539E-03 -3.753628037361E-02  3.184812185614E-02 -2.275656831071E-02 -1.973830869545E-03  9.634761375064E-06 -1.023420988054E-05 -3.740742841089E-06  1.052233314962E-01 -9.634761375505E-06  1.506102210480E-02  6.593535043112E-20 -1.878930232737E-21  3.663665734627E-20 -1.381632717283E-03
  1.680000000000E+02  1.700000000000E+02  1.693213028705E+01 -7.098454289645E-14 -5.191432408230E-02  2.875762554003E+02  2.372887579083E-01  3.576015781508E-01 -1.896175210333E-01 -1.378853940325E-03 -8.629125686126E-01  1.892280294048E+00  5.407568914078E-03 -3.664117542067E-02  3.123360650671E-02 -2.154803346823E-02 -1.932964814142E-03  5.982301439164E-06 -1.055303027492E-05 -3.507661690037E-06  9.928946165507E-02 -5.982301413722E-06  1.493450593739E-02  2.481405447736E-20 -3.770931134110E-21  2.029408848918E-20 -1.314663164779E-03
  1.720000000000E+02  1.740000000000E+02  1.695630179015E+01 -7.148419327539E-14 -4.812853554930E-02  2.883848139933E+02  2.361163180771E-01  3.552933342064E-01 -1.883653071453E-01 -1.538442730681E-03 -7.968751564339E-01  1.870617365379E+00  5.272518707881E-03 -3.598576655588E-02  3.071324784745E-02 -2.048007680590E-02 -1.925294694038E-03  5.617679570216E-06 -1.013174567073E-05 -1.268247333712E-06  9.551956266574E-02 -5.617679599636E-06  1.512165603030E-02  5.915907654060E-20 -3.900174274359E-21  4.410716891877E-20 -1.258547197672E-03
  1.760000000000E+02  1.780000000000E+02  1.697986604973E+01 -7.174587197493E-14 -4.435886333074E-02  2.891745622007E+02  2.349840168733E-01  3.534112142421E-01 -1.870315323877E-01 -1.661281221632E-03 -7.308903848263E-01  1.852133851029E+00  5.167425318632E-03 -3.545268925296E-02  3.028526393393E-02 -1.971056597713E-02 -1.993358725784E-03  7.255901142422E-06 -8.446393764370E-06  1.117371769975E-06  9.292165991436E-02 -7.255901146506E-06  1.497471571874E-02  3.936921946908E-20 -5.586981737615E-21  6.374889057513E-20 -1.204780466053E-03
  1.800000000000E+02  1.820000000000E+02  1.700275402167E+01 -6.994057185257E-14 -4.066100054474E-02  2.899429125737E+02  2.339964481833E-01  3.518949718674E-01 -1.857909578092E-01 -1.837726524595E-03 -6.657671745313E-01  1.831469461481E+00  4.988827946919E-03 -3.473967738256E-02  2.975084943587E-02 -1.889960278755E-02 -1.913285605956E-03  4.745451031616E-06 -6.117393701863E-06 -2.254426406388E-07  8.955780391997E-02 -4.745451066117E-06  1.476350680535E-02  4.478216486770E-20 -1.137433592001E-20  2.895793537400E-20 -1.157623035375E-03
  1.840000000000E+02  1.860000000000E+02  1.702464706588E+01 -6.972758366068E-14 -3.700028444473E-02  2.906776307077E+02  2.332141812413E-01  3.506796575838E-01 -1.844378933320E-01 -1.957387585364E-03 -6.011573972640E-01  1.808285882474E+00  4.717948771139E-03 -3.385526838337E-02  2.913731961255E-02 -1.806480229714E-02 -1.841217482321E-03  2.740287366142E-06 -3.431691314775E-06 -4.498115607419E-06  8.435292162118E-02 -2.740287369436E-06  1.438683684570E-02  3.182136735103E-20 -1.418415984607E-20  4.776246427513E-20 -1.095224765279E-03
  1.880000000000E+02  1.900000000000E+02  1.704494442306E+01 -7.027586498842E-14 -3.348883755350E-02  2.913593164932E+02  2.325801067893E-01  3.497907288088E-01 -1.831529438871E-01 -2.119037666916E-03 -5.388532826679E-01  1.789120315875E+00  4.516592143862E-03 -3.325752369628E-02  2.874093155218E-02 -1.698568757710E-02 -1.747260916274E-03  1.491010791044E-06 -5.547359324244E-07 -7.641643548208E-06  7.979401928411E-02 -1.491010799315E-06  1.452191659761E-02  5.178636758313E-21  7.197355175526E-21  2.192016903521E-20 -1.037491084697E-03
  1.920000000000E+02  1.940000000000E+02  1.706455949120E+01 -6.902653737946E-14 -2.975339595889E-02  2.920175601929E+02  2.320448355950E-01  3.485159884205E-01 -1.817799622983E-01 -2.237872324329E-03 -4.726971477343E-01  1.771622486453E+00  4.339212211934E-03 -3.265015608723E-02  2.831094387537E-02 -1.616282645314E-02 -1.819741994808E-03 -2.219204857880E-06  2.597979170802E-06 -1.277691726600E-05  7.676309459978E-02  2.219204873577E-06  1.512104379021E-02  4.711255695050E-20 -2.148225200713E-21  3.298484304837E-20 -9.856506723562E-04
  1.960000000000E+02  1.980000000000E+02  1.708332312954E+01 -6.727774124841E-14 -2.593438970095E-02  2.926477746826E+02  2.316434826163E-01  3.472763770833E-01 -1.804783677897E-01 -2.401973075506E-03 -4.055470570065E-01  1.754669982324E+00  4.185490387828E-03 -3.202141785127E-02  2.783592746372E-02 -1.540918879072E-02 -1.883415184925E-03 -3.797220064109E-06  5.972648738349E-06 -1.777961973386E-05  7.386199508745E-02  3.797220088921E-06  1.554859358776E-02 -1.073056516241E-20 -1.003776573545E-20  5.961086417661E-20 -9.440869731717E-04
  2.000000000000E+02  2.020600000000E+02  1.710148857175E+01 -6.572259432282E-14 -2.198710342975E-02  2.932574895014E+02  2.312852148863E-01  3.462907001423E-01 -1.790825209626E-01 -2.539089235768E-03 -3.363442886446E-01  1.736953687501E+00  3.777837531454E-03 -3.087794221763E-02  2.710010468593E-02 -1.494341092340E-02 -1.968137592176E-03  6.464502940951E-07  9.294145653709E-06 -2.280987312262E-05  7.029232380829E-02 -6.464502929714E-07  1.636799395581E-02  7.678299609884E-21 -1.218688219282E-20  2.668237793067E-20 -9.170027615004E-04
  2.041200000000E+02  2.062418000000E+02  1.711953886165E+01 -6.375370168131E-14 -1.752158845670E-02  2.938642700751E+02  2.310277796751E-01  3.454232510106E-01 -1.776337728021E-01 -2.711329563922E-03 -2.585694896267E-01  1.719327876938E+00  3.465408780528E-03 -2.977183195392E-02  2.630642317314E-02 -1.446730645419E-02 -2.220513890644E-03  3.965221825895E-06  1.181430679360E-05 -2.246606942975E-05  6.817710345229E-02 -3.965221873831E-06  1.746139556071E-02  2.673813768472E-20  1.343350635154E-20  3.036362946099E-20 -8.926304336556E-04
  2.083636000000E+02  2.105490540000E+02  1.713767425376E+01 -6.222462764956E-14 -1.273585999256E-02  2.944742899131E+02  2.308997886714E-01  3.441954877639E-01 -1.761076414110E-01 -2.899168793768E-03 -1.754391325522E-01  1.702767193455E+00  3.081108121205E-03 -2.859580848616E-02  2.551470036523E-02 -1.408214837833E-02 -2.309664491671E-03  7.856594277491E-06  1.327383589569E-05 -1.949503660739E-05  6.535596919176E-02 -7.856594121756E-06  1.754598133185E-02  1.500232621184E-20  1.832805570558E-20  4.840145880271E-20 -8.653114542693E-04
  2.127345080000E+02  2.149855256200E+02  1.715526824972E+01 -6.117477820607E-14 -7.929241551970E-03  2.950656922644E+02  2.309187496650E-01  3.423773917166E-01 -1.745307351667E-01 -3.120535118581E-03 -9.181176265168E-02  1.685841810813E+00  2.661253971307E-03 -2.730698158015E-02  2.464572760875E-02 -1.358890044720E-02 -2.257992248634E-03  6.561549578590E-06  1.340101309900E-05 -1.941018602758E-05  6.151006202114E-02 -6.561549643462E-06  1.629531426718E-02  3.460140208756E-20 -4.367014447959E-21  4.843772542847E-20 -8.324698658016E-04
  2.172365432400E+02  2.195550913886E+02  1.717229991518E+01 -6.001056017853E-14 -3.553422043875E-03  2.956381091414E+02  2.310380296305E-01  3.400658648185E-01 -1.728282576001E-01 -3.351707102082E-03 -1.520466442814E-02  1.669548453678E+00  2.253821291854E-03 -2.598091481619E-02  2.372709352413E-02 -1.304031952252E-02 -1.951947171750E-03  3.311014383048E-06  1.229312380882E-05 -2.100518562457E-05  5.795813700453E-02 -3.311014335915E-06  1.548198012005E-02  5.043197329916E-20 -2.226430902110E-21  2.874591099132E-20 -7.992855413957E-04
  2.218736395372E+02  2.242617441303E+02  1.718885614356E+01 -5.928820224118E-14  1.057894535542E-03  2.961933798210E+02  2.312480670957E-01  3.378493978155E-01 -1.710459864131E-01 -3.536206113441E-03  6.505650505775E-02  1.652805214829E+00  1.906669725356E-03 -2.477829424941E-02  2.287162452365E-02 -1.258950182966E-02 -2.093070172450E-03 -1.992641089278E-06  1.121284279989E-05 -1.802879628585E-05  5.363480946238E-02  1.992641042197E-06  1.509773378373E-02  4.739890650845E-20  1.303584114421E-20  6.406432691563E-20 -7.645671260811E-04
  2.266498487233E+02  2.291095964542E+02  1.720431523803E+01 -5.965274570604E-14  5.473011755900E-03  2.967112784055E+02  2.315618895805E-01  3.355841815602E-01 -1.691761459192E-01 -3.739155123223E-03  1.423446502257E-01  1.637688388148E+00  1.440114628901E-03 -2.360174381831E-02  2.216162919002E-02 -1.183580699324E-02 -2.095504093622E-03 -1.048510361464E-05  1.095262702242E-05 -1.860155942009E-05  5.001128276313E-02  1.048510365198E-05  1.409162821896E-02  2.739379084880E-20 -1.380194814486E-21  3.370831325125E-20 -7.258640814495E-04
  2.315693441850E+02  2.341028843478E+02  1.721961532670E+01 -6.046778124510E-14  9.722489123003E-03  2.972239176045E+02  2.319266935628E-01  3.333201470337E-01 -1.672313049585E-01 -3.930709369187E-03  2.170744964086E-01  1.625602149145E+00  8.746766222045E-04 -2.241265501926E-02  2.153797839662E-02 -1.139880861857E-02 -1.952911139531E-03 -1.420572236421E-05  1.142464928923E-05 -2.063480242329E-05  4.765510805205E-02  1.420572235049E-05  1.334214437388E-02  2.923406664297E-20 -2.088466057368E-20  5.920168067497E-21 -6.973635727898E-04
  2.366364245106E+02  2.392459708782E+02  1.723449181782E+01 -6.038343089432E-14  1.390005657689E-02  2.977226095336E+02  2.323069109855E-01  3.309673406157E-01 -1.652689774184E-01 -4.124669186135E-03  2.904223217820E-01  1.615914053610E+00  4.813636044275E-04 -2.131967814159E-02  2.083831453773E-02 -1.098542020458E-02 -1.795320236230E-03 -7.457215175484E-06  1.184810142966E-05 -1.581847310735E-05  4.535782999859E-02  7.457215137049E-06  1.324427868640E-02  4.613384617689E-20 -7.314174835905E-21  4.633201682969E-20 -6.734471032002E-04
  2.418555172459E+02  2.445433500046E+02  1.724920686916E+01 -5.923781661958E-14  1.833817025029E-02  2.982155207061E+02  2.327599016686E-01  3.277221116317E-01 -1.632011581756E-01 -4.340078568841E-03  3.678633357683E-01  1.606065018182E+00  3.963023641365E-05 -2.026429302016E-02  2.022466278334E-02 -1.050615651131E-02 -1.770708040659E-03  8.865116466951E-07  1.103175837031E-05 -1.598487719704E-05  4.273543183922E-02 -8.865116468560E-07  1.322053932693E-02  4.985364958266E-20 -7.121564395269E-21  3.900095813318E-20 -6.406551288443E-04
  2.472311827633E+02  2.499996505047E+02  1.726322511550E+01 -5.830511999131E-14  2.276979550310E-02  2.986837461499E+02  2.332741342323E-01  3.242778418345E-01 -1.610578729459E-01 -4.511293105353E-03  4.444748288222E-01  1.598221063862E+00 -3.918990433515E-04 -1.903830261780E-02  1.943020166133E-02 -1.007185370573E-02 -1.719473005152E-03 -2.133522870835E-06  9.209749719356E-06 -1.929562196200E-05  4.079705795200E-02  2.133522897756E-06  1.234620172266E-02  1.101379719013E-20  5.700896331525E-21  5.250349953941E-20 -6.241983633154E-04
  2.527681182462E+02  2.556196400198E+02  1.727745337211E+01 -5.860372777333E-14  2.686801273848E-02  2.991593235234E+02  2.337603276399E-01  3.205970039450E-01 -1.588544224998E-01 -4.642100301285E-03  5.147668501708E-01  1.593058606886E+00 -8.334088075282E-04 -1.778903481238E-02  1.862244362008E-02 -9.967652358528E-03 -1.703004713606E-03 -4.895493320816E-06  7.530349604995E-06 -2.052617390119E-05  4.004179240124E-02  4.895493286873E-06  1.152351709991E-02  3.309646769164E-20 -1.060182190703E-20  1.979632539683E-21 -6.199640095374E-04
  2.584711617935E+02  2.614082292204E+02  1.729176441685E+01 -5.927591490568E-14  3.097241830353E-02  2.996385538163E+02  2.342381755170E-01  3.163865716426E-01 -1.565565452999E-01 -4.824668036339E-03  5.858369209849E-01  1.586275310192E+00 -1.148137748333E-03 -1.668301747754E-02  1.783115522601E-02 -9.826685627573E-03 -1.691209685394E-03 -3.091665842939E-06  5.878997202265E-06 -2.562338968581E-05  3.771432930535E-02  3.091665863105E-06  1.205318661594E-02  1.563361014154E-20 -2.295816079621E-20  5.840102761607E-20 -5.948834348008E-04
  2.643452966473E+02  2.673704760971E+02  1.730512707752E+01 -5.900488113155E-14  3.570343789346E-02  3.000860221981E+02  2.347383441359E-01  3.126271718237E-01 -1.542831781889E-01 -4.917862911425E-03  6.671425963976E-01  1.581229436802E+00 -1.585135781127E-03 -1.555513991346E-02  1.714027569469E-02 -9.238727002191E-03 -1.921229468642E-03 -2.738665150060E-06  3.900429184992E-06 -2.301251506949E-05  3.615964298287E-02  2.738665164635E-06  1.246492915713E-02  1.927739041517E-20 -1.376806645050E-20  1.024257301966E-20 -5.728477656159E-04
  2.703956555468E+02  2.735115903800E+02  1.731909810267E+01 -5.717601276693E-14  4.038125740275E-02  3.005540536173E+02  2.352793303027E-01  3.095218885053E-01 -1.518643135075E-01 -5.035954833660E-03  7.472587264775E-01  1.580145976614E+00 -1.998010836457E-03 -1.452123520355E-02  1.651924603979E-02 -9.152367581342E-03 -1.859600437167E-03 -5.051713807549E-06  2.343483331633E-06 -2.179613601751E-05  3.507901170400E-02  5.051713843215E-06  1.287501575138E-02 -3.889911534232E-21 -1.229286171452E-20  2.792802576968E-20 -5.652243837652E-04
  2.766275252132E+02  2.798369380914E+02  1.733244871598E+01 -5.499559054684E-14  4.573059839770E-02  3.010016548389E+02  2.358356915721E-01  3.073308807633E-01 -1.494779002090E-01 -5.087594144608E-03  8.391095077711E-01  1.580860408929E+00 -2.304354579514E-03 -1.337742812996E-02  1.568178271006E-02 -8.891726763416E-03 -2.015952784709E-03 -6.906458398798E-06  1.105851355729E-06 -1.632632410560E-05  3.380057821808E-02  6.906458446986E-06  1.243703611016E-02  1.170860158338E-20 -4.167409711658E-21  2.421217489948E-20 -5.521005883560E-04
  2.830463509696E+02  2.863520462341E+02  1.734620930415E+01 -5.453779470856E-14  5.037304459866E-02  3.014637860341E+02  2.364686652659E-01  3.061937063993E-01 -1.468846797017E-01 -5.194979787839E-03  9.191068805807E-01  1.580026681209E+00 -2.559384381092E-03 -1.222707130813E-02  1.478645568901E-02 -8.734084321180E-03 -1.848594304608E-03 -1.107866801063E-05 -5.118462138553E-07 -9.913203965826E-06  3.176021027146E-02  1.107866798573E-05  1.052920365509E-02 -5.708604991273E-21  7.064332547202E-21  3.841726945694E-20 -5.277330127931E-04
  2.896577414987E+02  2.930626076211E+02  1.735867118955E+01 -5.492702878177E-14  5.443564070293E-02  3.018803737561E+02  2.371002656805E-01  3.050270310061E-01 -1.443632180335E-01 -5.185136295665E-03  9.882127409605E-01  1.581940554931E+00 -3.072507056186E-03 -1.099797133471E-02  1.407047839088E-02 -8.240097672451E-03 -1.740049763618E-03 -1.434057092382E-05 -9.110149845128E-07 -4.786869586551E-06  2.966160457051E-02  1.434057094912E-05  9.450608209290E-03  9.069258671822E-21 -5.101416781797E-21  2.382552246312E-20 -5.073595870323E-04
  2.964674737436E+02  2.999744858498E+02  1.737143826398E+01 -5.457047371852E-14  5.842065425038E-02  3.023072210407E+02  2.375860370472E-01  3.044065780645E-01 -1.417891816913E-01 -5.190248070361E-03  1.056187780587E+00  1.582258829976E+00 -3.589846203225E-03 -9.673701298962E-03  1.326354750234E-02 -8.029924203895E-03 -1.735002274163E-03 -1.329276425587E-05  7.164584832331E-07 -3.882487664848E-06  2.833887619856E-02  1.329276424607E-05  9.483016042331E-03 -5.286190386120E-21 -1.233172949333E-20  1.377211168635E-20 -4.914162021961E-04
  3.034814979559E+02  3.070937204253E+02  1.738351371346E+01 -5.334509656924E-14  6.276571133500E-02  3.027090828568E+02  2.376861233853E-01  3.037558940463E-01 -1.390492302642E-01 -5.184104196784E-03  1.128869258110E+00  1.585939505172E+00 -3.933734539190E-03 -8.516492108875E-03  1.245022664811E-02 -7.712469022540E-03 -1.798761055627E-03 -4.798627200749E-06  2.151068211529E-06 -8.949818468967E-06  2.754316683044E-02  4.798627237494E-06  8.925880069682E-03 -1.526393567207E-20  1.491310593665E-22  2.688312847014E-20 -4.852840606344E-04
  3.107059428946E+02  3.144265320380E+02  1.739629561782E+01 -5.066701051770E-14  6.649393281941E-02  3.031362143231E+02  2.373883479801E-01  3.030704354315E-01 -1.363597111101E-01 -5.163377822500E-03  1.192571930205E+00  1.597009099615E+00 -4.329586938251E-03 -7.298294122280E-03  1.162788106067E-02 -7.849582630756E-03 -1.583374045167E-03 -1.030108298302E-06  2.212338737075E-06 -9.243274286075E-06  2.640028194931E-02  1.030108309067E-06  7.943986015317E-03  1.132232759376E-20  5.458565438255E-21 -1.579413622048E-21 -4.840412199049E-04
  3.181471211814E+02  3.219793279992E+02  1.740804490198E+01 -4.583103023250E-14  7.017282444768E-02  3.035286615090E+02  2.369146527659E-01  3.024907731107E-01 -1.336469894592E-01 -5.098608557109E-03  1.255138768154E+00  1.601649608328E+00 -4.953116906727E-03 -6.016124337592E-03  1.096924124435E-02 -7.582149659335E-03 -1.455508262080E-03  1.563026201748E-06  2.314935157253E-06 -3.430354747724E-06  2.552231298684E-02 -1.563026106591E-06  7.321931966369E-03 -1.563220188882E-20  1.558234382953E-21  1.947258058406E-21 -4.729390662667E-04
  3.258115348169E+02  3.297587078391E+02  1.742075277904E+01 -4.075371897588E-14  7.351857497763E-02  3.039563488588E+02  2.363293432386E-01  3.026882683823E-01 -1.307452121872E-01 -5.039418402135E-03  1.313064771937E+00  1.601247975320E+00 -5.383792232155E-03 -4.662233706598E-03  1.004602593895E-02 -7.523335245885E-03 -1.128722694214E-03  3.048509756173E-06  3.019088855685E-06 -6.621094639679E-06  2.632200440499E-02 -3.048509775776E-06  4.977714800309E-03  1.575172506315E-20  6.400651292050E-21  1.965820148770E-20 -4.702304865921E-04
  3.337058808614E+02  3.377714690743E+02  1.743404479606E+01 -3.599724699456E-14  7.507131874935E-02  3.044053414205E+02  2.354742219688E-01  3.032162362464E-01 -1.278931286668E-01 -4.887068682254E-03  1.341564456673E+00  1.612160048918E+00 -5.826425611664E-03 -3.321024210923E-03  9.147449822591E-03 -7.578435184273E-03 -6.474831149448E-04  6.966115948979E-06  2.934838992595E-06 -8.736479385687E-06  2.735290622682E-02 -6.966115897128E-06  3.455095076431E-03  5.266002279994E-21 -1.770057560757E-20  1.307390181503E-20 -4.855888851573E-04
  3.418370572872E+02  3.460246131465E+02  1.744855884371E+01 -3.197365722879E-14  7.700895989515E-02  3.048981626671E+02  2.342704090999E-01  3.053308495480E-01 -1.245947916524E-01 -4.817739573561E-03  1.376166934451E+00  1.627610377317E+00 -6.259663730449E-03 -2.169008542516E-03  8.428672272656E-03 -7.914950660568E-03 -8.148434876496E-04  7.336008653889E-06  2.179239654819E-06 -6.829069767383E-06  2.626490319924E-02 -7.336008654344E-06  4.012702659168E-03 -3.162100854105E-20  2.186326267212E-21  2.266749074567E-20 -4.852108367281E-04
  3.502121690058E+02  3.545253515409E+02  1.746154151998E+01 -2.961133132677E-14  7.923986642510E-02  3.053391564848E+02  2.327776879900E-01  3.081176461989E-01 -1.216470029489E-01 -4.665862380887E-03  1.415720060142E+00  1.638868852334E+00 -6.583180876306E-03 -1.183933148310E-03  7.767114024769E-03 -7.610099258999E-03 -1.013630475969E-03  8.133072609109E-06  1.767822147154E-06 -3.971699652248E-06  2.611590184054E-02 -8.133072581483E-06  3.657116167505E-03  3.503208494710E-21  2.148386311439E-21  4.363834425016E-21 -4.891766377605E-04
  3.588385340760E+02  3.632811120872E+02  1.747673011981E+01 -2.813372972088E-14  8.092343191733E-02  3.058573972247E+02  2.310012041921E-01  3.122812562117E-01 -1.181289819132E-01 -4.615629237278E-03  1.445585466529E+00  1.646534841905E+00 -6.782065998089E-03  3.473269805262E-05  6.747333300165E-03 -8.036700960420E-03 -8.063305136715E-04  1.668259500160E-06  2.451627375320E-06 -4.463361149149E-06  2.801595122900E-02 -1.668259493872E-06  2.134408933876E-03  1.485423384640E-20  1.939256827866E-21  1.850285258309E-20 -5.033582407057E-04
  3.677236900983E+02  3.722995454498E+02  1.749265595250E+01 -2.779070651266E-14  8.162066910276E-02  3.064014946406E+02  2.289328257305E-01  3.174066568966E-01 -1.149416554241E-01 -4.475208918678E-03  1.458670199623E+00  1.651165800745E+00 -7.027871345994E-03  1.269643627210E-03  5.758227719250E-03 -8.135195703214E-03 -6.172549596531E-04  5.678178127742E-06  3.467252570169E-06 -4.884149984346E-06  2.951106897413E-02 -5.678178129420E-06  1.220201669715E-04 -2.326239431977E-20  2.755973418261E-20 -2.947096030085E-21 -5.203495487317E-04
  3.768754008012E+02  3.815885318133E+02  1.751048847010E+01 -2.752738358439E-14  8.108889705588E-02  3.070123837569E+02  2.266258962578E-01  3.224673588580E-01 -1.113220850679E-01 -4.302036436181E-03  1.450659040910E+00  1.665218958218E+00 -7.303333312694E-03  2.434634392343E-03  4.868698920407E-03 -8.436808649828E-03 -2.684724180086E-04  3.882944127591E-06  2.807132369065E-06 -2.933074581472E-06  3.039765018001E-02 -3.882944145300E-06 -1.900646141892E-03 -2.140188108576E-21  5.759900485819E-22  8.656431565536E-21 -5.283523815879E-04
  3.863016628253E+02  3.911561877677E+02  1.752845174100E+01 -2.532516673222E-14  7.937750919846E-02  3.076297926877E+02  2.240174585113E-01  3.286196548706E-01 -1.078879970580E-01 -4.134700882548E-03  1.423600151161E+00  1.685295034512E+00 -7.521270145689E-03  3.567305579775E-03  3.953964565883E-03 -8.572342819263E-03  6.405791828584E-05  2.228679237181E-06  2.208049562384E-06 -2.573867621596E-06  3.027222298633E-02 -2.228679216471E-06 -4.190686299984E-03  1.540603606148E-20  7.382108188185E-21  3.453953466728E-20 -5.453160928398E-04
  3.960107127100E+02  4.010108734007E+02  1.754720949946E+01 -2.307248619590E-14  7.598574846295E-02  3.082756292414E+02  2.211419312213E-01  3.335472770648E-01 -1.044238207248E-01 -3.857935102835E-03  1.367202095906E+00  1.702062525225E+00 -7.835540170934E-03  4.736519738711E-03  3.099020432282E-03 -8.803467579869E-03  5.034713072450E-04 -5.267890997934E-06  1.827894888242E-06 -9.453040811119E-07  3.136516498865E-02  5.267891012688E-06 -4.945842381918E-03 -2.908152009782E-20 -9.654041015595E-21 -5.762036313915E-21 -5.583553689008E-04
  4.060110340913E+02  4.111611996027E+02  1.756768278498E+01 -2.381943000768E-14  7.321132105439E-02  3.089857985206E+02  2.181367262709E-01  3.372685406839E-01 -1.011496279399E-01 -3.785680749137E-03  1.322639265434E+00  1.729800577025E+00 -8.132192967989E-03  5.907646644003E-03  2.224546323691E-03 -9.080096143975E-03  5.085861609006E-04 -6.331914584908E-06  4.904363494080E-07 -5.061713324994E-06  3.417814975005E-02  6.331914567163E-06 -6.285668097926E-03 -2.461577147644E-20 -7.092356734038E-21  9.725362852212E-21 -5.862135147565E-04
  4.163113651141E+02  4.216160355908E+02  1.759124474887E+01 -2.550121145789E-14  6.792602186132E-02  3.098042356814E+02  2.150151453341E-01  3.369200528277E-01 -9.768360889772E-02 -3.596125913243E-03  1.232653047988E+00  1.757829579293E+00 -8.409863063880E-03  7.235616959396E-03  1.174246104273E-03 -9.717544844672E-03  9.801092919725E-04 -4.887798187092E-06 -6.614381998862E-07 -7.716662065805E-06  3.514209976087E-02  4.887798193604E-06 -7.759427913756E-03  1.034080700662E-20  2.017544040951E-21  1.324517730748E-20 -6.156662786648E-04
  4.269207060675E+02  4.323845166585E+02  1.761429599055E+01 -2.681877517372E-14  6.294836741841E-02  3.106079270106E+02  2.116328669911E-01  3.369095135639E-01 -9.445218424420E-02 -3.729000663425E-03  1.148758179121E+00  1.784307723487E+00 -8.704771788520E-03  8.222620916920E-03  4.821508717949E-04 -9.894356180259E-03  8.854319107512E-04 -8.426685257657E-06 -1.767150084212E-06 -1.268527012277E-05  3.337220946506E-02  8.426685227388E-06 -6.044570469990E-03 -3.554538087267E-21 -1.595141031105E-20 -6.990871565721E-21 -6.109148308810E-04
  4.378483272495E+02  4.434760521583E+02  1.763680748268E+01 -2.909331998403E-14  5.967629666368E-02  3.113934337106E+02  2.080881130085E-01  3.367790597773E-01 -9.127952542277E-02 -3.501049978007E-03  1.095080352024E+00  1.813435474947E+00 -8.843497778340E-03  9.245481871008E-03 -4.019840926933E-04 -9.769162717697E-03  5.988976809638E-04 -8.998472496791E-06 -5.633528935075E-06 -1.690454417494E-05  3.366646456237E-02  8.998472510209E-06 -6.130338943839E-03 -2.059155868880E-20 -6.305696251837E-21  2.025836337531E-21 -6.275248700800E-04
  4.491037770670E+02  4.549003337230E+02  1.766162939161E+01 -3.128121835635E-14  5.430548567213E-02  3.122632414263E+02  2.045588369789E-01  3.350668311925E-01 -8.816861576710E-02 -3.588761888036E-03  1.004360711820E+00  1.822284350528E+00 -8.901950354817E-03  1.001984966728E-02 -1.117899312219E-03 -1.017574363599E-02  1.099082549620E-03 -1.484059324881E-06 -9.346742843023E-06 -1.432125541530E-05  3.291187762495E-02  1.484059282378E-06 -5.297605664477E-03 -2.420993592370E-20 -5.279141813811E-23  6.975209379590E-21 -6.114727924231E-04
  4.606968903790E+02  4.666673437347E+02  1.768448247285E+01 -3.157728260007E-14  5.200558520987E-02  3.130640793593E+02  2.006118639501E-01  3.329041048521E-01 -8.488171040278E-02 -3.782521519312E-03  9.667934037779E-01  1.853266236769E+00 -9.162965754136E-03  1.096127665570E-02 -1.798310901695E-03 -9.550362558872E-03  4.234793685658E-04  5.893837521685E-06 -9.865602171091E-06 -1.034246325199E-05  3.261714859414E-02 -5.893837533551E-06 -3.922027649933E-03 -2.041245899585E-20  6.232176311646E-21  7.361361689436E-21 -6.153181325071E-04
  4.726377970904E+02  4.787873640468E+02  1.771032181940E+01 -2.844533405118E-14  4.846029560749E-02  3.139747815017E+02  1.961856625716E-01  3.286861570260E-01 -8.201645799068E-02 -3.816233663581E-03  9.065985757360E-01  1.888944126683E+00 -9.638412220260E-03  1.190721740227E-02 -2.268805182048E-03 -9.942656713726E-03  6.775638951270E-04  1.125456996376E-05 -1.038937456742E-05 -7.778148867708E-06  3.153489360606E-02 -1.125456993999E-05 -4.788876602552E-03 -1.386757335562E-20  1.280508555378E-20  5.174295141053E-21 -5.888584459353E-04
  4.849369310031E+02  4.912709849682E+02  1.773298881224E+01 -2.255802055567E-14  4.462795820703E-02  3.147696251700E+02  1.916221003937E-01  3.224255857281E-01 -7.891942486521E-02 -4.084198627708E-03  8.427176626466E-01  1.914025584603E+00 -9.990239323991E-03  1.283274003842E-02 -2.842500714153E-03 -8.956447881445E-03  8.074545636025E-04  1.047610126132E-05 -1.248449608069E-05  2.050420903908E-06  2.796285136863E-02 -1.047610126635E-05 -6.878093920114E-03 -5.658045457677E-21  1.176448215624E-20  6.596765235168E-21 -5.377248987316E-04
  4.976050389332E+02  5.041291145172E+02  1.775462252578E+01 -1.403483116761E-14  3.755469126194E-02  3.155318853325E+02  1.869987848870E-01  3.134034456263E-01 -7.625776939255E-02 -4.161882665622E-03  7.193371880279E-01  1.954599643440E+00 -1.033034770057E-02  1.367023731917E-02 -3.339889618683E-03 -8.236119163940E-03  1.516282866985E-03  4.471919105375E-06 -1.469168448638E-05  1.170853958986E-05  2.699200078195E-02 -4.471919053238E-06 -6.618494785975E-03 -2.957184873315E-20 -7.211621131468E-21 -1.607745180850E-21 -5.111069438212E-04
  5.106531901012E+02  5.173729879527E+02  1.777701417341E+01 -7.114168050955E-15  3.383693421566E-02  3.163195579236E+02  1.821332363916E-01  3.038356830495E-01 -7.367787771087E-02 -4.323909325579E-03  6.522869267475E-01  1.990154408676E+00 -1.056293915029E-02  1.453880975689E-02 -3.975870606363E-03 -8.079008964494E-03  7.642777465795E-04  1.431450301701E-06 -1.447416317070E-05  1.900206737832E-05  2.451793362105E-02 -1.431450285520E-06 -4.315976499534E-03 -3.017944890747E-20  3.898622247240E-21 -6.266717023960E-21 -4.797740070607E-04
  5.240927858042E+02  5.310141775913E+02  1.779578207251E+01 -5.768130764694E-15  3.031596926376E-02  3.169809696607E+02  1.772799671863E-01  2.934361998953E-01 -7.165338509019E-02 -4.690759326005E-03  5.912040904927E-01  2.030075122262E+00 -1.093803659641E-02  1.549805517622E-02 -4.560018579747E-03 -7.254554684634E-03  6.648665993253E-04  1.121388415279E-06 -9.187364782836E-06  1.290862761344E-05  2.269358686648E-02 -1.121388420634E-06 -2.163838516472E-03 -2.535002933709E-20  1.001491340584E-20  2.683167991240E-20 -4.562349105572E-04
  5.379355693784E+02  5.450646029190E+02  1.781629857003E+01 -5.925257969460E-15  3.011617063040E-02  3.177064205706E+02  1.728803274171E-01  2.826868662187E-01 -6.980304689732E-02 -4.975576302810E-03  5.867946683421E-01  2.078546200987E+00 -1.134510500177E-02  1.629573770533E-02 -4.950632703380E-03 -7.351739443197E-03 -5.224882620328E-05  1.573512293664E-06 -5.907105097019E-06 -2.564293624619E-06  2.074169135252E-02 -1.573512300934E-06 -7.839010874914E-04 -2.102063425982E-20  1.927428732779E-20 -4.443053248363E-21 -4.255892675869E-04
  5.521936364597E+02  5.595365410066E+02  1.783279205175E+01 -3.343928721885E-15  2.896178728753E-02  3.182902516692E+02  1.687445959098E-01  2.742102561407E-01 -6.817672595679E-02 -5.512022536784E-03  5.670867901815E-01  2.094345183441E+00 -1.099279002605E-02  1.628174774593E-02 -5.288957720198E-03 -6.249934376119E-03 -2.401675712500E-06  4.985057579495E-06 -8.574800404240E-06 -1.564767558194E-05  1.987529833571E-02 -4.985057569727E-06 -1.036278204077E-03 -4.541180190017E-20 -6.549294863429E-22 -7.465543452577E-21 -3.977968447914E-04
  5.668794455535E+02  5.743794455535E+02  1.785279302688E+01  3.996403902251E-16  2.825246287361E-02  3.189998096193E+02  1.646610539357E-01  2.652919975543E-01 -6.668109458642E-02 -5.980697561160E-03  5.543277414010E-01  2.150147868593E+00 -1.080100502443E-02  1.660645802070E-02 -5.805452996172E-03 -6.837295966695E-03  1.041702781146E-05 -1.468506173787E-06 -1.266658388379E-05 -1.990415284130E-05  2.343142244118E-02  1.468506178857E-06 -9.754064368303E-04 -2.884756067538E-20  1.964917114162E-20  1.889977948682E-21 -4.715587867690E-04
  5.818794455535E+02  5.893794455535E+02  1.787672460566E+01  2.497672207946E-15  2.716779018641E-02  3.198491310737E+02  1.609531999097E-01  2.574110815975E-01 -6.505543159586E-02 -6.617314253472E-03  5.331709262176E-01  2.136621355888E+00 -1.043259521376E-02  1.632743968066E-02 -5.894844466679E-03 -7.933213986098E-03  2.682379704543E-04 -1.035292985697E-06 -1.344337651861E-05 -1.888690106802E-05  2.635812287810E-02  1.035292989786E-06 -2.074580060564E-04 -1.729058027022E-20  2.761552257777E-20  1.161590612516E-20 -5.015337267353E-04
  5.968794455535E+02  6.043794455535E+02  1.790220714071E+01  4.291778737953E-15  2.788479510591E-02  3.207559809571E+02  1.577141253342E-01  2.512243617987E-01 -6.384742849796E-02 -7.091394728487E-03  5.456438205731E-01  2.127470882648E+00 -1.009031970735E-02  1.626456626678E-02 -6.174246559589E-03 -8.324138842746E-03  6.664171265967E-05 -1.124365955475E-05 -9.613048599186E-06 -2.199113728633E-05  2.892298428919E-02  1.124365955609E-05 -3.676903036222E-03 -2.894914172200E-20  5.459604630138E-21  1.394105295487E-21 -5.654419141729E-04
  6.118794455535E+02  6.193794455535E+02  1.793093777809E+01  7.091416574327E-15  2.024257313809E-02  3.217806323107E+02  1.549510083410E-01  2.424803993208E-01 -6.229280441634E-02 -7.761297994633E-03  4.063357813777E-01  2.129885521187E+00 -9.942057187323E-03  1.628312548420E-02 -6.341068296929E-03 -9.686586270424E-03  9.686018455820E-04 -2.264145665758E-05 -6.113849509465E-06 -1.496504603879E-05  3.339148877009E-02  2.264145666008E-05 -4.981601177321E-03 -3.049762300086E-20  6.368465417259E-21 -1.032599917075E-20 -6.430916700781E-04
  6.268794455535E+02  6.343794455535E+02  1.796479565150E+01  8.728306272188E-15  1.849733487110E-02  3.229894078986E+02  1.521408463087E-01  2.394822056126E-01 -6.103517222306E-02 -8.533773344340E-03  3.747827794703E-01  2.136882426887E+00 -9.533205283167E-03  1.610052603868E-02 -6.567320755546E-03 -1.098588864507E-02  1.929939717366E-04 -1.286060937268E-05 -1.164869367269E-06 -1.955786592209E-05  3.811924887116E-02  1.286060938007E-05 -6.605711706534E-03 -2.766311375566E-20  2.007168692565E-20  4.289901615794E-22 -7.224791837718E-04
  6.418794455535E+02  6.493794455535E+02  1.800243097757E+01  7.876735143760E-15  7.855568536778E-03  3.243381055649E+02  1.487988805486E-01  2.353082740168E-01 -5.976627289915E-02 -9.399952990101E-03  1.846225680031E-01  2.126517130113E+00 -9.610798761500E-03  1.572712984934E-02 -6.116331087752E-03 -1.195276966455E-02  1.811397823835E-03 -1.440848898448E-07  3.521658265322E-06 -1.058267887746E-05  3.884015009297E-02  1.440848707398E-07 -1.127537852673E-02 -1.792204933416E-20  8.262420225268E-21 -2.369293108952E-20 -7.523314631517E-04
  6.568794455535E+02  6.643794455535E+02  1.803765373765E+01  7.186127850186E-15 -2.610554944320E-03  3.256029336456E+02  1.447864132295E-01  2.310990454861E-01 -5.876437930749E-02 -9.917053388864E-03 -3.402466114126E-03  2.125023892576E+00 -9.702249955603E-03  1.589904704280E-02 -6.196797087355E-03 -1.212439765626E-02  2.172789320498E-03  6.785250724227E-06  5.333524909705E-06  3.122300990488E-06  3.977097056444E-02 -6.785250718241E-06 -1.167064057004E-02 -3.091135183978E-20  5.015773544292E-21  2.832869733147E-21 -7.842213225758E-04
  6.718794455535E+02  6.793794455535E+02  1.807701383872E+01  8.377362461139E-15 -1.397629781374E-02  3.270250671587E+02  1.410973653437E-01  2.262211874705E-01 -5.736954083730E-02 -1.018429899495E-02 -2.079277738068E-01  2.121546837432E+00 -9.556200008461E-03  1.593528535892E-02 -6.379085350136E-03 -1.294750614234E-02  2.319587530754E-03  6.145185052930E-06  7.091383316031E-06  1.883928363470E-05  4.114324754694E-02 -6.145185065993E-06 -1.013590640086E-02 -3.584364854622E-20  4.464023484927E-21 -6.237757209934E-21 -7.975419691538E-04
  6.868794455535E+02  6.943794455535E+02  1.811481200481E+01  9.015190214715E-15 -2.156531432417E-02  3.283934942552E+02  1.379727923129E-01  2.211619094065E-01 -5.623828015309E-02 -1.064666573855E-02 -3.470132411660E-01  2.103856162886E+00 -9.460501092888E-03  1.560218970913E-02 -6.141688616312E-03 -1.219635117278E-02  1.249770259717E-03  1.339741701429E-05  1.028132814873E-05  1.796457194958E-05  3.857388741352E-02 -1.339741701535E-05 -5.667435818463E-03 -3.465212749290E-20  2.434872803757E-20 -7.859152557584E-21 -7.251924337171E-04
  7.018794455535E+02  7.093794455535E+02  1.814936162701E+01  8.318076551624E-15 -2.460889721522E-02  3.296465539478E+02  1.351858755986E-01  2.137463380210E-01 -5.500566677510E-02 -1.056885014602E-02 -4.023645244996E-01  2.082226607621E+00 -9.258266652921E-03  1.513970981360E-02 -5.881443160709E-03 -1.115534683843E-02  1.728862743800E-04  1.170926556186E-05  1.187564245346E-05  9.686106201251E-06  3.672419875939E-02 -1.170926556779E-05 -4.603411421896E-03 -4.187473165441E-20  4.008721104198E-21 -1.176911714073E-20 -6.880607295830E-04
  7.168794455535E+02  7.243794455535E+02  1.818365483950E+01  9.561389874291E-15 -3.022894949449E-02  3.308942702955E+02  1.325155452937E-01  2.053362047606E-01 -5.383163544500E-02 -1.072067037271E-02 -5.056259121634E-01  2.077636078601E+00 -9.098682418924E-03  1.506338721938E-02 -5.964704800427E-03 -1.102032366825E-02  6.444799912596E-04  6.452629169385E-06  1.146307389111E-05  1.212359010502E-05  3.712214429074E-02 -6.452629157193E-06 -5.292772004868E-03 -4.269681316277E-20  1.920348892031E-21 -2.965344670975E-20 -6.965086245051E-04
  7.318794455535E+02  7.393794455535E+02  1.821893930071E+01  1.125748568439E-14 -3.454563841373E-02  3.321769457706E+02  1.302330612181E-01  2.003626435132E-01 -5.238419131238E-02 -1.040926221627E-02 -5.850101664789E-01  2.042210148229E+00 -9.085838608763E-03  1.443274671504E-02 -5.346908106358E-03 -1.106987068653E-02  9.363981033564E-04  3.652786678003E-06  1.126081046089E-05  1.418973221569E-05  3.666678045477E-02 -3.652786689868E-06 -5.751543423072E-03 -2.044139451050E-20  1.190001496364E-20 -5.201452589699E-21 -6.665272613165E-04
  7.468794455535E+02  7.543794455535E+02  1.825242581557E+01  1.218001509836E-14 -4.102402297636E-02  3.333948810726E+02  1.277176900364E-01  1.969550068530E-01 -5.116035839931E-02 -1.020228652425E-02 -7.065631433658E-01  2.009755567863E+00 -8.564374262560E-03  1.381925436946E-02 -5.254880106937E-03 -1.035902338399E-02  9.912028145849E-04 -2.599673653578E-06  1.059017231022E-05  1.141021086133E-05  3.616885244303E-02  2.599673664027E-06 -5.818460815393E-03 -1.976382849605E-20 -4.876059007357E-22 -2.623117178193E-21 -6.469713607482E-04
  7.618794455535E+02  7.693794455535E+02  1.828679141618E+01  1.239266559742E-14 -4.546930814501E-02  3.346486278622E+02  1.246972776375E-01  1.923720240788E-01 -4.987791315525E-02 -9.315652219067E-03 -7.913838040924E-01  1.996899615145E+00 -8.454420151845E-03  1.390777697031E-02 -5.453356818565E-03 -1.042849032466E-02  7.147372873542E-04 -8.195372948062E-06  1.062302190180E-05  6.037763596589E-06  3.513576667906E-02  8.195372944179E-06 -3.869080633494E-03 -2.030155956208E-20  8.235635516460E-21 -1.606587101124E-20 -6.376026232270E-04
  7.768794455535E+02  7.843794455535E+02  1.831832871525E+01  1.074750820747E-14 -4.828875931659E-02  3.358009123657E+02  1.218815730465E-01  1.913587553183E-01 -4.856953195952E-02 -8.725805710030E-03 -8.470741986949E-01  1.989673075780E+00 -8.407307881302E-03  1.380279414646E-02 -5.395486264800E-03 -1.006335525504E-02  5.617135125227E-04 -1.375393736486E-06  1.150834369617E-05  7.665756732345E-06  3.492064142380E-02  1.375393724081E-06 -1.773901318935E-03 -2.223484360344E-20  1.559077093450E-20 -3.465760406526E-20 -6.431944688174E-04
  7.918794455535E+02  7.993794455535E+02  1.835227236888E+01  8.680915939789E-15 -4.879817683592E-02  3.370419761053E+02  1.188950842652E-01  1.885136088160E-01 -4.681156455583E-02 -7.997560177499E-03 -8.615858000530E-01  1.989044011719E+00 -8.474205803893E-03  1.372333137366E-02 -5.249125569471E-03 -1.035833240617E-02 -3.445397623936E-04 -2.212342700370E-06  9.913118930796E-06  6.848047666964E-06  3.707303744924E-02  2.212342701338E-06  1.040328769719E-03 -2.547942625494E-20  1.200076259728E-20 -3.095821806493E-20 -6.459195951488E-04
  8.068794455535E+02  8.143794455535E+02  1.838782582309E+01  7.207600257371E-15 -4.632271273137E-02  3.383414099854E+02  1.153304374764E-01  1.827945385712E-01 -4.503586002389E-02 -7.150523625599E-03 -8.230883137018E-01  1.996008905591E+00 -8.372841381796E-03  1.403867866830E-02 -5.665837286308E-03 -1.066083520539E-02 -6.368256656845E-04 -1.128627987192E-05  6.370521486084E-06  1.071041755641E-05  3.796634323815E-02  1.128627985058E-05  1.717560302065E-03 -1.788253903232E-20  4.519569423039E-21 -2.839132125068E-20 -6.933544629443E-04
  8.218794455535E+02  8.293794455535E+02  1.842344704364E+01  5.323963492287E-15 -4.555966773116E-02  3.396457373524E+02  1.118021110393E-01  1.734360462043E-01 -4.318896179623E-02 -6.778031754916E-03 -8.118919559461E-01  2.003134959732E+00 -8.153118701769E-03  1.404538521599E-02 -5.892266514161E-03 -1.156277261500E-02 -2.178906991004E-04 -3.317399154506E-06  4.450437316688E-06  8.785278470825E-06  4.020814922074E-02  3.317399148604E-06  3.512151517292E-03 -2.054924038523E-20 -3.293128425473E-21 -9.171893156054E-21 -7.463103766506E-04
  8.368794455535E+02  8.443794455535E+02  1.846321361413E+01  4.538307230018E-15 -3.973884663621E-02  3.411052400694E+02  1.081943204162E-01  1.638996347228E-01 -4.071617575594E-02 -5.947419589422E-03 -7.078134918912E-01  1.984386705296E+00 -8.060447869288E-03  1.386039601216E-02 -5.799948142783E-03 -1.213444637616E-02 -1.183322348461E-03  9.876586312518E-06  4.919000805985E-06  3.160140524791E-06  4.208989743992E-02 -9.876586327037E-06  4.430813008723E-03 -2.140614528236E-20  6.370374978495E-22 -2.487054414824E-20 -7.545689232977E-04
  8.518794455535E+02  8.593794455535E+02  1.850238612459E+01  5.589658365797E-15 -3.724523648902E-02  3.425470680280E+02  1.039775187389E-01  1.574301777555E-01 -3.827181595437E-02 -5.391172827028E-03 -6.636879339901E-01  1.955645915003E+00 -7.984409637224E-03  1.354117086347E-02 -5.556761226127E-03 -1.194505149635E-02 -6.435346798444E-04  2.899364332402E-06  4.874332384604E-06 -4.928706696275E-06  4.161762069357E-02 -2.899364331126E-06  2.479325326027E-03 -1.873659471889E-20  1.591658780315E-20 -3.539294006727E-20 -7.423292640764E-04
  8.668794455535E+02  8.743794455535E+02  1.854128226284E+01  6.871915074017E-15 -3.508744119010E-02  3.439833239767E+02  9.924696938603E-02  1.528071656134E-01 -3.532071045511E-02 -4.803448691453E-03 -6.260670618817E-01  1.936390651732E+00 -7.938802456441E-03  1.333593559092E-02 -5.397133134676E-03 -1.150594370402E-02 -3.972484275524E-04 -2.338817189906E-06  2.601440291197E-06 -9.610138839784E-06  3.792418960748E-02  2.338817180581E-06 -5.144317896603E-04 -1.057705244275E-20 -3.752319807103E-21 -2.260072562087E-20 -6.744245644059E-04
  8.818794455535E+02  8.893794455535E+02  1.857351724668E+01  6.948976694991E-15 -3.822782092202E-02  3.451749332584E+02  9.363843504212E-02  1.490310787572E-01 -3.242320584622E-02 -4.294612819613E-03 -6.857312271627E-01  1.916240393975E+00 -7.948458965798E-03  1.337900364307E-02 -5.430544677277E-03 -1.009294555021E-02  3.788439317092E-04  5.101681234738E-06 -1.721412286635E-06 -7.299957777721E-06  3.418920289452E-02 -5.101681235879E-06 -3.543501767260E-03 -1.376809720127E-21 -3.071042094190E-21 -2.256312035767E-20 -6.045135344572E-04
  8.968794455535E+02  9.043794455535E+02  1.860539982998E+01  6.792350825309E-15 -4.174759059729E-02  3.463557902118E+02  8.724965777783E-02  1.412780085636E-01 -2.880915202285E-02 -3.770926216260E-03 -7.558317414250E-01  1.906955525235E+00 -7.781779008786E-03  1.296875086715E-02 -5.186971858877E-03 -9.507603708381E-03  2.368915012723E-04  1.709962321106E-06 -6.140690618875E-06  1.638199597413E-06  3.440736326636E-02 -1.709962337635E-06 -4.346577662193E-03 -1.363149696339E-20 -5.374706711213E-21 -2.534111231364E-20 -6.042037613797E-04
  9.118794455535E+02  9.193794455535E+02  1.863802707300E+01  7.433900717224E-15 -4.637096097002E-02  3.475657132742E+02  7.972880406194E-02  1.390590267828E-01 -2.518745627273E-02 -3.428800911471E-03 -8.458131709232E-01  1.872139074726E+00 -7.684155407880E-03  1.232328076197E-02 -4.639125353815E-03 -9.535197119275E-03  4.324238025902E-04  7.617888167577E-06 -8.915897886642E-06  1.807014291616E-06  3.260842708987E-02 -7.617888158400E-06 -3.740087296882E-03 -1.020591675621E-20 -6.148744733396E-21 -1.349108339927E-20 -5.596425447425E-04
  9.268794455535E+02  9.343794455535E+02  1.866651615189E+01  7.961104287376E-15 -4.874652183454E-02  3.486239387084E+02  7.056793557510E-02  1.363579159101E-01 -2.102278608687E-02 -2.984518009074E-03 -8.953985752800E-01  1.854690897589E+00 -7.645661045778E-03  1.190385788721E-02 -4.258196841068E-03 -8.424793055671E-03  8.895615716216E-05  2.530114649931E-06 -9.774180167421E-06 -8.167586038809E-08  3.203062337988E-02 -2.530114667904E-06 -4.204898621623E-03 -8.271025238657E-21 -9.729863994800E-21 -1.150761503561E-20 -5.277508378552E-04
  9.418794455535E+02  9.493794455535E+02  1.869805767025E+01  7.499120248389E-15 -5.425802522863E-02  3.497973834820E+02  5.918692338911E-02  1.423114276969E-01 -1.652052921430E-02 -2.630224331008E-03 -1.001808682673E+00  1.841629268150E+00 -7.623711619331E-03  1.173230053343E-02 -4.108588914259E-03 -8.455599580322E-03  5.412642990431E-04 -1.570324431625E-07 -8.887643965931E-06 -2.678849854140E-06  3.261899733317E-02  1.570324504529E-07 -4.619069253876E-03 -1.009521105510E-20  7.773970187390E-21 -1.213385961424E-20 -5.096304390551E-04
  9.568794455535E+02  9.643794455535E+02  1.872765679987E+01  6.170166085238E-15 -5.742590830725E-02  3.509055481920E+02  4.542610980839E-02  1.479774925911E-01 -1.192808823037E-02 -2.126992904543E-03 -1.065421911213E+00  1.848816363495E+00 -7.359595727514E-03  1.155857504976E-02 -4.198979322093E-03 -7.995324435641E-03  2.837009340433E-04  4.749046275078E-06 -6.363192997473E-06 -7.890076938055E-06  3.327812278234E-02 -4.749046303437E-06 -5.559463533992E-03 -1.517382350782E-20  3.952846343097E-21 -6.999676651448E-21 -5.140724179908E-04
  9.718794455535E+02  9.793794455535E+02  1.876045260692E+01  3.879064568111E-15 -6.469476063378E-02  3.521408179157E+02  2.852399676660E-02  1.608897323544E-01 -7.010900726550E-03 -1.317569494680E-03 -1.205238087448E+00  1.952828836367E+00 -7.616457803352E-03  1.265789678442E-02 -5.041438980755E-03 -8.726300933864E-03  9.851618316436E-04  2.431606234343E-06 -3.745584265270E-06 -2.124296206557E-06  3.871261906612E-02 -2.431606236711E-06 -6.202302271427E-03 -1.356267964271E-20 -4.257887032448E-22 -1.012779530875E-20 -6.273777230273E-04
  9.868794455535E+02  9.943794455535E+02  1.880024278380E+01  1.146202517665E-15 -6.906686665173E-02  3.536544866180E+02  6.003443805201E-03  1.929727045563E-01 -2.080764278613E-03 -4.677745789046E-04 -1.291031231812E+00  1.893769742521E+00 -8.229530383217E-03  1.169917776622E-02 -3.469647381929E-03 -9.817931047751E-03  1.192756898983E-04 -2.566892188459E-06 -1.577833813369E-06  4.505032465045E-06  2.122613139279E-02  2.566892166916E-06 -2.325929988019E-03 -1.132052463751E-20 -4.431037645109E-22  1.992241539885E-20 -2.710724849116E-04
