                   y                  ym                   U                   V                   W                 U^2                 V^2                 W^2                  UV                  VW                  UW                VISC               SFSxx               SFSyy               SFSzz               SFSxy               SFSyz                dUdX                dVdX                dWdX                dUdY                dVdY                dWdY                dUdZ                dVdZ                dWdZ              SFSxym
 -4.000000000000E+00 -2.000000000000E+00  0.000000000000E+00  0.000000000000E+00  0.000000000000E+00  0.000000000000E+00  0.000000000000E+00  0.000000000000E+00  0.000000000000E+00  0.000000000000E+00  0.000000000000E+00  0.000000000000E+00  0.000000000000E+00  0.000000000000E+00  0.000000000000E+00  0.000000000000E+00  0.000000000000E+00  0.000000000000E+00  0.000000000000E+00  0.000000000000E+00  0.000000000000E+00  0.000000000000E+00  0.000000000000E+00  0.000000000000E+00  0.000000000000E+00  0.000000000000E+00  0.000000000000E+00
  2.220446049250E-16  2.000000000000E+00  1.014213156500E+01  5.252413521478E-15 -9.430415017248E-02  1.056221388248E+02  5.556250595210E-02  7.738800815287E-01 -1.657081545263E-01 -1.316718056873E-03 -9.615107874388E-01  1.023146419301E+00 -1.822390245318E-03  7.224851990859E-03 -5.402461744443E-03 -5.337108491374E+00  3.373358685998E-02 -1.116382372493E-03 -1.017637495845E-04  5.907156318779E-05  4.363932219492E+01  1.116382372633E-03 -4.136057311089E-01  4.481351953989E-20  5.254360414795E-22 -1.150760760783E-20 -1.139327700778E-02
  4.000000000000E+00  6.000000000000E+00  1.167780675021E+01  1.408136396837E-14 -1.123415512671E-01  1.391930850764E+02  2.215712612865E-01  7.791682160332E-01 -3.242673770790E-01 -1.218556529301E-04 -1.332274889272E+00  5.643377221470E+00  2.341189121968E-01 -2.544224339705E-01  2.030352177721E-02 -1.171854086874E+00 -7.765439571795E-02  3.413468163513E-04 -1.675069669722E-04 -3.012862454996E-05  4.075617458332E+00 -3.413468161993E-04 -3.378928048344E-02  2.778605530288E-20 -6.700414047847E-21  4.237046491079E-21 -8.291683818967E-02
  8.000000000000E+00  1.000000000000E+01  1.217954826546E+01  1.927064497559E-14 -1.111859664961E-01  1.507940815166E+02  2.685768408416E-01  7.243153774160E-01 -3.168345764999E-01 -5.566393141159E-04 -1.373103175183E+00  5.898835453900E+00  1.324016018073E-01 -3.329435055636E-01  2.005419037551E-01 -6.693335595709E-01 -1.426204074422E-02  3.032451665882E-04 -1.063750947927E-04 -4.037224691033E-05  1.937088730886E+00 -3.032451664811E-04  4.331869625749E-03  1.752229442252E-20 -1.418484636023E-21  8.329160449716E-20 -4.034823705529E-02
  1.200000000000E+01  1.400000000000E+01  1.264630782815E+01  2.071444274790E-14 -1.102611816771E-01  1.623585670557E+02  2.944678500456E-01  7.077297618940E-01 -3.419312164152E-01 -7.157003871712E-05 -1.412299593138E+00  5.793066988527E+00  1.251134763521E-01 -3.067561283319E-01  1.816426519669E-01 -6.299455847415E-01  4.061377551690E-03  1.330091087686E-04 -6.968307536579E-05 -6.370928909888E-05  1.595168017491E+00 -1.330091084965E-04  7.235964321987E-03  1.860503796609E-20  5.012310043923E-21  1.082591462322E-19 -3.409179578402E-02
  1.600000000000E+01  1.800000000000E+01  1.297720328196E+01  1.694029647823E-14 -1.076115978201E-01  1.707536101973E+02  3.154477163541E-01  6.941720736615E-01 -3.425719611546E-01 -1.745683467441E-04 -1.414250060474E+00  5.445748925049E+00  1.031981574381E-01 -2.725895165394E-01  1.693913591063E-01 -4.521439741806E-01  1.750408545622E-03  9.487726897741E-05 -5.145047009439E-05 -6.181482997545E-05  1.238511009936E+00 -9.487726906007E-05  1.319508470050E-02  2.031317453862E-20 -4.410493836686E-21  1.264382881079E-19 -2.604267236013E-02
  2.000000000000E+01  2.200000000000E+01  1.326547046694E+01  9.589340729400E-15 -1.038078918683E-01  1.782883362051E+02  3.333452897395E-01  6.872870213615E-01 -3.508691865162E-01  1.172296776548E-04 -1.393870523212E+00  5.212489046764E+00  9.200017235284E-02 -2.475187404487E-01  1.555185681047E-01 -3.873266456507E-01 -1.782027971550E-03  7.820939587069E-05 -3.577220769920E-05 -1.969935436839E-05  1.044387964245E+00 -7.820939556830E-05  1.728436701003E-02  5.473194765867E-21  3.384556249530E-20  1.414688394378E-19 -2.191756771346E-02
  2.400000000000E+01  2.600000000000E+01  1.349926906119E+01  2.382737019843E-15 -9.913667429068E-02  1.845083565687E+02  3.486578394503E-01  6.803908895940E-01 -3.526084949879E-01 -6.884795767090E-05 -1.355101784145E+00  4.972676817146E+00  8.003714558401E-02 -2.261335924519E-01  1.460964468639E-01 -3.144438653552E-01 -2.514591208462E-03  4.918608335591E-05 -1.926449183988E-05  1.459124955159E-05  8.784338465062E-01 -4.918608347984E-05  1.664519321633E-02  4.721130561852E-21 -2.211936028461E-20  1.690933144414E-19 -1.827954044360E-02
  2.800000000000E+01  3.000000000000E+01  1.370470197685E+01 -6.106568375963E-15 -9.542645303434E-02  1.900761033100E+02  3.614895392113E-01  6.744197824711E-01 -3.561243724316E-01 -7.689972436410E-05 -1.324423123981E+00  4.772076083501E+00  7.193560467286E-02 -2.089470238348E-01  1.370114191643E-01 -2.728207770689E-01 -2.173862271836E-03  6.885662178279E-05 -9.575521773873E-06  3.940017134870E-05  7.650691270410E-01 -6.885662180728E-05  1.440339194236E-02 -6.225481231647E-20  6.090974282229E-21  1.687167132232E-19 -1.585666273318E-02
  3.200000000000E+01  3.400000000000E+01  1.388184309607E+01 -1.645482448215E-14 -9.180166585200E-02  1.949416383997E+02  3.721683481595E-01  6.676408725042E-01 -3.574031445675E-01 -4.036278620076E-05 -1.292561811343E+00  4.590174790580E+00  6.444457246481E-02 -1.936575177284E-01  1.292129452646E-01 -2.348726139096E-01 -2.742414358298E-03  4.765702085070E-05 -5.359957210068E-06  2.971538009332E-05  6.766728083231E-01 -4.765702104598E-05  1.444979841317E-02 -2.939405869186E-21  3.251835136347E-21  1.103837270453E-19 -1.391717536368E-02
  3.600000000000E+01  3.800000000000E+01  1.404304854474E+01 -2.377118293873E-14 -8.813527328074E-02  1.994311158449E+02  3.810031143968E-01  6.600721516982E-01 -3.592182900780E-01 -1.551560175483E-04 -1.257839792754E+00  4.442361465142E+00  5.831154316914E-02 -1.809991494451E-01  1.226876062700E-01 -2.114351991335E-01 -3.243194320202E-03  3.237637476887E-05 -1.544999685111E-06  3.121207276382E-05  6.120720713508E-01 -3.237637462859E-05  1.396641702380E-02  4.160430878038E-20 -4.573704774195E-20  1.957078092365E-19 -1.252749641330E-02
  4.000000000000E+01  4.200000000000E+01  1.418796671299E+01 -2.644023570688E-14 -8.479160707729E-02  2.035112433703E+02  3.882645087763E-01  6.534824660467E-01 -3.599997031469E-01 -1.951026935437E-04 -1.223372740057E+00  4.304228477662E+00  5.273996693969E-02 -1.701296116302E-01  1.173896446877E-01 -1.896384209045E-01 -2.765393839399E-03 -1.570087467694E-06 -3.298273670800E-08  2.693534256004E-05  5.578934813540E-01  1.570087456696E-06  1.323513317220E-02  1.078394387468E-21  1.243916571670E-20  1.286124796136E-19 -1.133298413565E-02
  4.400000000000E+01  4.600000000000E+01  1.432197201656E+01 -2.569127853166E-14 -8.149821819082E-02  2.073242411484E+02  3.943398376517E-01  6.468063399049E-01 -3.611353934843E-01 -3.564032923428E-04 -1.185691059117E+00  4.181523174477E+00  4.825841760906E-02 -1.606911530413E-01  1.124327354327E-01 -1.736187118837E-01 -2.591512254479E-03  3.369461389599E-05  2.921580114536E-06  6.260909824211E-06  5.142150567328E-01 -3.369461376307E-05  1.301722844477E-02  4.632176364933E-20  8.928683022682E-21  1.716249626732E-19 -1.037298409437E-02
  4.800000000000E+01  5.000000000000E+01  1.444510612528E+01 -2.928514346532E-14 -7.829148699661E-02  2.108597083285E+02  3.993874403978E-01  6.410262345923E-01 -3.617073422063E-01 -4.609487011831E-04 -1.145695850387E+00  4.070678682411E+00  4.472187370900E-02 -1.528912932742E-01  1.081694195675E-01 -1.583660515479E-01 -3.000921335785E-03  4.423291726188E-05  4.971868169787E-06 -1.767553219679E-05  4.760401574454E-01 -4.423291728621E-05  1.425041640170E-02 -1.745052980173E-20  1.410260402805E-20  1.756307486734E-19 -9.534948304295E-03
  5.200000000000E+01  5.400000000000E+01  1.456011414023E+01 -4.210533773493E-14 -7.440470246260E-02  2.141890724606E+02  4.034861556834E-01  6.350887401208E-01 -3.625247355155E-01 -5.511504322533E-04 -1.094218449014E+00  3.972561738359E+00  4.224159056599E-02 -1.461199497840E-01  1.038783592173E-01 -1.468822544071E-01 -3.186359558969E-03 -1.769296980141E-05  1.250237322724E-06 -1.768228178665E-05  4.448241150067E-01  1.769296970142E-05  1.552249220960E-02  1.780530336274E-20  2.146647067069E-21  1.699749550733E-19 -8.850657524339E-03
  5.600000000000E+01  5.800000000000E+01  1.466749561155E+01 -5.426226337470E-14 -7.050830349432E-02  2.173190426469E+02  4.069058187476E-01  6.292479532305E-01 -3.629113297832E-01 -6.690476710065E-04 -1.040634842275E+00  3.876721716440E+00  3.941237671697E-02 -1.395164160461E-01  1.001040393301E-01 -1.365176224730E-01 -3.168438066033E-03 -1.443066549916E-05 -3.438125629309E-07 -1.130101493882E-05  4.166520340510E-01  1.443066552133E-05  1.539834952907E-02  3.123750548351E-20 -9.601713032584E-21  1.646902616199E-19 -8.262884540242E-03
  6.000000000000E+01  6.200000000000E+01  1.476844822596E+01 -6.402393025462E-14 -6.664960685294E-02  2.202814223624E+02  4.099760137781E-01  6.246277001343E-01 -3.633380938690E-01 -8.295959088459E-04 -9.867366517476E-01  3.796471609247E+00  3.714932560674E-02 -1.339705542611E-01  9.682122865378E-02 -1.281180103620E-01 -3.337066929904E-03 -2.097619709883E-06  8.009042621070E-07 -1.666409607633E-05  3.942709765819E-01  2.097619681822E-06  1.607982433027E-02  1.445872969360E-20  5.055386991440E-21  1.566393039200E-19 -7.768677630735E-03
  6.400000000000E+01  6.600000000000E+01  1.486466853167E+01 -7.434227568039E-14 -6.245934292038E-02  2.231243591155E+02  4.129574822497E-01  6.200780136599E-01 -3.637233817159E-01 -9.449791893757E-04 -9.274010259681E-01  3.719964046281E+00  3.506409626615E-02 -1.291549525272E-01  9.409085626082E-02 -1.202849862576E-01 -3.507022432878E-03 -3.089178631483E-05  6.229986900746E-07 -2.684193748503E-05  3.736653837125E-01  3.089178665607E-05  1.651732070677E-02  1.233611696654E-20 -1.531342694532E-20  1.582445582865E-19 -7.290664074135E-03
  6.800000000000E+01  7.000000000000E+01  1.495524094705E+01 -8.691585385440E-14 -5.840109949885E-02  2.258160723996E+02  4.158333144758E-01  6.153528683534E-01 -3.640271002437E-01 -1.150670798422E-03 -8.690995867181E-01  3.640822231818E+00  3.284167736770E-02 -1.238948646467E-01  9.105318727897E-02 -1.129086259226E-01 -3.376214285534E-03 -4.497210319264E-05  1.426350250169E-06 -2.410232836989E-05  3.516403298180E-01  4.497210263995E-05  1.540145501586E-02 -1.322971671712E-20  1.531950713346E-20  1.212036168705E-19 -6.824980335159E-03
  7.200000000000E+01  7.400000000000E+01  1.504042403594E+01 -9.728779789877E-14 -5.475786435681E-02  2.283626442290E+02  4.185361900087E-01  6.103685981390E-01 -3.643598055438E-01 -1.327075325729E-03 -8.162082679475E-01  3.563498060595E+00  3.102929271697E-02 -1.188887110061E-01  8.785941828558E-02 -1.055526475187E-01 -2.851582497261E-03 -3.249408729421E-06  1.914335958263E-06 -1.402635019125E-05  3.329144597016E-01  3.249408858467E-06  1.326793174876E-02  7.616309691125E-20 -1.689488695587E-20  1.810192613689E-19 -6.408399064790E-03
  7.600000000000E+01  7.800000000000E+01  1.512170843758E+01 -1.035868595761E-13 -5.176372469668E-02  2.308017871601E+02  4.210338672171E-01  6.056519306180E-01 -3.645990732546E-01 -1.569699799858E-03 -7.720969030384E-01  3.495259236273E+00  2.905950508213E-02 -1.144474932685E-01  8.538798818472E-02 -9.955536656951E-02 -2.174405324623E-03 -1.482286493445E-05 -2.644387459313E-07 -3.053187220483E-05  3.166701397622E-01  1.482286473940E-05  1.194023260511E-02 -4.324547891588E-20 -1.923352916129E-20  1.145601581749E-19 -6.051558439202E-03
  8.000000000000E+01  8.200000000000E+01  1.519881973261E+01 -1.062339432279E-13 -4.880884893946E-02  2.331263247801E+02  4.232923412808E-01  6.017448822226E-01 -3.647563020640E-01 -1.765059636352E-03 -7.279287552041E-01  3.434472276213E+00  2.753283527215E-02 -1.105882017828E-01  8.305536651203E-02 -9.412345142233E-02 -2.064927472389E-03  1.358844419674E-06 -3.593859184099E-06 -4.690290438761E-05  3.003441446724E-01 -1.358844328891E-06  1.024042338101E-02  3.371662257920E-20  1.160165714977E-20  1.316326549325E-19 -5.722376392319E-03
  8.400000000000E+01  8.600000000000E+01  1.527194051306E+01 -1.109882674770E-13 -4.668324664103E-02  2.353408982878E+02  4.252206114643E-01  5.988427596900E-01 -3.649508385685E-01 -1.985774167235E-03 -6.951333460433E-01  3.379352203627E+00  2.616883878743E-02 -1.073547234468E-01  8.118588466020E-02 -8.898228667483E-02 -1.956543480844E-03  1.618438185886E-05 -7.561722389588E-06 -3.563983902436E-05  2.855653489533E-01 -1.618438189074E-05  7.000628120717E-03 -6.064130732707E-21 -2.249950479988E-20  1.377513331518E-19 -5.415212892633E-03
  8.800000000000E+01  9.000000000000E+01  1.534162875631E+01 -1.257363426340E-13 -4.532409249501E-02  2.374612491085E+02  4.268815328934E-01  5.958388111387E-01 -3.650755513302E-01 -2.250249435479E-03 -6.736681066393E-01  3.326695014095E+00  2.467595285476E-02 -1.041691382428E-01  7.949318538873E-02 -8.436214668191E-02 -1.225246076169E-03 -7.473740710134E-06 -1.140563683523E-05 -2.545379519024E-05  2.732205331246E-01  7.473740715725E-06  5.439755701150E-03  2.515975897072E-20  1.865233063543E-20  1.026144339626E-19 -5.137696637398E-03
  9.200000000000E+01  9.400000000000E+01  1.540848795235E+01 -1.350676382082E-13 -4.395904618711E-02  2.395052842007E+02  4.284034602994E-01  5.936133476593E-01 -3.652953564655E-01 -2.413290924059E-03 -6.525719182658E-01  3.279872845328E+00  2.303502903088E-02 -1.010932717894E-01  7.805824275812E-02 -8.021207472020E-02 -1.069240078550E-03 -8.244278482665E-06 -1.180864956372E-05 -3.372637676728E-05  2.618741846750E-01  8.244278363051E-06  5.227420308995E-03  3.219472258147E-21  1.941196444630E-21  1.196480429977E-19 -4.896803283982E-03
  9.600000000000E+01  9.800000000000E+01  1.547253764718E+01 -1.412921067761E-13 -4.273732463725E-02  2.414732292787E+02  4.298490000911E-01  5.910593331626E-01 -3.654125698914E-01 -2.574409258768E-03 -6.339964303414E-01  3.231674941257E+00  2.209990674498E-02 -9.829593464974E-02  7.619602790317E-02 -7.640053970841E-02 -4.374705624517E-04  6.342347713707E-06 -9.717375430538E-06 -3.874240907050E-05  2.500791939069E-01 -6.342347770601E-06  4.545492654857E-03 -2.971544278342E-20  2.506282198329E-21  8.841600306906E-20 -4.655118247149E-03
  1.000000000000E+02  1.020000000000E+02  1.553360152876E+01 -1.582413286054E-13 -4.174425117950E-02  2.433573664208E+02  4.312179600765E-01  5.882234566678E-01 -3.656107445965E-01 -2.674128384377E-03 -6.190444117604E-01  3.186304279125E+00  2.129163774861E-02 -9.602511882963E-02  7.473348108241E-02 -7.248114141287E-02 -2.310826694855E-04  1.243594150311E-06 -9.370068366387E-06 -3.803069933098E-05  2.382393417636E-01 -1.243594215662E-06  4.941983054881E-03 -2.592771433838E-20  8.357462401458E-21  8.058941387882E-20 -4.415173779774E-03
  1.040000000000E+02  1.060000000000E+02  1.559168526698E+01 -1.670568793253E-13 -4.031846453269E-02  2.451543980401E+02  4.324954350767E-01  5.848363678834E-01 -3.657631791869E-01 -2.772815295339E-03 -5.981498077830E-01  3.144051383865E+00  2.038615957152E-02 -9.369836586096E-02  7.331220629090E-02 -6.888399598251E-02 -4.177018370928E-04  2.010691090764E-06 -9.113729186064E-06 -4.144583666035E-05  2.281629242015E-01 -2.010691189563E-06  5.991600443579E-03 -4.227987522747E-20  7.494486442390E-21  1.211468523181E-19 -4.218675425291E-03
  1.080000000000E+02  1.100000000000E+02  1.564768009204E+01 -1.633018159355E-13 -3.881555855973E-02  2.468930195478E+02  4.337612771118E-01  5.817173565016E-01 -3.658499950942E-01 -2.835014846074E-03 -5.761578853287E-01  3.105072626368E+00  1.972548905542E-02 -9.157826702427E-02  7.185277796891E-02 -6.616574405717E-02 -6.473097143185E-04 -3.618945860346E-06 -7.432609924445E-06 -2.602829227000E-05  2.209416745064E-01  3.618945753255E-06  5.444856823126E-03  2.668003860580E-20 -2.533482740011E-21  1.165053668855E-19 -4.060410196117E-03
  1.120000000000E+02  1.140000000000E+02  1.570216216320E+01 -1.653468591790E-13 -3.764171551734E-02  2.485905548588E+02  4.350241450191E-01  5.782527206765E-01 -3.660387583226E-01 -2.917554072929E-03 -5.597906779319E-01  3.066733819197E+00  1.887808729738E-02 -8.912234892105E-02  7.024426162281E-02 -6.380207438184E-02 -7.579196413721E-04 -8.534989002856E-06 -4.640404695317E-06 -5.160356615175E-06  2.155798964933E-01  8.534989002398E-06  4.407288857185E-03  1.013738910638E-20 -6.450348631160E-21  1.688094914255E-19 -3.917763563626E-03
  1.160000000000E+02  1.180000000000E+02  1.575549385404E+01 -1.656972672496E-13 -3.656695174744E-02  2.502594699021E+02  4.362541678392E-01  5.744706369368E-01 -3.661129343669E-01 -2.949429567135E-03 -5.443703647327E-01  3.027301153218E+00  1.833600505238E-02 -8.709701202688E-02  6.876100697398E-02 -6.130473518709E-02 -8.567231680699E-04  8.275857744262E-06 -1.165931524463E-06 -7.608393317528E-06  2.091977735124E-01 -8.275857868396E-06  4.560952034528E-03  2.133366964143E-20  1.762649052503E-20  1.646105086864E-19 -3.758409033695E-03
  1.200000000000E+02  1.220000000000E+02  1.580677785525E+01 -1.616869945223E-13 -3.531477179098E-02  2.518705793715E+02  4.373231187625E-01  5.702530760121E-01 -3.662325816947E-01 -2.991948359421E-03 -5.259059916398E-01  2.990184165623E+00  1.762252354533E-02 -8.492366687621E-02  6.730114332917E-02 -5.905946395848E-02 -9.931886417951E-04  5.744342930381E-07  2.096497332993E-06 -2.204314045994E-05  2.028307330676E-01 -5.744342868514E-07  4.903779708923E-03 -6.364701934317E-20  1.618175941108E-20  9.609696376431E-20 -3.631161680834E-03
  1.240000000000E+02  1.260000000000E+02  1.585684937564E+01 -1.629085587494E-13 -3.414672845958E-02  2.534496759879E+02  4.381168163415E-01  5.666567022727E-01 -3.663314574242E-01 -3.053726392128E-03 -5.087837239357E-01  2.962282310086E+00  1.716782222017E-02 -8.347605492351E-02  6.630823270157E-02 -5.725719625021E-02 -1.083893990174E-03 -1.274682014488E-05  6.210265182281E-06 -9.570076903923E-06  1.986835709691E-01  1.274682009237E-05  4.084498177411E-03  1.818147936128E-20 -5.529630329360E-21  1.155807594402E-19 -3.528216877664E-03
  1.280000000000E+02  1.300000000000E+02  1.590605709925E+01 -1.587448676561E-13 -3.326928602342E-02  2.550068796122E+02  4.387010429533E-01  5.631295018253E-01 -3.664114173061E-01 -3.103840547103E-03 -4.960480882771E-01  2.937633484955E+00  1.674524190502E-02 -8.226579921834E-02  6.552055731193E-02 -5.579111844096E-02 -8.001773723754E-04 -4.231091554988E-06  1.095469994833E-05  1.852099610707E-05  1.940073320357E-01  4.231091830115E-06  3.620158198010E-03  4.118030070494E-20 -1.613709831929E-20  9.794540522762E-20 -3.422366860334E-03
  1.320000000000E+02  1.340000000000E+02  1.595385668218E+01 -1.513162751927E-13 -3.226479382130E-02  2.565238754312E+02  4.391528535832E-01  5.595832127805E-01 -3.665531486102E-01 -3.156410126391E-03 -4.813787911079E-01  2.911353034668E+00  1.631986709434E-02 -8.101160643740E-02  6.469173934378E-02 -5.373263346132E-02 -6.213523918062E-04  8.629035696162E-06  1.372702244766E-05  1.949708898973E-05  1.901037054286E-01 -8.629035967824E-06  3.802766755877E-03  2.066697574396E-20 -1.779036995632E-20  1.006900280438E-19 -3.316840075305E-03
  1.360000000000E+02  1.380000000000E+02  1.600114990441E+01 -1.639398242448E-13 -3.135062811316E-02  2.580290492030E+02  4.396164756662E-01  5.562026693950E-01 -3.666188073605E-01 -3.168024884291E-03 -4.679994223629E-01  2.885978066094E+00  1.566546659044E-02 -7.945090332761E-02  6.378543673727E-02 -5.249496063892E-02 -5.993197934372E-04 -9.651308193640E-06  1.394467574903E-05  8.452619061198E-06  1.854444707813E-01  9.651308387971E-06  4.038627748835E-03 -3.118947032520E-20 -1.948350208599E-22  9.183882192860E-20 -3.216681766111E-03
  1.400000000000E+02  1.420000000000E+02  1.604655694158E+01 -1.832995359952E-13 -3.025152995400E-02  2.594797337419E+02  4.401189221913E-01  5.532324702828E-01 -3.666734235696E-01 -3.217365058132E-03 -4.520223639765E-01  2.855540978756E+00  1.474640904725E-02 -7.776112626451E-02  6.301471721796E-02 -5.050086669539E-02 -7.869116506198E-04 -1.043345604385E-05  1.463318025191E-05  1.141092283341E-05  1.788580957839E-01  1.043345553353E-05  3.520118733743E-03  5.441755924856E-20 -1.781269518424E-20  8.454701035706E-20 -3.100448404434E-03
  1.440000000000E+02  1.460000000000E+02  1.609052750110E+01 -1.888290587261E-13 -2.955401602608E-02  2.608883092687E+02  4.405510689211E-01  5.497706400388E-01 -3.666937903121E-01 -3.324326165487E-03 -4.424139729585E-01  2.826773428470E+00  1.422864717906E-02 -7.620460510518E-02  6.197595792607E-02 -4.872483722182E-02 -4.402993203081E-04  2.447232845674E-06  1.739801759207E-05  5.769065970605E-06  1.738518698918E-01 -2.447232862324E-06  1.673130478194E-03 -2.408208949470E-20  8.638388165782E-21  8.883824267689E-20 -2.993551980635E-03
  1.480000000000E+02  1.500000000000E+02  1.613343459069E+01 -1.932603744282E-13 -2.940252572349E-02  2.622676981071E+02  4.409705653877E-01  5.462414028727E-01 -3.667340888692E-01 -3.377289929776E-03 -4.415662543368E-01  2.797239983818E+00  1.389040111430E-02 -7.462794681707E-02  6.073754570295E-02 -4.716573049610E-02  9.908623460077E-05  1.829873714660E-05  2.154414772098E-05 -8.464390846156E-06  1.683627195976E-01 -1.829873730078E-05  1.760573507159E-04  3.675728414960E-20 -2.209970233696E-20  1.164548885612E-19 -2.889101533723E-03
  1.520000000000E+02  1.540000000000E+02  1.617468304716E+01 -1.955610622803E-13 -2.949967597009E-02  2.635963007886E+02  4.414291533210E-01  5.430002524198E-01 -3.667375952552E-01 -3.489597496653E-03 -4.447667962248E-01  2.768123670509E+00  1.348859577076E-02 -7.330950681822E-02  5.982091104516E-02 -4.525566674799E-02  4.065910712825E-04  1.450796718618E-05  2.453968313732E-05 -4.023667682296E-06  1.631867553628E-01 -1.450796714068E-05 -8.105417227936E-04 -1.067209529261E-21 -7.525024398433E-21  7.135147554143E-20 -2.782052297264E-03
  1.560000000000E+02  1.580000000000E+02  1.621504284520E+01 -1.910821905797E-13 -2.983928667293E-02  2.649003233539E+02  4.418894743360E-01  5.395266858889E-01 -3.667344739941E-01 -3.536236002981E-03 -4.525260836038E-01  2.741623801558E+00  1.285822884821E-02 -7.178828869387E-02  5.893005984447E-02 -4.389138941540E-02  4.174447247896E-04 -8.791857136775E-07  2.410707328222E-05 -2.581844000121E-07  1.591116589651E-01  8.791857445724E-07 -1.399210044533E-03  1.482905737013E-20 -1.138112133476E-20  1.009399082472E-19 -2.701099761859E-03
  1.600000000000E+02  1.620000000000E+02  1.625421779305E+01 -1.888348304402E-13 -3.021877452121E-02  2.661684608921E+02  4.423787739513E-01  5.360393489001E-01 -3.667502145052E-01 -3.636581346935E-03 -4.618357911516E-01  2.713414619101E+00  1.221479595601E-02 -7.044310599433E-02  5.822831003985E-02 -4.252420271287E-02  3.150379464679E-04  2.469498361744E-06  2.251555691940E-05 -7.026755022033E-06  1.542807309064E-01 -2.469498301546E-06 -9.575020421128E-04  3.117327863320E-22 -2.536834798344E-20  1.021603992933E-19 -2.597401882617E-03
  1.640000000000E+02  1.660000000000E+02  1.629214704829E+01 -1.818807960144E-13 -3.035390847926E-02  2.673979910301E+02  4.429643916061E-01  5.334447515586E-01 -3.667292462224E-01 -3.716168024744E-03 -4.668278409513E-01  2.689890151657E+00  1.181212543775E-02 -6.933152524342E-02  5.751939980478E-02 -4.074948245723E-02  2.746012939853E-04  1.152404736835E-05  2.170704386690E-05 -3.439140051886E-06  1.503839363003E-01 -1.152404729066E-05 -9.788446824391E-04 -2.818275457358E-21 -2.110909651409E-20  8.104466314417E-20 -2.513181893196E-03
  1.680000000000E+02  1.700000000000E+02  1.632943696931E+01 -1.694189305628E-13 -3.073093492903E-02  2.686089897860E+02  4.436819151627E-01  5.309980052722E-01 -3.667359082518E-01 -3.785301050678E-03 -4.759524332299E-01  2.665325395133E+00  1.138400722438E-02 -6.809734879050E-02  5.671334156484E-02 -3.964219083723E-02  4.031418153532E-04  2.813336238078E-06  2.089886402204E-05  2.484380353876E-06  1.458388014028E-01 -2.813336087123E-06 -1.912328759529E-03  1.297712101265E-20  8.637040807173E-21  5.820402666591E-20 -2.432257866432E-03
  1.720000000000E+02  1.740000000000E+02  1.636514066921E+01 -1.642096707453E-13 -3.131231966610E-02  2.697712057467E+02  4.444544346787E-01  5.287428994814E-01 -3.667676057072E-01 -3.888389914412E-03 -4.882523850593E-01  2.637989161982E+00  1.094282972988E-02 -6.671048514192E-02  5.576765541252E-02 -3.817373363282E-02  5.648748304255E-04 -3.240371572243E-06  1.963239741405E-05 -6.932429991736E-06  1.399916769144E-01  3.240371701094E-06 -2.689905207900E-03  3.473844662086E-20 -7.326979328108E-21  5.943725869068E-20 -2.332306958932E-03
  1.760000000000E+02  1.780000000000E+02  1.639945778862E+01 -1.585050664217E-13 -3.210297318655E-02  2.708902058412E+02  4.451454133043E-01  5.266420759593E-01 -3.667559183572E-01 -3.980599899627E-03 -5.038297950097E-01  2.612716271924E+00  1.065359507302E-02 -6.577391982639E-02  5.512032475305E-02 -3.648307149971E-02  6.231654243100E-04  3.108858951275E-06  1.911178924061E-05  1.491843393744E-06  1.341839293343E-01 -3.108858746442E-06 -3.063439424716E-03  9.658089319269E-20 -1.754237353301E-20  9.588602165465E-20 -2.234039236125E-03
  1.800000000000E+02  1.820000000000E+02  1.643222337632E+01 -1.456705635746E-13 -3.283677899149E-02  2.719612920078E+02  4.457700467136E-01  5.248609972190E-01 -3.667575884309E-01 -4.073339562505E-03 -5.178019862483E-01  2.594176494854E+00  1.044073103022E-02 -6.500200990916E-02  5.456127887902E-02 -3.496394099307E-02  4.535143763249E-04  1.802545736183E-05  1.924659715982E-05  1.080004582365E-05  1.302507156725E-01 -1.802545731217E-05 -2.638132382547E-03  4.453133277824E-20 -2.665643445580E-20  8.301712002778E-20 -2.167421985180E-03
  1.840000000000E+02  1.860000000000E+02  1.646463726705E+01 -1.348257301521E-13 -3.335440628637E-02  2.730220137078E+02  4.464540865448E-01  5.228302486654E-01 -3.666677173799E-01 -4.157319170363E-03 -5.277064586337E-01  2.572820923634E+00  1.003086915217E-02 -6.389797210284E-02  5.386710295061E-02 -3.421912190044E-02  4.280828741640E-04  1.221995580783E-05  1.789402851219E-05  1.710392708601E-06  1.277554217952E-01 -1.221995564768E-05 -2.055879283383E-03  1.535196698694E-20 -1.086033695262E-20  8.889369858984E-20 -2.110097241437E-03
  1.880000000000E+02  1.900000000000E+02  1.649618143895E+01 -1.256588956153E-13 -3.381928510899E-02  2.740570227009E+02  4.472273660378E-01  5.207943093393E-01 -3.666534396411E-01 -4.251487109899E-03 -5.364617918952E-01  2.550378907312E+00  9.922204551929E-03 -6.286539725136E-02  5.294319269890E-02 -3.343767126856E-02  5.330681068164E-04  3.233928175739E-06  1.584204267470E-05  2.044709222034E-06  1.250604435904E-01 -3.233928109816E-06 -1.926460871918E-03  6.615365132863E-20 -8.558713746277E-23  7.572087255221E-20 -2.065108093513E-03
  1.920000000000E+02  1.940000000000E+02  1.652720811420E+01 -1.144401000468E-13 -3.427001530060E-02  2.750769326340E+02  4.480483513700E-01  5.181538763170E-01 -3.665349565572E-01 -4.335997702252E-03 -5.447014597807E-01  2.529464780741E+00  9.691557608785E-03 -6.198289043767E-02  5.229133282898E-02 -3.252973548290E-02  5.708292257467E-04 -1.122572215156E-06  1.505018025449E-05  2.539006772373E-06  1.210489059434E-01  1.122572206077E-06 -2.994300886771E-03  4.534035155607E-20  4.838392342409E-21  4.129809280151E-20 -1.985314867617E-03
  1.960000000000E+02  1.980000000000E+02  1.655672865116E+01 -1.064532410428E-13 -3.525321857242E-02  2.760510956239E+02  4.488960119166E-01  5.160710614113E-01 -3.665143662946E-01 -4.389389450132E-03 -5.618302719061E-01  2.509014941950E+00  9.373449890134E-03 -6.106839039462E-02  5.169494050417E-02 -3.098402339696E-02  6.200969724657E-04 -4.179726425429E-06  1.498570717956E-05 -3.448792670082E-06  1.176251152038E-01  4.179726555874E-06 -4.142489545809E-03  1.194251743681E-19 -3.640665211975E-21  4.005469753439E-20 -1.906006651124E-03
  2.000000000000E+02  2.020600000000E+02  1.658605059553E+01 -9.920206973588E-14 -3.632434058347E-02  2.770202035362E+02  4.496123583505E-01  5.136642242068E-01 -3.663158402059E-01 -4.425111987476E-03 -5.803135276157E-01  2.489385240912E+00  8.599078950199E-03 -5.898267478126E-02  5.038359583075E-02 -3.018153728529E-02  8.383661155080E-04  2.691360783104E-06  1.386717239673E-05 -1.905740562281E-06  1.152535611474E-01 -2.691360704716E-06 -5.633545729215E-03  6.576604079436E-20 -4.207876329329E-21  6.016671615752E-20 -1.877945178170E-03
  2.041200000000E+02  2.062418000000E+02  1.661611121351E+01 -8.743551701528E-14 -3.816840675903E-02  2.780160078355E+02  4.501635616913E-01  5.115560469564E-01 -3.661386340482E-01 -4.457452830917E-03 -6.112422750362E-01  2.474176292965E+00  7.784070617202E-03 -5.702616829421E-02  4.924209767782E-02 -2.987706449808E-02  1.315949316877E-03  4.111362527811E-06  1.162989310123E-05  7.928158089967E-06  1.124187425298E-01 -4.111362333409E-06 -6.237220130298E-03  3.628657692376E-20 -3.131213726386E-20  6.122269079813E-20 -1.843495775055E-03
  2.083636000000E+02  2.105490540000E+02  1.664568600637E+01 -7.433277698516E-14 -3.963555206057E-02  2.789973984319E+02  4.503823331629E-01  5.097459049102E-01 -3.659047149852E-01 -4.416941020783E-03 -6.352756982103E-01  2.460222985831E+00  7.006161978441E-03 -5.532414335124E-02  4.831798137208E-02 -2.913006726763E-02  1.146443028350E-03  4.776543858640E-06  1.024309459110E-05 -8.346324902656E-07  1.091558558610E-01 -4.776543565180E-06 -5.211124150983E-03  1.054225612562E-19 -1.501678624136E-20  7.821011896152E-20 -1.805347354725E-03
  2.127345080000E+02  2.149855256200E+02  1.667574778469E+01 -5.710996598951E-14 -4.103742879126E-02  2.799961594379E+02  4.503993560344E-01  5.077065144196E-01 -3.657500619047E-01 -4.443969172881E-03 -6.577465695962E-01  2.447853834395E+00  6.136832386145E-03 -5.355428649169E-02  4.741745410677E-02 -2.861941821177E-02  1.106871242169E-03  8.961236604020E-07  9.602688274566E-06 -8.366253659297E-06  1.072384198345E-01 -8.961235284775E-07 -6.593343466482E-03  6.975514005018E-20 -1.981994001286E-21  1.036704773142E-19 -1.765509244855E-03
  2.172365432400E+02  2.195550913886E+02  1.670603392573E+01 -4.066530392476E-14 -4.339246869054E-02  2.810037299563E+02  4.502697591570E-01  5.058115219274E-01 -3.654225706969E-01 -4.464940302486E-03 -6.961865028889E-01  2.435184042466E+00  5.423263091410E-03 -5.174692558118E-02  4.632366249037E-02 -2.788761331433E-02  1.549823859109E-03 -5.724267405148E-06  8.719155776965E-06  6.478113483397E-06  1.050935075611E-01  5.724267523181E-06 -8.453997611071E-03  2.366543355361E-20 -8.287518503693E-21  8.611220847102E-20 -1.735212888884E-03
  2.218736395372E+02  2.242617441303E+02  1.673665616005E+01 -3.394503272942E-14 -4.593853132155E-02  2.820252934166E+02  4.499783996745E-01  5.044418637316E-01 -3.650519811382E-01 -4.453323335835E-03 -7.387199047217E-01  2.421921566821E+00  4.723058978406E-03 -4.980529063660E-02  4.508223165787E-02 -2.773913703553E-02  1.531243164670E-03 -3.307905539976E-06  7.823774269971E-06  1.208780732469E-05  1.037469865775E-01  3.307905410285E-06 -8.610394688243E-03  7.378320032098E-20  8.033564553075E-21  7.276651285653E-20 -1.721206861591E-03
  2.266498487233E+02  2.291095964542E+02  1.676794906828E+01 -3.172795901875E-14 -4.852980668249E-02  2.830710692005E+02  4.496398709155E-01  5.029078313293E-01 -3.646880470821E-01 -4.467787943025E-03 -7.817896077436E-01  2.410177672127E+00  4.117680156282E-03 -4.789133583582E-02  4.377365567949E-02 -2.747101238133E-02  1.555934180919E-03  1.391694438008E-05  6.832042896632E-06  7.502284926110E-06  1.025327911388E-01 -1.391694426200E-05 -8.507590034215E-03  9.464771163168E-20  1.780380241696E-21  4.928391557203E-20 -1.707969121088E-03
  2.315693441850E+02  2.341028843478E+02  1.679968130785E+01 -3.005487308680E-14 -5.120390070244E-02  2.841333833811E+02  4.493096550311E-01  5.012652916998E-01 -3.641679967712E-01 -4.474410703711E-03 -8.266861802722E-01  2.400248668748E+00  3.366121499867E-03 -4.579506506332E-02  4.242894356336E-02 -2.705936291762E-02  1.722255494571E-03  2.026621004311E-05  5.140849890283E-06  1.817786894197E-05  1.003058930938E-01 -2.026621009284E-05 -8.693908798064E-03  7.081608213233E-20 -4.107189080070E-21  4.881791303609E-20 -1.682872308716E-03
  2.366364245106E+02  2.392459708782E+02  1.683146289585E+01 -3.093253214334E-14 -5.404747723840E-02  2.851978048287E+02  4.489803183788E-01  4.999533089481E-01 -3.636801172125E-01 -4.542256085609E-03 -8.742523059425E-01  2.388222717463E+00  2.699638711633E-03 -4.361990537313E-02  4.092026666169E-02 -2.677391223993E-02  1.860714321266E-03  1.657353923150E-05  4.222671792208E-06  1.081895742820E-05  9.780330411676E-02 -1.657353919666E-05 -9.366638762304E-03  6.356789144467E-20 -9.137873592184E-21  4.235390908046E-20 -1.657325420346E-03
  2.418555172459E+02  2.445433500046E+02  1.686346666439E+01 -3.539331964083E-14 -5.731783704478E-02  2.862691508861E+02  4.488085100727E-01  4.998459420041E-01 -3.630200939332E-01 -4.592818689228E-03 -9.283248405396E-01  2.376628029313E+00  1.847007383557E-03 -4.145014561460E-02  3.960313823144E-02 -2.634755519726E-02  2.074943297633E-03  1.878774966917E-05  5.472213611357E-06  4.295325661095E-06  9.329835824817E-02 -1.878774978277E-05 -1.170515965875E-02  1.510303323216E-19  1.962382948607E-20  2.566737481301E-20 -1.611810859554E-03
  2.472311827633E+02  2.499996505047E+02  1.689414267726E+01 -4.197699537504E-14 -6.190401825960E-02  2.872988051390E+02  4.488202740672E-01  4.997346042051E-01 -3.624036782852E-01 -4.650152984699E-03 -1.004437038186E+00  2.362319609184E+00  9.115613249923E-04 -3.921568842220E-02  3.830412709728E-02 -2.518945438687E-02  2.728813460022E-03  2.141164209341E-05  7.309684209252E-06  3.021438771776E-06  8.886472284858E-02 -2.141164212912E-05 -1.297608180183E-02  1.399541602368E-19 -8.770601621698E-21  2.522529788424E-20 -1.552748765098E-03
  2.527681182462E+02  2.556196400198E+02  1.692495311506E+01 -4.711405426674E-14 -6.627685085539E-02  2.883344163815E+02  4.488154826075E-01  4.983251004912E-01 -3.616358413977E-01 -4.567927940449E-03 -1.077838866850E+00  2.352704174061E+00  2.178343396400E-04 -3.697444396924E-02  3.675660962855E-02 -2.457229148382E-02  2.530326098738E-03  2.511894703696E-05  9.144121339361E-06 -4.241622719687E-06  8.470502542038E-02 -2.511894716038E-05 -1.264753123984E-02  1.223233307919E-19 -9.057544420832E-22  4.677374704959E-20 -1.500221915890E-03
  2.584711617935E+02  2.614082292204E+02  1.695452948952E+01 -4.823782085578E-14 -7.091214564916E-02  2.893291042706E+02  4.487604272948E-01  4.966423674657E-01 -3.608206301427E-01 -4.597020304717E-03 -1.155690831434E+00  2.344808785896E+00 -7.521270958400E-04 -3.461692222014E-02  3.536904931608E-02 -2.348055865038E-02  2.749938748260E-03  2.147167445811E-05  9.026897122452E-06 -2.272170427649E-06  8.100219666702E-02 -2.147167443221E-05 -1.172271799978E-02  1.569874977375E-19  7.868901023612E-21  4.492057647332E-20 -1.451115593422E-03
  2.643452966473E+02  2.673704760971E+02  1.698444794766E+01 -4.646663985299E-14 -7.487243489668E-02  2.903388720666E+02  4.486621198241E-01  4.958588010467E-01 -3.598258567154E-01 -4.457146519538E-03 -1.222068656321E+00  2.334556907382E+00 -1.227831079059E-03 -3.250695749012E-02  3.373478856914E-02 -2.292817134425E-02  2.251960760113E-03  6.950939835676E-06  5.818987699822E-06 -5.107187960643E-07  7.931332820342E-02 -6.950939875289E-06 -9.020271534119E-03  8.285956767530E-20 -3.193487231689E-21  4.990971311022E-20 -1.409039551989E-03
  2.703956555468E+02  2.735115903800E+02  1.701449737947E+01 -4.443175023507E-14 -7.776102617249E-02  2.913555633125E+02  4.485207607289E-01  4.955299790609E-01 -3.588556864208E-01 -4.435841842884E-03 -1.270030435815E+00  2.323243838913E+00 -1.878537852701E-03 -3.041848382840E-02  3.229702168033E-02 -2.227642171285E-02  1.770818395654E-03  1.232130729194E-06  2.249589084271E-06  7.954141658022E-07  7.757352293340E-02 -1.232130771403E-06 -6.490919314264E-03  7.334337824852E-20 -3.024178881178E-20  4.925025791694E-20 -1.387179935649E-03
  2.766275252132E+02  2.798369380914E+02  1.704483735105E+01 -4.288868681498E-14 -7.998384854274E-02  2.923793125635E+02  4.483103097717E-01  4.945606954239E-01 -3.576038253543E-01 -4.249020421824E-03 -1.307454761766E+00  2.317372638155E+00 -2.645028895002E-03 -2.816797980638E-02  3.081300870133E-02 -2.207895780152E-02  1.548971125159E-03  1.249639657051E-06  7.803130622232E-07 -7.741830763314E-07  7.447628419577E-02 -1.249639678549E-06 -5.266775359905E-03  1.058032448607E-19  1.401338033155E-20  2.458245584270E-20 -1.360027635989E-03
  2.830463509696E+02  2.863520462341E+02  1.707420090156E+01 -3.809777464568E-14 -8.200784940332E-02  2.933708596409E+02  4.479665197198E-01  4.927096931641E-01 -3.564418719469E-01 -4.076432887490E-03 -1.342285272836E+00  2.313449369754E+00 -3.446295575087E-03 -2.594096570594E-02  2.938726128065E-02 -2.140076176081E-02  1.162129288215E-03 -6.032054664577E-06  2.337690678585E-06 -7.650399425876E-06  7.105003424959E-02  6.032054694311E-06 -4.128479124721E-03  1.491470135583E-19 -2.864590014019E-20  4.973778576799E-20 -1.322446491083E-03
  2.896577414987E+02  2.930626076211E+02  1.710351337782E+01 -2.946573309422E-14 -8.339017096227E-02  2.943559243405E+02  4.475131540142E-01  4.901396608330E-01 -3.550892308802E-01 -3.669544143679E-03 -1.367137513415E+00  2.310787285384E+00 -4.267270059651E-03 -2.355379500778E-02  2.782106506740E-02 -2.107396387257E-02  8.621762512530E-04 -5.528636011371E-06  5.603051961979E-06 -5.217309831798E-06  6.806982442468E-02  5.528636132355E-06 -2.185998316616E-03  1.661187748537E-19 -4.884949525710E-21  2.107594625981E-20 -1.300876572469E-03
  2.964674737436E+02  2.999744858498E+02  1.713215601416E+01 -2.458753455466E-14 -8.384898613966E-02  2.953184640954E+02  4.472674298699E-01  4.872334228686E-01 -3.534669177598E-01 -3.308019472987E-03 -1.377067596182E+00  2.314175129480E+00 -5.044259141362E-03 -2.117461343425E-02  2.621887257618E-02 -2.061844166190E-02  4.497973451871E-04 -1.496066572281E-06  8.270617667096E-06 -9.815552302771E-06  6.634977774779E-02  1.496066691218E-06  3.512532804426E-04  7.285980172043E-20  3.317340327616E-20  3.447509972711E-20 -1.295944055659E-03
  3.034814979559E+02  3.070937204253E+02  1.716170816315E+01 -2.611137984073E-14 -8.305901026744E-02  2.963111656699E+02  4.471301922585E-01  4.838953533736E-01 -3.517154513504E-01 -2.857164433686E-03 -1.366457189311E+00  2.316626303487E+00 -5.954654121357E-03 -1.876126911465E-02  2.471592323677E-02 -2.086228781992E-02  3.734509503979E-05  3.278153700738E-07  8.827224078176E-06 -2.361006355874E-05  6.398448298192E-02 -3.278153376431E-07  1.536518881891E-03  8.072970341583E-20 -3.894411232876E-21  4.584975291766E-20 -1.279919600761E-03
  3.107059428946E+02  3.144265320380E+02  1.718994009751E+01 -3.112768549862E-14 -8.241697008793E-02  2.972617034042E+02  4.469695077005E-01  4.814193578492E-01 -3.498462918151E-01 -2.304415170917E-03 -1.357945057548E+00  2.324229789280E+00 -6.952068546523E-03 -1.637262727044E-02  2.332469581753E-02 -2.013443378446E-02 -8.499691577352E-05  5.851130065381E-06  7.174310617118E-06 -2.538120662136E-05  6.130312363829E-02 -5.851130078099E-06  1.873518231385E-03  1.083889569114E-19 -3.233199611409E-20  1.131980130840E-20 -1.264166198969E-03
  3.181471211814E+02  3.219793279992E+02  1.721871325702E+01 -3.799202387874E-14 -8.126702553698E-02  2.982328895337E+02  4.468208514561E-01  4.780183478051E-01 -3.476331509418E-01 -1.719337916078E-03 -1.342348454789E+00  2.332920165173E+00 -7.625000997752E-03 -1.395589838604E-02  2.158089938388E-02 -2.012096345259E-02 -3.214688956866E-04  4.558374326954E-06  6.084007578470E-06 -1.988409203230E-05  5.809746294488E-02 -4.558374333825E-06  3.875729891648E-03  7.780155073900E-20 -3.212743353989E-20  1.989914543457E-20 -1.217989743221E-03
  3.258115348169E+02  3.297587078391E+02  1.724558880043E+01 -4.068801430039E-14 -7.868012366481E-02  2.991428125823E+02  4.466438231333E-01  4.718829439495E-01 -3.451624469148E-01 -1.047848650182E-03 -1.303125194515E+00  2.343661252555E+00 -8.308168750483E-03 -1.161073156084E-02  1.991890031102E-02 -1.880693823259E-02 -1.003735552802E-03 -3.192552240100E-06  7.248512417780E-06 -1.342224025656E-05  5.467071398361E-02  3.192552298544E-06  7.361359176419E-03  1.238112254176E-19  1.918452233670E-20 -2.691398851726E-21 -1.172657751647E-03
  3.337058808614E+02  3.377714690743E+02  1.727269241577E+01 -4.206835747811E-14 -7.399892527429E-02  3.000601151752E+02  4.464699487265E-01  4.661717676107E-01 -3.423360819126E-01 -3.404760866754E-04 -1.226210700334E+00  2.357259841253E+00 -9.024892231213E-03 -9.237903597644E-03  1.826279582854E-02 -1.873663472969E-02 -1.762390216111E-03 -3.347983630734E-06  1.005573807960E-05 -5.958825324101E-06  5.196878430146E-02  3.347983623478E-06  1.024873639931E-02  9.041850701102E-20  7.217590284849E-21  4.806464129235E-21 -1.152989267900E-03
  3.418370572872E+02  3.460246131465E+02  1.729845723720E+01 -4.878464183548E-14 -6.827708016714E-02  3.009333942528E+02  4.462936367017E-01  4.603060399514E-01 -3.393543131568E-01  2.912267162707E-04 -1.132372311911E+00  2.368126250944E+00 -9.911839517119E-03 -6.719447321507E-03  1.663128683883E-02 -1.822111644824E-02 -2.109610746217E-03 -1.329397105951E-05  1.139316336959E-05  1.000328593225E-06  5.046932843944E-02  1.329397106669E-05  1.085522360299E-02  1.238810781387E-19 -2.606122468809E-20 -9.050000097376E-22 -1.143726952474E-03
  3.502121690058E+02  3.545253515409E+02  1.732557070197E+01 -5.622546814706E-14 -6.264580485454E-02  3.018546544728E+02  4.460081653130E-01  4.570712461393E-01 -3.358729892156E-01  9.717591221373E-04 -1.039432547390E+00  2.382293886294E+00 -1.053233754452E-02 -4.588858675981E-03  1.512119622000E-02 -1.842394471569E-02 -1.906574574592E-03 -1.785387636272E-05  1.099184347956E-05  8.362661044438E-07  4.944476446563E-02  1.785387633124E-05  1.164633462970E-02  1.435763582487E-19  6.199281565678E-21 -2.518296349535E-20 -1.140216253827E-03
  3.588385340760E+02  3.632811120872E+02  1.735180382937E+01 -6.058596679903E-14 -5.572316648162E-02  3.027422069900E+02  4.453940988359E-01  4.520620849148E-01 -3.321872506824E-01  1.781370097132E-03 -9.233774345638E-01  2.395768646347E+00 -1.128391417347E-02 -2.232745379692E-03  1.351665955232E-02 -1.812851905498E-02 -2.640131037515E-03 -1.852258877959E-05  1.231699264943E-05 -8.670377023816E-07  4.718226490126E-02  1.852258886273E-05  1.234986922372E-02  7.354839405888E-20  1.865367881765E-20 -5.032897372445E-21 -1.137214119819E-03
  3.677236900983E+02  3.722995454498E+02  1.737798304060E+01 -6.291471568258E-14 -4.893439728591E-02  3.036282674886E+02  4.441132567624E-01  4.464259020976E-01 -3.279237155357E-01  2.630933720235E-03 -8.076788200753E-01  2.421882404953E+00 -1.222458273930E-02  2.008708242004E-04  1.202371191409E-02 -1.821211609413E-02 -2.483497609597E-03 -3.831638394369E-06  1.608507636560E-05  4.047120756827E-06  4.831168153290E-02  3.831638376112E-06  1.510280608865E-02  1.026603977600E-19 -2.190249672349E-20  5.021806124822E-21 -1.173668410468E-03
  3.768754008012E+02  3.815885318133E+02  1.740708136860E+01 -6.552863518009E-14 -3.844872510707E-02  3.046108135483E+02  4.424438697521E-01  4.397119604554E-01 -3.233262460731E-01  3.451355914433E-03 -6.285031928192E-01  2.452137992887E+00 -1.315769801832E-02  2.907970930698E-03  1.024972708739E-02 -1.944650264245E-02 -4.005322188238E-03 -4.028480096870E-06  2.284013323002E-05  1.000636488556E-06  4.921624366954E-02  4.028480119913E-06  1.721801243255E-02  1.107384335306E-19 -1.660060746042E-20 -3.436765703996E-21 -1.215069311374E-03
  3.863016628253E+02  3.911561877677E+02  1.743600997301E+01 -6.597499225177E-14 -2.865281611853E-02  3.055918058012E+02  4.405484614628E-01  4.333280423861E-01 -3.183000591833E-01  4.350223252681E-03 -4.600596503480E-01  2.483237590137E+00 -1.365096463471E-02  4.937698847050E-03  8.713265787679E-03 -1.939900037819E-02 -3.821907111419E-03  4.828344997552E-06  2.969028062319E-05 -2.200957814915E-06  5.026076124140E-02 -4.828344955418E-06  1.706670570281E-02  8.360442269243E-20 -1.777054985250E-20  2.392695380457E-20 -1.239119577334E-03
  3.960107127100E+02  4.010108734007E+02  1.746811456764E+01 -6.544011975825E-14 -1.773604437669E-02  3.066856045925E+02  4.385977083854E-01  4.303912078345E-01 -3.126329374296E-01  5.073929844423E-03 -2.708821135763E-01  2.509825570041E+00 -1.415693488383E-02  7.116472920228E-03  7.040461963579E-03 -2.044717072136E-02 -4.145796214003E-03 -2.255260691720E-06  3.230049630912E-05  5.371100590350E-06  5.237504846253E-02  2.255260769123E-06  1.800187189055E-02  4.813563172583E-20 -2.047130538318E-20 -3.646979777202E-21 -1.283354458898E-03
  4.060110340913E+02  4.111611996027E+02  1.750148305274E+01 -7.115336676337E-14 -6.150460961440E-03  3.078243747140E+02  4.361673998481E-01  4.251178866805E-01 -3.069034870361E-01  6.201107553314E-03 -7.089299516680E-02  2.533788771827E+00 -1.502603114392E-02  9.389112548411E-03  5.636918595518E-03 -2.065071307451E-02 -4.442386288692E-03 -5.392280222635E-06  3.018380634326E-05  8.181410507219E-06  5.427355651793E-02  5.392280128003E-06  1.750632482497E-02  8.172929635783E-20  2.755438203846E-20 -2.245716587545E-20 -1.319940630263E-03
  4.163113651141E+02  4.216160355908E+02  1.753797959607E+01 -7.982388477064E-14  4.788904331287E-03  3.090777524435E+02  4.326925524928E-01  4.235949633745E-01 -3.009132436624E-01  6.794264755785E-03  1.171150695933E-01  2.571215104953E+00 -1.573452307520E-02  1.187332550203E-02  3.861197572675E-03 -2.158429816641E-02 -4.258522998893E-03 -6.551580409524E-06  2.531380326184E-05  3.290776636262E-06  5.550172770500E-02  6.551580335139E-06  1.524931953182E-02  1.044003300526E-19 -2.544045463144E-20 -2.711631013285E-20 -1.352894035443E-03
  4.269207060675E+02  4.323845166585E+02  1.757509105268E+01 -8.363872788797E-14  1.403519133811E-02  3.103512964259E+02  4.286158819953E-01  4.203785463633E-01 -2.946334739981E-01  7.897639311719E-03  2.741951851118E-01  2.601498130985E+00 -1.643992164221E-02  1.442464223465E-02  2.015279407893E-03 -2.156732691453E-02 -3.984917995056E-03 -1.178354839337E-05  1.869449548447E-05 -7.835407137886E-07  5.405625969160E-02  1.178354835902E-05  1.241200178186E-02  6.712165554450E-20  2.546983087720E-22 -1.907058922436E-20 -1.337887028625E-03
  4.378483272495E+02  4.434760521583E+02  1.761182995246E+01 -8.565616965717E-14  2.168157578342E-02  3.116146283444E+02  4.241172542050E-01  4.177013821119E-01 -2.882293929267E-01  8.698825198687E-03  4.060591333110E-01  2.635172017606E+00 -1.715366399430E-02  1.657028813260E-02  5.833758610272E-04 -2.139996705603E-02 -3.052367405567E-03 -1.841483308215E-05  1.109052003345E-05 -5.801864923376E-06  5.355396452616E-02  1.841483314298E-05  1.160394557481E-02  6.788170451792E-20 -2.227067717373E-20 -5.117193409374E-21 -1.364791276756E-03
  4.491037770670E+02  4.549003337230E+02  1.765041887338E+01 -9.115332562833E-14  3.033915179756E-02  3.129465072072E+02  4.192756713034E-01  4.124067020738E-01 -2.818039473930E-01  1.002743071581E-02  5.576494125103E-01  2.681372174406E+00 -1.767216108074E-02  1.855336521388E-02 -8.812041332922E-04 -2.237157595939E-02 -3.461364451047E-03 -6.271224318242E-06  6.695194867650E-06  1.515205526311E-07  5.391933517095E-02  6.271224243414E-06  8.796320594844E-03  6.877515752548E-20 -4.022395607277E-21 -2.439205230031E-20 -1.421874430470E-03
  4.606968903790E+02  4.666673437347E+02  1.768994960893E+01 -9.428299229305E-14  3.447754762592E-02  3.143088004945E+02  4.136820098956E-01  4.038442998057E-01 -2.751944893069E-01  1.086299691291E-02  6.319990658229E-01  2.725035268083E+00 -1.795279569547E-02  2.064620968936E-02 -2.693413994238E-03 -2.294045884704E-02 -1.709210664262E-03  1.556209880882E-06  4.956675378133E-06  2.003734795092E-06  5.338824307322E-02 -1.556209873278E-06  5.859293316480E-03  8.225812086870E-20 -2.548694183567E-20 -3.248830601081E-20 -1.432017893796E-03
  4.726377970904E+02  4.787873640468E+02  1.773015281804E+01 -9.194947002874E-14  3.913396058483E-02  3.156936265903E+02  4.069386365509E-01  3.984583855777E-01 -2.687570193525E-01  1.196596928404E-02  7.154665884982E-01  2.766809815517E+00 -1.801404735999E-02  2.225852356779E-02 -4.244476208723E-03 -2.320960415284E-02 -1.638116314988E-03  5.980342419764E-06  2.339192372304E-06  4.298339942179E-06  5.530868889599E-02 -5.980342443598E-06  3.473826395301E-03  4.707406477967E-20 -5.414915334115E-21 -4.591020297362E-21 -1.496827142109E-03
  4.849369310031E+02  4.912709849682E+02  1.777500622974E+01 -8.100607222043E-14  3.983069816060E-02  3.172478950189E+02  3.995337551173E-01  3.943914486457E-01 -2.615557888864E-01  1.252123056768E-02  7.259699485796E-01  2.813966831487E+00 -1.869251904229E-02  2.457560086816E-02 -5.883081825031E-03 -2.480093725116E-02 -2.680252328452E-04  6.315530244087E-06  7.025611638291E-07  1.768043920492E-07  5.664470502922E-02 -6.315530054585E-06 -1.002539638234E-03  8.272067118466E-20 -1.022008997380E-20 -1.681885251041E-20 -1.544798585968E-03
  4.976050389332E+02  5.041291145172E+02  1.781981947368E+01 -5.887326852879E-14  3.757092911662E-02  3.188042148467E+02  3.915948355474E-01  3.840847696075E-01 -2.546329720492E-01  1.355015700976E-02  6.805485868165E-01  2.859934823860E+00 -1.906999596100E-02  2.622934372957E-02 -7.159347768986E-03 -2.449848236447E-02  5.999903392118E-04  1.083802650507E-06  1.838453715850E-06  8.189830202210E-06  5.633097057275E-02 -1.083802682493E-06 -4.388514539304E-03  7.902696089902E-20 -5.544277482744E-21 -1.760058310661E-20 -1.552735464774E-03
  5.106531901012E+02  5.173729879527E+02  1.786682595226E+01 -4.243372782782E-14  3.269760595158E-02  3.204415886062E+02  3.827733083129E-01  3.745358907014E-01 -2.472063868181E-01  1.433100864254E-02  5.892364824744E-01  2.926591509776E+00 -1.975004205743E-02  2.851179864159E-02 -8.761756584021E-03 -2.520685895481E-02  1.536425183351E-03 -1.518656867621E-06  2.555968087200E-06  1.533935627602E-05  5.639441927833E-02  1.518656987288E-06 -6.544924773942E-03  8.074168440732E-20 -1.101734251711E-20 -1.339416773830E-20 -1.580579802977E-03
  5.240927858042E+02  5.310141775913E+02  1.791448351902E+01 -3.477652425291E-14  2.658489682088E-02  3.221137864448E+02  3.736699526857E-01  3.664129197956E-01 -2.399576439666E-01  1.515691730844E-02  4.748415614157E-01  2.972052350248E+00 -2.044679982604E-02  2.996380708994E-02 -9.517007263369E-03 -2.516714973858E-02  1.934933814433E-03 -7.088756955245E-06  4.387856248863E-06  1.176316279104E-05  5.718142507996E-02  7.088757036763E-06 -5.157795353873E-03  4.669726256522E-20 -1.857034666686E-20  4.665025483518E-21 -1.563282513522E-03
  5.379355693784E+02  5.450646029190E+02  1.796571613556E+01 -2.549562644338E-14  2.378525268876E-02  3.239147497226E+02  3.649712789656E-01  3.602954173414E-01 -2.319290088592E-01  1.618465941185E-02  4.200061779515E-01  3.035842925550E+00 -2.058111408780E-02  3.140504385450E-02 -1.082392976694E-02 -2.519962653469E-02  1.145558716656E-03 -1.582694138574E-06  1.095572577895E-05  1.668269090317E-06  5.646125558707E-02  1.582694227896E-06 -3.620714112442E-03  8.524734969351E-20 -4.645414824580E-21 -6.920137296625E-20 -1.573925585592E-03
  5.521936364597E+02  5.595365410066E+02  1.801512326517E+01 -1.552805800609E-14  2.012780070577E-02  3.256527061463E+02  3.567459446526E-01  3.571557357021E-01 -2.242290879419E-01  1.700791393071E-02  3.528262542052E-01  3.118415391227E+00 -2.060040461566E-02  3.309657259535E-02 -1.249616797854E-02 -2.557898647220E-02  1.277937668973E-03 -1.614700363804E-06  1.440471580774E-05  1.961553250256E-06  5.704129906755E-02  1.614700362098E-06 -4.616592594780E-03  5.521082397931E-20 -6.867014201941E-21 -4.604766871839E-20 -1.670436632621E-03
  5.668794455535E+02  5.743794455535E+02  1.807044727031E+01 -7.828663643276E-15  1.530466354807E-02  3.275907409768E+02  3.493072437563E-01  3.542485522376E-01 -2.152934734482E-01  1.809519353126E-02  2.719116526385E-01  3.177074317618E+00 -2.039504764862E-02  3.412686603693E-02 -1.373181838789E-02 -2.775023620096E-02  1.685967909034E-03 -1.535338329056E-06  1.052624365136E-05  1.012971129043E-05  6.034920802152E-02  1.535338447756E-06 -6.772822069656E-03  7.411906655655E-20 -2.419412834277E-20 -1.819650022267E-20 -1.784922986712E-03
  5.818794455535E+02  5.893794455535E+02  1.812826841251E+01 -3.880406412859E-15  7.425314204142E-03  3.296322542798E+02  3.424556773190E-01  3.492788228095E-01 -2.075732565167E-01  1.871565919210E-02  1.416725260186E-01  3.140719067027E+00 -2.006143556360E-02  3.350431047985E-02 -1.344287491621E-02 -2.855619574810E-02  2.563744314391E-03 -6.389489726857E-06  8.273385096488E-06  9.033122136299E-06  6.149788908084E-02  6.389489736465E-06 -1.004980120433E-02  9.252557242028E-20 -1.648003859414E-20 -2.946632075135E-20 -1.785110239903E-03
  5.968794455535E+02  6.043794455535E+02  1.818574383528E+01 -5.200465058586E-15 -3.541856857397E-03  3.316705563663E+02  3.357016582902E-01  3.465946240127E-01 -1.992368947153E-01  1.930446293748E-02 -4.698731437754E-02  3.091606633256E+00 -1.919182213218E-02  3.251252630926E-02 -1.332070417762E-02 -2.851589577931E-02  4.022171678747E-03 -4.537638205839E-06  1.085057124515E-05  1.043909029495E-05  6.246359915374E-02  4.537638271581E-06 -8.989215403786E-03  7.957129239806E-20 -5.483265122704E-21  1.780018894384E-20 -1.769307508901E-03
  6.118794455535E+02  6.193794455535E+02  1.824532233296E+01 -4.320813383011E-15 -9.405584637757E-03  3.337933679106E+02  3.287745004638E-01  3.446598058320E-01 -1.917369587413E-01  1.992992589639E-02 -1.458185015713E-01  3.057640436940E+00 -1.853753958026E-02  3.209709555480E-02 -1.355955597518E-02 -2.836227568928E-02  2.627687687131E-03 -3.918837803325E-06  1.467327970803E-05  8.357059862372E-07  6.309834285417E-02  3.918837761896E-06 -4.174921780169E-03  5.370769210055E-20 -4.953558363886E-21  3.241431794253E-21 -1.760849540310E-03
  6.268794455535E+02  6.343794455535E+02  1.830400697988E+01 -1.556858808538E-15 -1.133446347076E-02  3.358977012355E+02  3.214470309994E-01  3.422252143741E-01 -1.836049952179E-01  2.033165739449E-02 -1.796584264112E-01  3.028521762894E+00 -1.795386364298E-02  3.143890769402E-02 -1.348504405107E-02 -2.814199075503E-02  1.112870391242E-03  7.276519169808E-08  1.373214085514E-05 -3.446221261062E-06  6.540187654318E-02 -7.276523573814E-08 -1.956771425265E-03  5.120518953663E-20 -1.346622518973E-20  6.589362186241E-21 -1.805967412710E-03
  6.418794455535E+02  6.493794455535E+02  1.836796617377E+01 -1.520516351716E-15 -1.306176059595E-02  3.382004193664E+02  3.127167522077E-01  3.340636023627E-01 -1.759128037508E-01  2.087687451580E-02 -2.078777832125E-01  3.005196368410E+00 -1.735799449613E-02  3.078121736134E-02 -1.342322286508E-02 -2.937341699998E-02  8.831532735932E-04 -1.710786803252E-06  1.059313324814E-05 -1.474829817238E-05  6.689345651757E-02  1.710786797578E-06 -4.775688055073E-04  4.689130984383E-20 -2.304156012900E-20 -1.760643584105E-20 -1.813164589571E-03
  6.568794455535E+02  6.643794455535E+02  1.842944603319E+01  2.579036521381E-16 -1.224599565164E-02  3.404251174777E+02  3.030155983908E-01  3.232701782365E-01 -1.678063815071E-01  2.077295395991E-02 -1.969079276252E-01  2.974950013634E+00 -1.708975860462E-02  3.040416860513E-02 -1.331441000039E-02 -2.860493600196E-02 -4.629176799175E-04  9.307750995791E-07  1.283440766655E-05 -1.237880354547E-05  6.722033750802E-02 -9.307750681458E-07  3.695566065284E-03  8.219671228488E-20 -2.140451477200E-20 -3.462204785259E-20 -1.802685043924E-03
  6.718794455535E+02  6.793794455535E+02  1.849401021600E+01  4.382711786081E-15 -6.164788531539E-03  3.427729841967E+02  2.929613000439E-01  3.133229431907E-01 -1.600659890438E-01  2.116751792549E-02 -9.000617854622E-02  2.936909445727E+00 -1.656550001518E-02  2.920834626188E-02 -1.264284624614E-02 -2.889132273544E-02 -2.467363389140E-03  1.097087605436E-05  1.628153271368E-05 -1.193445542654E-05  6.810555566230E-02 -1.097087600749E-05  3.340463907255E-03  7.033417118478E-20 -2.529813029527E-20 -2.088131177670E-20 -1.758952989701E-03
  6.868794455535E+02  6.943794455535E+02  1.855711784797E+01  5.203448782964E-15 -5.954364285557E-03  3.450821867529E+02  2.825734610199E-01  2.996967805778E-01 -1.528425459935E-01  2.111083747204E-02 -9.222036740037E-02  2.890772707948E+00 -1.679370498734E-02  2.896168585778E-02 -1.216798087055E-02 -2.732289085666E-02 -1.510020785558E-03  4.734010656837E-06  1.863589682259E-05 -1.207797813113E-05  6.500404536298E-02 -4.734010661802E-06  2.864233968504E-03  3.230499107938E-20 -6.897685430061E-21 -1.006532786350E-20 -1.644828704702E-03
  7.018794455535E+02  7.093794455535E+02  1.861584493138E+01 -1.443203195839E-15 -6.997760902933E-04  3.472343414458E+02  2.720962403946E-01  2.839479266731E-01 -1.454398790545E-01  2.184627211095E-02  1.206342835345E-03  2.823593922219E+00 -1.640831131961E-02  2.783564306184E-02 -1.142733174264E-02 -2.504917360078E-02 -2.085738543722E-03 -2.309446024087E-06  2.175265600849E-05 -1.780690692191E-05  5.981356357025E-02  2.309445910845E-06  4.685670370791E-03  5.916889552429E-20 -1.777249242617E-20 -4.588099423468E-20 -1.503493807424E-03
  7.168794455535E+02  7.243794455535E+02  1.866925882420E+01 -7.902171972329E-15  2.860655054752E-03  3.491896059571E+02  2.617328822072E-01  2.743423446883E-01 -1.386558111343E-01  2.170514329865E-02  6.429215321119E-02  2.765390200427E+00 -1.602681240700E-02  2.707348226691E-02 -1.104666985993E-02 -2.301442262687E-02 -1.387272404581E-03 -1.133529297835E-05  2.254127023903E-05 -8.578805338520E-06  5.435043024880E-02  1.133529296755E-05  6.704455428568E-03  8.101038165798E-20  1.686552542795E-21 -2.195034739136E-20 -1.372146687296E-03
  7.318794455535E+02  7.393794455535E+02  1.871774925577E+01 -1.055290924090E-14  1.182473905130E-02  3.509631985186E+02  2.517414522060E-01  2.689178728601E-01 -1.313248825557E-01  2.192965059330E-02  2.297695564802E-01  2.708402011164E+00 -1.560392172131E-02  2.624142411210E-02 -1.063750239055E-02 -2.119955128634E-02 -2.535829016128E-03 -2.412872461405E-05  1.970682418731E-05 -4.897041397762E-06  5.223927355347E-02  2.412872463640E-05  5.761761742768E-03  3.148850493745E-20 -1.897969541099E-20 -1.093627652642E-21 -1.304668347527E-03
  7.468794455535E+02  7.543794455535E+02  1.876721506054E+01 -1.074789215960E-14  1.358920923945E-02  3.527817175814E+02  2.421246767735E-01  2.637394693016E-01 -1.247510681495E-01  2.148981530234E-02  2.608443307946E-01  2.677693882198E+00 -1.521819511352E-02  2.562953601037E-02 -1.041134089703E-02 -2.096228847206E-02 -1.355466442649E-03 -1.374454125582E-05  1.510166595176E-05 -4.570197530131E-06  5.287523481758E-02  1.374454127265E-05  4.182730785271E-03  4.792378365547E-20 -9.211743111848E-21 -1.297856611458E-20 -1.322450009774E-03
  7.618794455535E+02  7.693794455535E+02  1.881692460273E+01 -7.182358874314E-15  1.957685299684E-02  3.546150599893E+02  2.327887635042E-01  2.588407543819E-01 -1.171632029274E-01  2.089926725517E-02  3.723947573160E-01  2.637976698062E+00 -1.474226212884E-02  2.483664433417E-02 -1.009438220537E-02 -2.109393052355E-02 -1.978828110627E-03 -1.044617106986E-05  1.023136311684E-05  7.231274150257E-06  5.327364222681E-02  1.044617103057E-05  5.204503858106E-03  5.165285020822E-20 -1.925612285352E-20 -2.028052505228E-20 -1.299062578236E-03
  7.768794455535E+02  7.843794455535E+02  1.886710498087E+01 -1.739813732896E-15  2.330506067740E-02  3.564762275578E+02  2.235152679272E-01  2.534725767722E-01 -1.103860160924E-01  2.005136807295E-02  4.391337718790E-01  2.581956109107E+00 -1.422459761347E-02  2.384005688133E-02 -9.615459267647E-03 -2.044888998785E-02 -1.372308403290E-03 -1.454621438613E-06  5.632270859761E-06  1.374022147219E-05  5.233820227850E-02  1.454621449652E-06  4.636666636114E-03  4.052502739171E-20 -5.574720729785E-21 -2.585233452793E-20 -1.246796715569E-03
  7.918794455535E+02  7.993794455535E+02  1.891502633162E+01  6.286667367239E-15  2.830481071633E-02  3.582535363367E+02  2.145938760808E-01  2.435520212161E-01 -1.029986046973E-01  1.854727251360E-02  5.339251950926E-01  2.509485009349E+00 -1.369538092384E-02  2.258363123549E-02 -8.888250311429E-03 -1.927628019320E-02 -1.792031893654E-03  1.887993390566E-06  2.497304646476E-06  9.357519628765E-06  4.736812625818E-02 -1.887993268755E-06  6.156516610658E-03  4.495420299715E-21 -3.347688306317E-20 -3.182346018841E-20 -1.132079416771E-03
  8.068794455535E+02  8.143794455535E+02  1.895588506951E+01  1.404050255690E-14  3.488441519125E-02  3.597762031254E+02  2.061636986305E-01  2.354385331755E-01 -9.616452940539E-02  1.731936163466E-02  6.584731958329E-01  2.456366048944E+00 -1.327118120611E-02  2.138558883741E-02 -8.114407631423E-03 -1.681508673305E-02 -1.682101876218E-03  5.950551230188E-06  4.138166402513E-06  3.771388834793E-06  4.377293888561E-02 -5.950551182474E-06  4.297864980825E-03  3.304411928834E-20 -2.193103743172E-20 -3.022405388700E-20 -1.017965374858E-03
  8.218794455535E+02  8.293794455535E+02  1.899710191371E+01  1.624547545098E-14  3.635611405801E-02  3.613217062039E+02  1.975611626549E-01  2.292731833817E-01 -8.858512710131E-02  1.556050388293E-02  6.856738982285E-01  2.410076657027E+00 -1.244725819836E-02  2.023302823783E-02 -7.785770039719E-03 -1.590923357947E-02 -6.413724296381E-04  5.317129256250E-06  7.146753219713E-06  2.372729921121E-06  4.100094262462E-02 -5.317129231349E-06  9.365008956242E-04  2.751864293874E-20 -1.843897567367E-20 -1.903573288033E-20 -9.376632897725E-04
  8.368794455535E+02  8.443794455535E+02  1.903278063431E+01  2.010679499056E-14  3.662208888015E-02  3.626554719637E+02  1.878513326577E-01  2.243609582462E-01 -8.116425632524E-02  1.402301236043E-02  6.910921323978E-01  2.350472912176E+00 -1.213525682133E-02  1.954247714188E-02 -7.407220320510E-03 -1.408869858328E-02  8.056658436641E-05  5.098206873399E-06  9.035321420610E-06  4.222419380767E-06  3.885284428612E-02 -5.098206851668E-06 -2.424050732593E-03  4.077577993087E-20 -2.937880139823E-20 -2.287529331291E-20 -8.680406882891E-04
  8.518794455535E+02  8.593794455535E+02  1.906996770092E+01  2.866334513490E-14  3.179983991028E-02  3.640529668357E+02  1.767965262096E-01  2.150125950190E-01 -7.356819834348E-02  1.189451405206E-02  6.018489279802E-01  2.328471176703E+00 -1.214950134300E-02  1.932983506723E-02 -7.180333724278E-03 -1.380678089596E-02  1.587848497864E-03  4.967001037757E-06  9.172124278935E-06  4.776151754025E-06  3.880976346784E-02 -4.967001005968E-06 -8.653116401526E-03  1.565667465385E-20 -1.499626395691E-20 -2.425163663527E-20 -8.502921309436E-04
  8.668794455535E+02  8.743794455535E+02  1.910556863088E+01  3.313180488064E-14  2.042557442832E-02  3.653915468594E+02  1.645811301793E-01  2.089767489110E-01 -6.591558913772E-02  1.020784323163E-02  3.896121472779E-01  2.291981102080E+00 -1.180985667628E-02  1.906108491600E-02 -7.251228239732E-03 -1.336686239717E-02  3.418088867305E-03  6.024597797046E-06  7.794026550640E-06  1.495689925024E-05  3.828548912450E-02 -6.024597915851E-06 -1.310108749402E-02  3.889266886753E-20 -2.102305496208E-20 -2.187821811322E-20 -8.310579521017E-04
  8.818794455535E+02  8.893794455535E+02  1.914175613125E+01  3.075725409316E-14  7.279499324060E-03  3.667572026257E+02  1.512849248499E-01  2.050234662300E-01 -5.809552408464E-02  8.273197594480E-03  1.436990078316E-01  2.279061553630E+00 -1.160377749160E-02  1.892763358190E-02 -7.323856090021E-03 -1.332908123110E-02  3.810055811408E-03  5.996110768371E-06  8.298126867981E-06  1.408769086722E-05  3.937937871012E-02 -5.996110752160E-06 -1.153862868352E-02  2.725824728168E-20 -1.897217159813E-20  1.223958418596E-20 -8.364801416247E-04
  8.968794455535E+02  9.043794455535E+02  1.917938976569E+01  2.401113176921E-14 -1.196027996219E-03  3.681806450328E+02  1.370078361274E-01  2.018676892315E-01 -5.046952829922E-02  7.018883060420E-03 -1.460053764914E-02  2.238960415887E+00 -1.181100869984E-02  1.830128582385E-02 -6.490277123848E-03 -1.297455604487E-02  2.854886204676E-03  9.193127505209E-06  8.493023496630E-06  7.116930096296E-06  3.642004466684E-02 -9.193127586211E-06 -1.080170571798E-02  1.465785918087E-20 -2.646709019574E-20 -3.287365931251E-20 -7.439812543928E-04
  9.118794455535E+02  9.193794455535E+02  1.921003017202E+01  1.733400026525E-14 -1.296889125812E-02  3.693406007869E+02  1.219531160566E-01  1.962882113802E-01 -4.279839033228E-02  5.259517520061E-03 -2.373854302188E-01  2.184136508889E+00 -1.123310703285E-02  1.736162023694E-02 -6.128513203887E-03 -1.101831285454E-02  3.209089530222E-03  5.478645112712E-06  8.252346403907E-06 -1.664548982320E-06  3.353801545126E-02 -5.478645138020E-06 -1.012601813313E-02  6.412490661961E-21 -1.835295200751E-20 -2.342442522044E-20 -6.762071756291E-04
  9.268794455535E+02  9.343794455535E+02  1.924227922759E+01  1.668682444826E-14 -2.019088808506E-02  3.705651186917E+02  1.052071121931E-01  1.963798474313E-01 -3.510667034060E-02  3.889983419027E-03 -3.756874586545E-01  2.139305982109E+00 -1.035715296291E-02  1.656922451750E-02 -6.212071554598E-03 -1.071130030314E-02  2.483980650086E-03  3.707012799652E-06  7.598752263855E-06 -6.914232670629E-06  3.299382245202E-02 -3.707012740495E-06 -7.925212040215E-03  1.160440732509E-20 -1.802960042465E-20 -1.849673576415E-20 -6.530103179701E-04
  9.418794455535E+02  9.493794455535E+02  1.927192576134E+01  1.591504509740E-14 -2.785117512824E-02  3.716975398193E+02  8.616148123755E-02  2.021699742751E-01 -2.715060702640E-02  2.375918059284E-03 -5.235271917035E-01  2.132740944726E+00 -1.043061366063E-02  1.620313285960E-02 -5.772519199410E-03 -9.867735555133E-03  2.452538297735E-03  2.481083540210E-06  7.005630852892E-06 -1.713163930537E-07  3.207745492183E-02 -2.481083513359E-06 -9.885958376207E-03  3.881645262281E-21  1.966330585777E-21 -1.687524466117E-20 -5.936401407863E-04
  9.568794455535E+02  9.643794455535E+02  1.930246374011E+01  9.295236979573E-15 -3.872737305510E-02  3.728699100344E+02  6.417855191040E-02  2.096215794989E-01 -1.925328701594E-02  1.236206480312E-03 -7.306346457078E-01  2.152257098309E+00 -9.782567414713E-03  1.582150454046E-02 -6.038937125702E-03 -9.467743553611E-03  2.840947943899E-03  7.118105300628E-06  7.151416448259E-06  1.119025227949E-06  4.017409595305E-02 -7.118105329089E-06 -9.394665870491E-03 -3.474412904561E-21 -6.265881067464E-22 -1.116821930314E-20 -6.664438726323E-04
  9.718794455535E+02  9.793794455535E+02  1.934726360778E+01  1.998417201397E-15 -4.546291933721E-02  3.746010356270E+02  3.907665414608E-02  2.251516600045E-01 -1.120640833291E-02  8.440775843909E-04 -8.623680133760E-01  2.319627529008E+00 -1.069489852245E-02  1.852852960701E-02 -7.833631085011E-03 -1.226878820831E-02  1.937739540358E-03  5.735445945489E-06  5.538319420853E-06 -4.820051850684E-06  5.046386972958E-02 -5.735445945766E-06 -6.790009139788E-03  8.754613854946E-21 -1.043378885748E-20 -4.863140836208E-21 -9.004634127900E-04
  9.868794455535E+02  9.943794455535E+02  1.939707865383E+01 -4.727300817146E-16 -5.145681299190E-02  3.765549464053E+02  8.213595681620E-03  2.631347635354E-01 -3.350781733387E-03  1.837529756751E-04 -9.813810426281E-01  2.178715066928E+00 -1.038424347182E-02  1.420392311005E-02 -3.819679637569E-03 -1.386635983534E-02  1.442519358749E-03  9.906356429797E-07  2.220631384449E-06 -8.450913041615E-06  2.656850706699E-02 -9.906356389577E-07 -3.201270526241E-03  5.496343568446E-21  1.055050498776E-21 -1.646926182117E-20 -3.679140805448E-04
