                   y                  ym                   U                   V                   W                 U^2                 V^2                 W^2                  UV                  VW                  UW                VISC               SFSxx               SFSyy               SFSzz               SFSxy               SFSyz                dUdX                dVdX                dWdX                dUdY                dVdY                dWdY                dUdZ                dVdZ                dWdZ              SFSxym
 -4.000000000000E+00 -2.000000000000E+00  0.000000000000E+00  0.000000000000E+00  0.000000000000E+00  0.000000000000E+00  0.000000000000E+00  0.000000000000E+00  0.000000000000E+00  0.000000000000E+00  0.000000000000E+00  0.000000000000E+00  0.000000000000E+00  0.000000000000E+00  0.000000000000E+00  0.000000000000E+00  0.000000000000E+00  0.000000000000E+00  0.000000000000E+00  0.000000000000E+00  0.000000000000E+00  0.000000000000E+00  0.000000000000E+00  0.000000000000E+00  0.000000000000E+00  0.000000000000E+00  0.000000000000E+00
  2.220446049250E-16  2.000000000000E+00  9.661076090320E+00 -2.093278465784E-14 -1.336404913109E-01  9.707370520074E+01  8.946833875771E-02  1.191266202356E+00 -2.705834867675E-01 -2.567344266870E-03 -1.295660021444E+00  1.870402210356E+00 -4.954602585599E-03  2.094095825848E-02 -1.598635567229E-02 -9.407030315988E+00  9.065506795120E-02 -2.020281700490E-03 -1.892338212793E-04  1.041750327857E-04  4.353329896604E+01  2.020281700234E-03 -5.675779529283E-01 -2.264246342513E-20 -2.206456000056E-22 -2.943208240808E-20 -3.360600794412E-02
  4.000000000000E+00  6.000000000000E+00  1.210594067640E+01 -5.469781788961E-14 -1.506063349313E-01  1.511675123663E+02  3.602942442376E-01  1.307225911923E+00 -5.858912596060E-01 -1.761477803207E-03 -1.845074497477E+00  7.665468723913E+00  5.458864127295E-01 -4.674868950746E-01 -7.839951764477E-02 -2.748858266913E+00 -1.039386852226E-01  4.365978588573E-04 -3.120683409567E-04  7.433801195181E-05  6.352635405425E+00 -4.365978593395E-04 -3.755593711798E-02 -2.083006676280E-22  1.153722091019E-20 -1.531393374122E-20 -1.800060286760E-01
  8.000000000000E+00  1.000000000000E+01  1.283650286685E+01 -6.584973249550E-14 -1.521814908218E-01  1.686042951490E+02  4.591759949378E-01  1.240812698983E+00 -5.631091285808E-01 -1.481199347821E-03 -1.975488315456E+00  8.122863976722E+00  2.694741149228E-01 -6.179206779766E-01  3.484465630539E-01 -1.328736820598E+00 -3.669155475533E-02  4.929725601497E-04 -1.841062182671E-04 -3.452883760882E-05  2.831929631194E+00 -4.929725603746E-04  3.981245022130E-03 -7.657898294684E-20 -1.329278990834E-20  2.243309396592E-20 -8.053964474967E-02
  1.200000000000E+01  1.400000000000E+01  1.352201571454E+01 -5.661819783264E-14 -1.484358877563E-01  1.866085343932E+02  5.162404867438E-01  1.224032481974E+00 -6.132824060809E-01 -7.791234203784E-04 -2.028155351126E+00  8.010353248488E+00  2.559215629780E-01 -5.699574229058E-01  3.140358599332E-01 -1.269899240282E+00 -2.083055435833E-03  3.292765463214E-04 -1.047279867182E-04 -7.555980797440E-05  2.331176300963E+00 -3.292765468663E-04  1.732437421358E-02 -5.062903364814E-20 -2.387781981146E-21  1.524006810667E-20 -6.852065625278E-02
  1.600000000000E+01  1.800000000000E+01  1.400233362872E+01 -3.860829754856E-14 -1.436194403830E-01  1.996174741634E+02  5.595319367028E-01  1.213955250458E+00 -6.115801411434E-01 -8.344001839586E-04 -2.029592183107E+00  7.555275665370E+00  2.109610094294E-01 -5.133185260650E-01  3.023575166319E-01 -9.015984932515E-01 -7.371441508700E-04  2.044701069955E-04 -6.856170643917E-05 -3.187143818970E-06  1.798062081398E+00 -2.044701064840E-04  1.537423022589E-02  8.223308101629E-21  3.182119482038E-20  7.629132264648E-20 -5.198309471812E-02
  2.000000000000E+01  2.200000000000E+01  1.442086373130E+01 -2.244158765069E-14 -1.409268458363E-01  2.114158463327E+02  5.949586102430E-01  1.211717586641E+00 -6.252706487546E-01 -6.382949215735E-04 -2.048828393979E+00  7.266137719499E+00  1.878660153980E-01 -4.704420226089E-01  2.825760072063E-01 -7.747994162332E-01 -1.205917324485E-03  9.521113730412E-05 -3.853218530458E-05 -1.377147947024E-05  1.515387093252E+00 -9.521113885172E-05  1.000007518331E-02 -4.670416846896E-20 -1.836440439105E-20  3.261036005056E-20 -4.387234898348E-02
  2.400000000000E+01  2.600000000000E+01  1.476017957912E+01 -1.117870292860E-14 -1.386521135873E-01  2.212145393901E+02  6.238871091699E-01  1.207584404278E+00 -6.256283644844E-01 -5.306652356784E-04 -2.059143268932E+00  6.939185720239E+00  1.640512530546E-01 -4.311408598606E-01  2.670896068079E-01 -6.283463568760E-01 -1.056065158641E-03  4.665630607495E-05 -2.542783400689E-05 -4.590594471761E-05  1.276419433605E+00 -4.665630547028E-05  8.294077554892E-03  8.703938465915E-21  2.196006280833E-20  1.089624012194E-19 -3.662113789823E-02
  2.800000000000E+01  3.000000000000E+01  1.505907572663E+01  5.080861946449E-15 -1.366603199372E-01  2.300620077071E+02  6.471041979372E-01  1.202713337000E+00 -6.299773508019E-01 -3.281508768533E-04 -2.066388238820E+00  6.672224540941E+00  1.467972082005E-01 -3.989162137211E-01  2.521190055230E-01 -5.471921257311E-01 -1.897012519757E-03  5.279604225396E-05 -1.747991572176E-05  1.345111948928E-07  1.119346812240E+00 -5.279604157897E-05  6.377879038945E-03 -4.547141046073E-20  1.013526876243E-20  1.713946796541E-19 -3.186161704821E-02
  3.200000000000E+01  3.400000000000E+01  1.531986188722E+01  2.475512127463E-14 -1.353610207802E-01  2.379198041676E+02  6.657702658090E-01  1.196213971759E+00 -6.292514506759E-01 -2.601936638002E-04 -2.078311594762E+00  6.421906516784E+00  1.315888323503E-01 -3.710387720274E-01  2.394499396742E-01 -4.737598378579E-01 -1.623623353596E-03  8.970282260335E-05 -6.195138589688E-06  2.264282278812E-05  9.912031602909E-01 -8.970282264064E-05  6.450604464639E-03  2.832116771544E-20 -1.561110331201E-20  9.632188368583E-20 -2.798449893745E-02
  3.600000000000E+01  3.800000000000E+01  1.555486102567E+01  1.948675104381E-14 -1.335494856222E-01  2.451286373031E+02  6.809790051369E-01  1.190063219943E+00 -6.299173681742E-01  2.119931148671E-05 -2.079608682055E+00  6.193134958863E+00  1.202089332930E-01 -3.467565674027E-01  2.265476341133E-01 -4.226327184698E-01 -2.832783903972E-03 -2.089996656413E-05  2.815005292493E-06 -2.959189015803E-05  8.905646096508E-01  2.089996594136E-05  7.734530391433E-03 -3.022637592377E-20  2.993027300994E-21  1.060967304717E-19 -2.496779229694E-02
  4.000000000000E+01  4.200000000000E+01  1.576510038917E+01  2.414956255803E-15 -1.316045711408E-01  2.516677097088E+02  6.930279029847E-01  1.183182177136E+00 -6.284507888202E-01 -5.691886856845E-05 -2.073953990468E+00  5.983336904493E+00  1.091388868754E-01 -3.238827078514E-01  2.147438209768E-01 -3.766519604081E-01 -2.121490130641E-03  2.993422785509E-05  9.345551772056E-06  1.622135532136E-05  8.062729916996E-01 -2.993422902256E-05  6.351756869682E-03 -1.831201756037E-20  1.374102767020E-20  1.270478682502E-19 -2.248385440902E-02
  4.400000000000E+01  4.600000000000E+01  1.595798481917E+01 -2.724692288921E-15 -1.303171568446E-01  2.577459529505E+02  7.020183502802E-01  1.177544664937E+00 -6.275746029297E-01  1.334040181566E-04 -2.077312563115E+00  5.811626155387E+00  1.009238030413E-01 -3.054600738845E-01  2.045362708443E-01 -3.433142941479E-01 -1.650539963429E-03  8.906159435968E-05  1.132632191532E-05  4.564666076694E-05  7.410659400131E-01 -8.906159512061E-05  3.668638493519E-03  9.409383744989E-20 -1.650454799052E-20  1.333598680869E-19 -2.059246039463E-02
  4.800000000000E+01  5.000000000000E+01  1.613569586414E+01  1.408764135439E-14 -1.297021843609E-01  2.634140160044E+02  7.086723659075E-01  1.170714771999E+00 -6.255375363850E-01  2.533719068943E-04 -2.090398987298E+00  5.649767971368E+00  9.433569384538E-02 -2.894914645073E-01  1.951557706667E-01 -3.154148735716E-01 -1.291948448950E-03 -3.402742872296E-06  1.187936057221E-05  1.442001658079E-05  6.887246853633E-01  3.402743193445E-06  2.811027095243E-03  4.190934281445E-20  1.916133248867E-20  1.308702748421E-19 -1.900586074093E-02
  5.200000000000E+01  5.400000000000E+01  1.630222106339E+01  6.582851798387E-14 -1.288775335056E-01  2.687879175202E+02  7.135005267009E-01  1.163188937311E+00 -6.236404853182E-01  3.278777540884E-04 -2.099346560480E+00  5.500166250514E+00  8.726260009037E-02 -2.745122413415E-01  1.872496412490E-01 -2.932929867999E-01 -1.244557060585E-03 -3.782451204100E-05  1.835917621431E-05  5.680293778989E-07  6.462036903690E-01  3.782451101103E-05  2.225781838504E-03  1.190639528965E-19 -1.335257596606E-20  8.915277310770E-20 -1.769600387588E-02
  5.600000000000E+01  5.800000000000E+01  1.645876081025E+01  1.191470724166E-13 -1.285485159250E-01  2.738947579015E+02  7.167559321128E-01  1.155461058628E+00 -6.214976143728E-01  4.532453970465E-04 -2.115897089069E+00  5.366487054443E+00  8.074510665001E-02 -2.618926402429E-01  1.811475335894E-01 -2.730887761083E-01 -1.154094053327E-03  3.446839206338E-05  2.514677018895E-05  3.264792770176E-05  6.068150540088E-01 -3.446839191375E-05  1.010710467367E-03 -6.074535933890E-21  1.700813773128E-20  9.178671361698E-20 -1.647296994359E-02
  6.000000000000E+01  6.200000000000E+01  1.660582699879E+01  1.848894061578E-13 -1.283673666863E-01  2.787387818111E+02  7.190859819815E-01  1.146981626401E+00 -6.191604783237E-01  4.083168563667E-04 -2.132015991352E+00  5.240238688870E+00  7.526521470977E-02 -2.506111086252E-01  1.753458939176E-01 -2.542373327040E-01 -7.395872904339E-04  2.994274182345E-05  2.326506240543E-05  5.330559516889E-05  5.710210249263E-01 -2.994273872985E-05 -2.239884796571E-03  3.420256167478E-20 -3.284727714714E-21  1.982840987962E-19 -1.534565548848E-02
  6.400000000000E+01  6.600000000000E+01  1.674437245822E+01  2.627637592465E-13 -1.296673480776E-01  2.833428993367E+02  7.206502154261E-01  1.139798933615E+00 -6.167919043156E-01  5.029666074389E-04 -2.171188426816E+00  5.118223541985E+00  7.001089822940E-02 -2.391857283839E-01  1.691748301547E-01 -2.366624544165E-01  8.865194449618E-04  3.490332370923E-05  1.743821209769E-05  1.847653533856E-05  5.412737443205E-01 -3.490332559125E-05 -6.818314143893E-03  1.390544805399E-21 -2.273284985005E-20  1.118805590156E-19 -1.437691599823E-02
  6.800000000000E+01  7.000000000000E+01  1.687642131758E+01  3.422912060851E-13 -1.317154798843E-01  2.877659758870E+02  7.213352830009E-01  1.132332883702E+00 -6.142216916685E-01  6.108390707854E-04 -2.221499412456E+00  5.006256801133E+00  6.630787095540E-02 -2.296333765729E-01  1.633255056186E-01 -2.236097381033E-01  1.349635492548E-03 -6.610779855144E-06  1.395240824521E-05  1.675203405560E-05  5.159954733123E-01  6.610783357095E-06 -6.998580581288E-03 -2.766261508509E-21  2.238737806719E-21  9.566681272062E-20 -1.358122976725E-02
  7.200000000000E+01  7.400000000000E+01  1.700227788248E+01  3.755353574405E-13 -1.330570183108E-01  2.920124612901E+02  7.211231137814E-01  1.125047919507E+00 -6.117512002486E-01  6.580762577597E-04 -2.259499510987E+00  4.900211388364E+00  6.254549205697E-02 -2.206652425055E-01  1.581197504455E-01 -2.112981826488E-01  1.037910706815E-03 -2.745040468480E-05  1.661519082728E-05  4.742796976443E-05  4.927470672520E-01  2.745040383255E-05 -4.542739927449E-03  1.289288512818E-20  4.866611745415E-21  1.168245089876E-19 -1.283336192688E-02
  7.600000000000E+01  7.800000000000E+01  1.712279319726E+01  3.506888671239E-13 -1.338813001183E-01  2.961092669463E+02  7.202837633653E-01  1.117769677673E+00 -6.092718319990E-01  6.441096160132E-04 -2.287358926474E+00  4.798960930796E+00  5.932217380892E-02 -2.125462255026E-01  1.532240516940E-01 -1.994649938219E-01  9.571826465619E-04 -4.129693413493E-06  2.304631685262E-05  1.896378828710E-05  4.701933574792E-01  4.129693219334E-06 -2.921784707369E-03  6.840490843003E-20  2.013498769493E-21  1.458312269894E-19 -1.210884336095E-02
  8.000000000000E+01  8.200000000000E+01  1.723749362314E+01  3.308830077697E-13 -1.345387099801E-01  3.000326505657E+02  7.192149301248E-01  1.112608316419E+00 -6.067533989228E-01  5.320962717916E-04 -2.311973326043E+00  4.706655909161E+00  5.642239774490E-02 -2.046418478532E-01  1.482194501115E-01 -1.881302396413E-01  9.970950057959E-04 -1.960849420023E-05  2.588229222158E-05 -1.036545441096E-05  4.490072418610E-01  1.960849497625E-05 -2.789556172672E-03  7.939311338388E-20 -8.018850865374E-21  1.210038818873E-19 -1.146258060044E-02
  8.400000000000E+01  8.600000000000E+01  1.734731515909E+01  3.143499419100E-13 -1.353079596027E-01  3.038158570692E+02  7.180171004489E-01  1.108978237154E+00 -6.041217235665E-01  4.903301366668E-04 -2.338364456153E+00  4.620695810631E+00  5.319309513704E-02 -1.975745318316E-01  1.443814366954E-01 -1.787188749213E-01  9.372626858364E-04  6.497833846780E-07  2.630684961342E-05 -2.203649967249E-05  4.302107660677E-01 -6.497840581247E-07 -2.408987081008E-03  7.561990410288E-20 -1.715987313066E-20  1.322763619509E-19 -1.088316925198E-02
  8.800000000000E+01  9.000000000000E+01  1.745255375024E+01  3.067447287205E-13 -1.356771602043E-01  3.074652860839E+02  7.167747395055E-01  1.107326639713E+00 -6.016276807245E-01  3.809896340575E-04 -2.358081243769E+00  4.538172414971E+00  4.987894872517E-02 -1.906765509895E-01  1.407976022631E-01 -1.695942792181E-01  4.181507561406E-04 -5.743553987159E-06  2.796640105378E-05 -1.798385712481E-06  4.102430584713E-01  5.743553938711E-06 -7.792618985460E-04  7.134061610266E-20  2.693559648354E-20  1.434021610140E-19 -1.029792921746E-02
  9.200000000000E+01  9.400000000000E+01  1.755248482848E+01  3.078064305176E-13 -1.356962085885E-01  3.109505076314E+02  7.155595917430E-01  1.104290102441E+00 -5.989452120102E-01  3.098803436325E-04 -2.371707610172E+00  4.458149862950E+00  4.707593831619E-02 -1.844155887944E-01  1.373396504782E-01 -1.600049205850E-01  1.066275274687E-04 -3.003189047644E-05  2.590195299603E-05  2.224850272554E-05  3.912758265449E-01  3.003189053677E-05 -2.207733098593E-04  1.445192471508E-19  3.005174649945E-20  1.566019314407E-19 -9.755116184750E-03
  9.600000000000E+01  9.800000000000E+01  1.764819142287E+01  3.192034800543E-13 -1.358084020193E-01  3.143074907850E+02  7.143864125494E-01  1.099755885346E+00 -5.963909186426E-01  9.508577436722E-05 -2.386443881142E+00  4.378115777974E+00  4.509126564267E-02 -1.785934494092E-01  1.335021837673E-01 -1.522015599284E-01 -1.207154045751E-04  1.443488821094E-05  2.045270700589E-05 -1.833344987219E-05  3.767869711199E-01 -1.443488762361E-05 -1.098089594087E-04  2.957268772816E-20 -7.480667531406E-21  1.291837014103E-19 -9.292226755324E-03
  1.000000000000E+02  1.020000000000E+02  1.774075273225E+01  3.504739953114E-13 -1.358034573238E-01  3.175747077821E+02  7.131740897984E-01  1.093801925435E+00 -5.936415531941E-01 -7.490496939541E-05 -2.399867678035E+00  4.305977984994E+00  4.317760206583E-02 -1.729688499300E-01  1.297912478661E-01 -1.454184303673E-01 -6.629962908821E-04  5.268080669963E-05  1.654294964899E-05 -4.327048754620E-05  3.635550116952E-01 -5.268080698887E-05  7.355775777183E-04  1.202900954375E-19 -8.994642010503E-21  1.909767532119E-19 -8.879813701964E-03
  1.040000000000E+02  1.060000000000E+02  1.782992615950E+01  3.749826436051E-13 -1.355710203726E-01  3.207382994893E+02  7.118875226422E-01  1.087215582758E+00 -5.909704901261E-01 -3.326318239477E-04 -2.409292849202E+00  4.242275961145E+00  4.162817761816E-02 -1.687130027594E-01  1.270848251416E-01 -1.390660571697E-01 -1.221131198231E-03 -1.079411066397E-05  1.103481529428E-05 -7.699648548500E-06  3.501284010704E-01  1.079411203006E-05  1.924916341230E-03  6.552099483940E-20 -4.393681057173E-20  1.481159141818E-19 -8.493933254055E-03
  1.080000000000E+02  1.100000000000E+02  1.791579999648E+01  3.739770044568E-13 -1.349307172547E-01  3.237983548772E+02  7.107810953900E-01  1.079901748590E+00 -5.882373947942E-01 -6.475840622443E-04 -2.409706473929E+00  4.178738298393E+00  3.906744344546E-02 -1.637199814304E-01  1.246525379858E-01 -1.329111382279E-01 -1.253258550376E-03 -6.043547795854E-05  5.016623725247E-06  1.094182981642E-05  3.387006243331E-01  6.043547782075E-05  3.017084654000E-03  6.645873827677E-20  6.298140656286E-21  1.842150420461E-19 -8.127177819430E-03
  1.120000000000E+02  1.140000000000E+02  1.799916807249E+01  3.699210214767E-13 -1.340574538127E-01  3.267802808383E+02  7.098839529264E-01  1.072373746666E+00 -5.855116246341E-01 -9.325232589781E-04 -2.403779551899E+00  4.115468105737E+00  3.681150415558E-02 -1.584534128961E-01  1.216419087437E-01 -1.275457643324E-01 -1.319706851327E-03 -7.719452530825E-06  2.356712553500E-06 -1.982546328905E-05  3.260082050522E-01  7.719453429341E-06  2.508902710402E-03  1.484889975874E-19  1.449366535835E-20  1.692501283053E-19 -7.782241405801E-03
  1.160000000000E+02  1.180000000000E+02  1.807872777829E+01  3.607146043088E-13 -1.336228919694E-01  3.296382616367E+02  7.090857855489E-01  1.065053317945E+00 -5.827401475236E-01 -1.233622286260E-03 -2.404580687968E+00  4.051371268025E+00  3.494639941457E-02 -1.536945777675E-01  1.187481783567E-01 -1.216433155917E-01 -7.804541361202E-04  2.997588230315E-05 -2.612103939204E-08 -3.143955440166E-05  3.134935285787E-01 -2.997588281841E-05  1.485822390969E-03  1.189483980381E-19 -1.650287438749E-20  1.280095515983E-19 -7.461322152121E-03
  1.200000000000E+02  1.220000000000E+02  1.815591263951E+01  3.482950987806E-13 -1.333247813963E-01  3.324234123604E+02  7.081520337197E-01  1.059721863514E+00 -5.800611840402E-01 -1.648546659487E-03 -2.407452781364E+00  3.993049170887E+00  3.341066974362E-02 -1.496585381974E-01  1.162478684521E-01 -1.168406395737E-01 -9.112688921809E-04  1.300366977016E-05 -3.302296441468E-06 -3.650251955388E-05  3.033884769627E-01 -1.300366969856E-05  2.338678640620E-04  8.227649194664E-20  6.198445152147E-21  1.615836565398E-19 -7.148137097561E-03
  1.240000000000E+02  1.260000000000E+02  1.823040798657E+01  3.417808403193E-13 -1.335909537124E-01  3.351241176154E+02  7.069926375491E-01  1.055254423136E+00 -5.773647554448E-01 -2.002990826657E-03 -2.419870288037E+00  3.936483300964E+00  3.172455625189E-02 -1.458884844288E-01  1.141639281749E-01 -1.119483598799E-01 -5.602480162490E-04 -4.041247494076E-06 -6.405386307854E-06 -1.281023539547E-05  2.935891008456E-01  4.041246443770E-06 -8.785819743991E-04  1.432856251596E-19  1.602117692305E-20  2.057957254904E-19 -6.861228640918E-03
  1.280000000000E+02  1.300000000000E+02  1.830267175120E+01  3.095777054846E-13 -1.338473490484E-01  3.377554393196E+02  7.057421215369E-01  1.050837333535E+00 -5.746097375754E-01 -2.371644442223E-03 -2.431328162165E+00  3.888668110260E+00  3.039510561795E-02 -1.426663306538E-01  1.122712250334E-01 -1.075802183320E-01 -9.205315678778E-04 -1.897374051499E-06 -9.025368681266E-06  7.596732324474E-06  2.846262888184E-01  1.897374334355E-06 -1.825953708662E-03  1.182663075940E-19 -3.067299159386E-20  1.582982632400E-19 -6.604937384540E-03
  1.320000000000E+02  1.340000000000E+02  1.837270760394E+01  2.704611002750E-13 -1.345506618059E-01  3.403128575196E+02  7.046248486250E-01  1.046384738240E+00 -5.719140961719E-01 -2.859279610542E-03 -2.452311115115E+00  3.836750799830E+00  2.930143426424E-02 -1.390373743884E-01  1.097359401248E-01 -1.038206173480E-01 -4.911714753042E-04 -3.363603202396E-06 -9.854161645369E-06  1.408862984580E-05  2.751816943219E-01  3.363602667665E-06 -2.604117708442E-03  8.795749606791E-20  5.811162738708E-21  1.868362301876E-19 -6.354447106542E-03
  1.360000000000E+02  1.380000000000E+02  1.844028312737E+01  2.781475281581E-13 -1.351470816094E-01  3.427874965352E+02  7.036417094113E-01  1.041515160705E+00 -5.692361103775E-01 -3.369805998888E-03 -2.471968130081E+00  3.779767197592E+00  2.826197690568E-02 -1.351519645152E-01  1.068899876084E-01 -9.936243293389E-02  5.605720225645E-05  4.251640112731E-06 -9.315060422062E-06  1.043886562423E-05  2.644849818606E-01 -4.251639560719E-06 -2.102942795819E-03  1.765610626363E-19 -1.075499272720E-20  1.485001938573E-19 -6.061620260160E-03
  1.400000000000E+02  1.420000000000E+02  1.850492574415E+01  3.007329871241E-13 -1.355683069613E-01  3.451647370415E+02  7.026908553704E-01  1.037132753887E+00 -5.665489119155E-01 -3.795083370698E-03 -2.488443022107E+00  3.729518364863E+00  2.728492193132E-02 -1.318574151011E-01  1.045724931680E-01 -9.472477213628E-02 -2.048302908247E-04  1.658037416837E-05 -6.476611297337E-06 -7.491777987946E-06  2.534821986398E-01 -1.658037472373E-05 -2.841617892445E-04  2.240329544436E-19 -1.796857686822E-23  1.266422282292E-19 -5.782509767353E-03
  1.440000000000E+02  1.460000000000E+02  1.856704614138E+01  3.054720469631E-13 -1.353023415157E-01  3.474559073784E+02  7.016528355772E-01  1.032599183770E+00 -5.638905923778E-01 -4.267349758645E-03 -2.491622919607E+00  3.682188877932E+00  2.647978857808E-02 -1.289456238053E-01  1.024658352282E-01 -9.044909473131E-02 -8.636642044074E-04  1.796912846215E-05 -3.378136488421E-06 -1.829296440466E-05  2.446944332861E-01 -1.796912847610E-05  2.150600481524E-03  2.026591751705E-19 -2.952940194866E-21  1.512620570730E-19 -5.547199106483E-03
  1.480000000000E+02  1.500000000000E+02  1.862737820189E+01  3.162632146910E-13 -1.346003320092E-01  3.496874131090E+02  7.004629553296E-01  1.027945494175E+00 -5.612524258894E-01 -4.797520551812E-03 -2.486802941807E+00  3.635345213554E+00  2.560920829189E-02 -1.262372846745E-01  1.006280763838E-01 -8.701143273265E-02 -1.355288834978E-03  1.771983987087E-05 -3.001903704920E-06  5.721719770540E-06  2.383183052089E-01 -1.771984026599E-05  3.431842068379E-03  1.593260622367E-19 -1.080081485352E-20  9.438878172193E-20 -5.342344805847E-03
  1.520000000000E+02  1.540000000000E+02  1.868624332889E+01  3.132425221986E-13 -1.336254549392E-01  3.518696289883E+02  6.992077826996E-01  1.023019245205E+00 -5.585879227260E-01 -5.377787925251E-03 -2.477788445870E+00  3.592393879625E+00  2.489661023326E-02 -1.236490922104E-01  9.875248197813E-02 -8.398648482825E-02 -1.820006471301E-03  1.204493531466E-05 -2.628570011425E-06  3.385823464910E-05  2.325649779464E-01 -1.204493550765E-05  4.391659477225E-03  2.158444101482E-19  2.212323649407E-20  1.596330694289E-19 -5.161158220548E-03
  1.560000000000E+02  1.580000000000E+02  1.874364467214E+01  2.923070003639E-13 -1.322794524354E-01  3.540029221193E+02  6.979713235923E-01  1.018327762790E+00 -5.559388841340E-01 -5.994088067828E-03 -2.460734199729E+00  3.549574542183E+00  2.436808697584E-02 -1.209927948953E-01  9.662470791887E-02 -8.103976854004E-02 -2.108821681809E-03  8.026683009483E-06 -1.457934120595E-06  2.336545288908E-05  2.259790475074E-01 -8.026684083351E-06  5.771149942162E-03  7.711184670644E-20  1.830696514707E-20  1.448321941129E-19 -4.981261842046E-03
  1.600000000000E+02  1.620000000000E+02  1.879922357367E+01  2.883512179030E-13 -1.306269848273E-01  3.560722363442E+02  6.968304364092E-01  1.012349650463E+00 -5.532990373704E-01 -6.564590467566E-03 -2.436791612483E+00  3.505287625043E+00  2.372938281235E-02 -1.184123241560E-01  9.468294134307E-02 -7.839033402755E-02 -2.376443205650E-03  9.232719818889E-06 -5.207333236543E-07  5.549111022409E-06  2.188732885219E-01 -9.232719534381E-06  7.396112190121E-03  1.452436658626E-19  3.390180028402E-21  1.192446564741E-19 -4.813703611085E-03
  1.640000000000E+02  1.660000000000E+02  1.885311228384E+01  2.723215796382E-13 -1.285821260676E-01  3.580838774175E+02  6.959512396086E-01  1.006349402963E+00 -5.506540279183E-01 -7.146499479185E-03 -2.405006595363E+00  3.462571644935E+00  2.280983888192E-02 -1.157665531589E-01  9.295671427529E-02 -7.535028649047E-02 -2.565175170973E-03  4.107915836010E-06 -4.095782081681E-07  8.532509268790E-07  2.113412378519E-01 -4.107916131251E-06  8.663093148877E-03  1.446082031417E-19 -5.265275322753E-22  1.276285328570E-19 -4.611611468316E-03
  1.680000000000E+02  1.700000000000E+02  1.890486350528E+01  2.371833169682E-13 -1.263527359914E-01  3.600202447790E+02  6.953181089829E-01  1.000337308388E+00 -5.480066095692E-01 -7.687955580890E-03 -2.369433598187E+00  3.416995182421E+00  2.182300128655E-02 -1.128092182835E-01  9.098621699966E-02 -7.216537687538E-02 -2.613746519956E-03  1.211157306095E-05  5.471677106647E-07  3.072047810580E-06  2.029361831993E-01 -1.211157334908E-05  8.807035235057E-03  2.346249459508E-19  1.351800463047E-20  1.554548377410E-19 -4.412140011332E-03
  1.720000000000E+02  1.740000000000E+02  1.895456604492E+01  2.181533287349E-13 -1.242053769931E-01  3.618842515748E+02  6.946289957861E-01  9.952571488947E-01 -5.454390686357E-01 -8.268295515930E-03 -2.335663130247E+00  3.376567740429E+00  2.095753052888E-02 -1.100665852406E-01  8.910905471009E-02 -6.905197317747E-02 -2.468435089447E-03  1.119705039882E-05  8.087732637738E-07  8.486150553564E-06  1.965961068083E-01 -1.119705130958E-05  7.646028791688E-03  1.591407135886E-19  3.645041938514E-20  1.368564884954E-19 -4.255606296033E-03
  1.760000000000E+02  1.780000000000E+02  1.900328091207E+01  1.949305508675E-13 -1.225267272502E-01  3.637160267933E+02  6.937666818841E-01  9.900201470639E-01 -5.427509769287E-01 -8.812983158845E-03 -2.310849291291E+00  3.335608623251E+00  2.037727551781E-02 -1.078454456153E-01  8.746817009612E-02 -6.679256546318E-02 -2.192278639413E-03 -2.766440560833E-05 -2.449369435083E-06  1.654095476205E-05  1.891606114218E-01  2.766440481647E-05  6.266407021242E-03  1.539917042389E-19 -2.864274589156E-20  1.673913553926E-19 -4.064092305279E-03
  1.800000000000E+02  1.820000000000E+02  1.904917818821E+01  1.542975007022E-13 -1.210422034440E-01  3.654439829906E+02  6.928383232911E-01  9.854117111386E-01 -5.402506738879E-01 -9.354034416689E-03 -2.288918279297E+00  3.298147070978E+00  1.950379247546E-02 -1.057192406953E-01  8.621544822059E-02 -6.330366853637E-02 -1.926448844285E-03 -2.835432818212E-05 -4.106053418060E-06  4.028830531704E-05  1.799584216642E-01  2.835432734185E-05  5.680803613787E-03  1.375650653894E-19 -2.615076943208E-20  1.525420280203E-19 -3.864466985095E-03
  1.840000000000E+02  1.860000000000E+02  1.909322966814E+01  1.177378865698E-13 -1.195683005584E-01  3.671049167972E+02  6.920010391205E-01  9.793703988741E-01 -5.375872954151E-01 -9.883567090403E-03 -2.267140743041E+00  3.262701412988E+00  1.873579465893E-02 -1.037860784884E-01  8.505028382874E-02 -6.042874085616E-02 -2.023762040155E-03 -1.582203802210E-05 -2.285677887181E-06  3.701560284354E-05  1.706750503764E-01  1.582203736061E-05  5.806438500840E-03  2.467573811396E-19 -3.572666318095E-20  1.259616027301E-19 -3.679751478554E-03
  1.880000000000E+02  1.900000000000E+02  1.913452171844E+01  7.990754007555E-14 -1.180636634183E-01  3.686657025470E+02  6.912833625028E-01  9.735623072863E-01 -5.350940584399E-01 -1.044180678197E-02 -2.244766475544E+00  3.225949732344E+00  1.795662030195E-02 -1.016409328798E-01  8.368431257850E-02 -5.716581293173E-02 -2.041788625580E-03 -1.136776609620E-05 -5.840642112050E-07  6.655611814736E-06  1.633034766949E-01  1.136776539467E-05  5.248254816970E-03  1.735806772464E-19 -1.850017933958E-20  1.247340998352E-19 -3.493311469571E-03
  1.920000000000E+02  1.940000000000E+02  1.917488532695E+01  4.103109750112E-14 -1.169982568939E-01  3.701938872459E+02  6.906303790196E-01  9.676498205201E-01 -5.324127427516E-01 -1.099731160179E-02 -2.230763746952E+00  3.187009561088E+00  1.724610092222E-02 -9.915938028365E-02  8.191327936167E-02 -5.467384128716E-02 -1.225773730332E-03  6.990697955976E-06  4.477772541995E-07  4.497726731545E-06  1.576142023895E-01 -6.990697648208E-06  3.684284286284E-03  2.035023082219E-19 -2.352230057952E-20  1.001171954951E-19 -3.329681006935E-03
  1.960000000000E+02  1.980000000000E+02  1.921336114588E+01  2.953437263272E-14 -1.162397563888E-01  3.716537226720E+02  6.900309806654E-01  9.617296599653E-01 -5.299768665360E-01 -1.142830719014E-02 -2.222721728282E+00  3.153825627710E+00  1.673852582612E-02 -9.714051290262E-02  8.040198707589E-02 -5.183927362067E-02 -1.216965809225E-03  3.845873996346E-06  1.465345919697E-06  2.031908268905E-05  1.516408024447E-01 -3.845874321737E-06  3.486045737248E-03  2.285068329500E-19 -1.052606244647E-20  1.360378136416E-19 -3.169418337492E-03
  2.000000000000E+02  2.020600000000E+02  1.925069274785E+01  2.214277719514E-14 -1.151912574399E-01  3.730699974975E+02  6.892534821594E-01  9.550502061189E-01 -5.272254619611E-01 -1.188524446826E-02 -2.208386474873E+00  3.123052267786E+00  1.573260124534E-02 -9.401494865957E-02  7.828234741540E-02 -4.987322978124E-02 -1.175123805592E-03  4.906138325059E-06  3.178285194110E-06  2.195986932914E-05  1.450054925988E-01 -4.906138280723E-06  3.728903065196E-03  1.978585112640E-19 -3.572737775741E-20  1.429814194814E-19 -3.075330658416E-03
  2.041200000000E+02  2.062418000000E+02  1.928799097056E+01 -1.685685040627E-14 -1.142663663470E-01  3.744857639202E+02  6.883652597080E-01  9.484528419264E-01 -5.244374076613E-01 -1.233731776904E-02 -2.195564230673E+00  3.092887477471E+00  1.416105303927E-02 -9.028732594291E-02  7.612627290286E-02 -4.863415557579E-02 -1.217483973419E-03 -5.568555634195E-09  4.400307642999E-06  6.560685338444E-06  1.401018249421E-01  5.566566624878E-09  3.930604703989E-03  1.811873282463E-19  1.564200359499E-20  1.230976956015E-19 -2.976827844180E-03
  2.083636000000E+02  2.105490540000E+02  1.932498822921E+01 -7.005043998568E-14 -1.130653658377E-01  3.758913739752E+02  6.871323596150E-01  9.409851717482E-01 -5.215925102080E-01 -1.276307088370E-02 -2.176574213704E+00  3.066478977527E+00  1.279095872682E-02 -8.663905366066E-02  7.384809493289E-02 -4.681206782010E-02 -1.356654314394E-03  5.395345200890E-06  4.565019523426E-06  6.009386681057E-07  1.351066695727E-01 -5.395343877561E-06  4.548379809988E-03  2.034290906213E-19 -5.442848724923E-20  7.775111234177E-20 -2.881693445780E-03
  2.127345080000E+02  2.149855256200E+02  1.936182513047E+01 -1.408852652596E-13 -1.117349092344E-01  3.772915223115E+02  6.855475961018E-01  9.334818453628E-01 -5.186716586794E-01 -1.313544851147E-02 -2.154727872601E+00  3.043209898354E+00  1.162564562310E-02 -8.356120229731E-02  7.193555667350E-02 -4.530285110545E-02 -1.572421066961E-03  1.529837567141E-05  2.789224267343E-06  2.531682838555E-05  1.306402562017E-01 -1.529837783377E-05  5.001757439194E-03  2.484119655248E-19 -4.958637605242E-20  4.854880819130E-20 -2.799459359355E-03
  2.172365432400E+02  2.195550913886E+02  1.939852785370E+01 -1.994060611077E-13 -1.102041364574E-01  3.786882608166E+02  6.837584811901E-01  9.264606501287E-01 -5.156296183545E-01 -1.352986340602E-02 -2.129152970632E+00  3.025236762171E+00  1.080373799875E-02 -8.074539943146E-02  6.994166143171E-02 -4.428981869242E-02 -1.467391414063E-03  7.824154793595E-06 -1.460009102814E-06  4.657370076115E-05  1.276275693964E-01 -7.824154596274E-06  5.592626139349E-03  2.049345737279E-19 -3.767631073902E-20  9.368478488213E-20 -2.741394597820E-03
  2.218736395372E+02  2.242617441303E+02  1.943580729179E+01 -2.209189139494E-13 -1.084486659887E-01  3.801084705114E+02  6.820467701616E-01  9.197511716196E-01 -5.125294472218E-01 -1.384483246650E-02 -2.099617983021E+00  3.002842289216E+00  9.518941313417E-03 -7.730180745064E-02  6.778286613820E-02 -4.351220785946E-02 -1.314104900913E-03  1.555411144689E-05 -5.021984874445E-06  3.404280531584E-05  1.240889045009E-01 -1.555411172190E-05  6.600706952767E-03  2.199546157841E-19 -1.319333688485E-20  1.119756357005E-19 -2.673214946861E-03
  2.266498487233E+02  2.291095964542E+02  1.947262338954E+01 -2.433453878218E-13 -1.062601260613E-01  3.815137986522E+02  6.807483669059E-01  9.125152098006E-01 -5.094228146054E-01 -1.416345593205E-02 -2.062000360121E+00  2.980606569013E+00  8.244753106585E-03 -7.393856402976E-02  6.569381092325E-02 -4.197858092274E-02 -1.377726137021E-03  3.444379859939E-05 -8.240610924448E-06  3.637594269406E-05  1.183082492311E-01 -3.444379846449E-05  8.400210413447E-03  1.647873810739E-19 -2.877398035142E-20  1.230678585151E-19 -2.575730675921E-03
  2.315693441850E+02  2.341028843478E+02  1.950860673782E+01 -2.677777305449E-13 -1.033019072015E-01  3.828885745870E+02  6.798451263999E-01  9.043204132246E-01 -5.061486341212E-01 -1.430270682501E-02 -2.010487352189E+00  2.958871169963E+00  6.959954201295E-03 -7.049245763256E-02  6.353250343028E-02 -4.032032042785E-02 -1.883350735323E-03  2.946555992546E-05 -1.424099271379E-05  5.028415324909E-05  1.132921943005E-01 -2.946556003353E-05  9.991886982404E-03  2.311444523282E-19 -5.979787464789E-20  1.369386004761E-19 -2.493599937913E-03
  2.366364245106E+02  2.392459708782E+02  1.954442711800E+01 -2.706531607629E-13 -9.991452310418E-02  3.842560387115E+02  6.793589521178E-01  8.942268363167E-01 -5.028650154417E-01 -1.456411008975E-02 -1.951044837125E+00  2.943358021323E+00  5.530085160531E-03 -6.673566104285E-02  6.120557588310E-02 -3.953181868098E-02 -1.965095123029E-03 -2.441533123683E-06 -2.200524901763E-05  4.095292935045E-05  1.095629613843E-01  2.441532389014E-06  1.082940015026E-02  1.909176200916E-19 -5.986631825931E-20  1.302953269972E-19 -2.427370353605E-03
  2.418555172459E+02  2.445433500046E+02  1.958006387625E+01 -2.435045140063E-13 -9.623075644891E-02  3.856200903882E+02  6.792275689637E-01  8.846964169839E-01 -4.994973479075E-01 -1.461128968345E-02 -1.887276113108E+00  2.922500383165E+00  3.899611456471E-03 -6.289698939731E-02  5.899737794116E-02 -3.807525153146E-02 -2.209419145888E-03 -1.529083557352E-06 -2.638501188702E-05  2.376048675175E-05  1.058020027079E-01  1.529083938176E-06  1.150994257665E-02  2.092808652929E-19 -4.941817635323E-20  8.058197888688E-20 -2.354602658302E-03
  2.472311827633E+02  2.499996505047E+02  1.961549878716E+01 -2.065480159593E-13 -9.222326013136E-02  3.869777293090E+02  6.792876056832E-01  8.759517892701E-01 -4.959671337504E-01 -1.462286872601E-02 -1.816925667413E+00  2.902297922100E+00  2.318695285314E-03 -5.909211993876E-02  5.677342465239E-02 -3.740268848411E-02 -2.247202796360E-03 -9.332013756338E-08 -2.599303412051E-05  3.019114048117E-05  1.018776785241E-01  9.332064853946E-08  1.118749017725E-02  2.725332092684E-19 -3.784432685363E-20  9.399219845821E-20 -2.295668078515E-03
  2.527681182462E+02  2.556196400198E+02  1.965055994150E+01 -1.909215193348E-13 -8.848999239567E-02  3.883238004758E+02  6.793362613917E-01  8.689777278929E-01 -4.924247731760E-01 -1.457011779147E-02 -1.751451402736E+00  2.887945089430E+00  1.217922574460E-03 -5.548176845938E-02  5.426384588386E-02 -3.623934803604E-02 -2.185953539563E-03 -1.496778848070E-06 -2.325922776150E-05  3.185146006505E-05  9.821095700688E-02  1.496778805648E-06  1.080904267435E-02  1.981665500854E-19 -1.219416627532E-20  7.546606738569E-20 -2.239251801763E-03
  2.584711617935E+02  2.614082292204E+02  1.968548383143E+01 -1.975151142179E-13 -8.449028797883E-02  3.896691441513E+02  6.793274530358E-01  8.608785785068E-01 -4.888322649147E-01 -1.443660088982E-02 -1.679720210952E+00  2.873168475599E+00 -3.617736762571E-04 -5.193103271450E-02  5.229280639017E-02 -3.508539279705E-02 -2.650631891023E-03 -7.335709719942E-06 -2.253610829701E-05  1.697260468348E-05  9.276274503539E-02  7.335709837904E-06  1.229552902446E-02  1.726760699487E-19  2.998292200969E-21  6.178523372662E-20 -2.136733370391E-03
  2.643452966473E+02  2.673704760971E+02  1.971861854401E+01 -2.028395588068E-13 -7.948649006948E-02  3.909477023933E+02  6.791805946444E-01  8.546045443758E-01 -4.851229177501E-01 -1.432020313031E-02 -1.588274199014E+00  2.861217802073E+00 -1.698680604477E-03 -4.828542704904E-02  4.998410765293E-02 -3.325364268664E-02 -3.119217556406E-03 -2.058155724768E-05 -2.461968710055E-05  2.255576856865E-05  8.803182791285E-02  2.058155746298E-05  1.491504973437E-02  1.948514777648E-19 -3.840188267023E-20  1.012117021460E-19 -2.058976915938E-03
  2.703956555468E+02  2.735115903800E+02  1.975197361665E+01 -1.853391167391E-13 -7.325862705812E-02  3.922359271081E+02  6.787649119053E-01  8.508617425277E-01 -4.813652735765E-01 -1.406295942326E-02 -1.472554106482E+00  2.851332848606E+00 -2.996728791197E-03 -4.445860948315E-02  4.745533827328E-02 -3.304896232240E-02 -3.541842782139E-03 -1.885508230576E-05 -2.428259380963E-05  1.867293777786E-05  8.536179457470E-02  1.885508301863E-05  1.625674442981E-02  2.095431508605E-19 -3.628318853303E-20  1.757195661511E-20 -2.055072668374E-03
  2.766275252132E+02  2.798369380914E+02  1.978507275711E+01 -1.585377685613E-13 -6.685736562852E-02  3.935131430448E+02  6.781494912192E-01  8.485989626373E-01 -4.775149443986E-01 -1.381840475671E-02 -1.352224370976E+00  2.845823544863E+00 -4.003233145867E-03 -4.081260021193E-02  4.481583335740E-02 -3.278066153522E-02 -3.249619069836E-03 -7.370003409468E-06 -2.065312257456E-05  6.994886565026E-06  8.251616402155E-02  7.370004087449E-06  1.623556562284E-02  1.658860563444E-19 -6.308731879238E-20  2.662412690755E-20 -2.039887064412E-03
  2.830463509696E+02  2.863520462341E+02  1.981822207393E+01 -1.677357165201E-13 -6.028361748078E-02  3.947967279200E+02  6.772979189271E-01  8.469293256493E-01 -4.733555044145E-01 -1.328575080378E-02 -1.226650920323E+00  2.849820350380E+00 -5.081930427450E-03 -3.739107734290E-02  4.247300777029E-02 -3.266249357422E-02 -2.825148747520E-03 -9.253051876145E-06 -1.617557218557E-05  2.566910206965E-06  8.138866363536E-02  9.253051540546E-06  1.549156966804E-02  1.433521452667E-19 -1.746655606774E-20  3.628624109294E-20 -2.055910394409E-03
  2.896577414987E+02  2.930626076211E+02  1.985238925153E+01 -2.060155379624E-13 -5.410854740059E-02  3.961242117062E+02  6.761656662941E-01  8.476356585651E-01 -4.692511115106E-01 -1.300239926185E-02 -1.107115016349E+00  2.855759775481E+00 -5.859556568005E-03 -3.399221727093E-02  3.985177383865E-02 -3.293375808050E-02 -2.275871580816E-03 -2.894355440423E-07 -1.231191793140E-05  7.262674413953E-07  8.019029751667E-02  2.894353075380E-07  1.446320253228E-02  1.231004107579E-19 -7.501938121780E-20  8.975084416635E-20 -2.044945475445E-03
  2.964674737436E+02  2.999744858498E+02  1.988649042755E+01 -2.216633543384E-13 -4.794469799978E-02  3.974567540798E+02  6.747193852928E-01  8.474230601634E-01 -4.650002382295E-01 -1.237956437216E-02 -9.903414990055E-01  2.860216510777E+00 -7.203914211333E-03 -2.999746363606E-02  3.720137784872E-02 -3.237529893652E-02 -2.311960328752E-03 -1.587476390487E-06 -1.048164768944E-05  1.357663266290E-05  7.738988091495E-02  1.587475963533E-06  1.095558157919E-02  1.500973232699E-19 -5.640511742989E-20  4.066722086257E-21 -1.993985552997E-03
  3.034814979559E+02  3.070937204253E+02  1.992025048914E+01 -2.008504473849E-13 -4.440295955360E-02  3.987787827558E+02  6.726814055581E-01  8.499752007485E-01 -4.604368865547E-01 -1.200116904514E-02 -9.240111518028E-01  2.867335365356E+00 -9.079962416281E-03 -2.603413769065E-02  3.511410010732E-02 -3.131403361056E-02 -9.354878441985E-04  9.616362698444E-07 -9.591119781601E-06  1.662117254779E-05  7.426772694966E-02 -9.616361342613E-07  7.229182314078E-03  8.387299643657E-20 -3.883651460015E-20  6.856190841472E-20 -1.939412143151E-03
  3.107059428946E+02  3.144265320380E+02  1.995359513641E+01 -1.540291759879E-13 -4.131233976140E-02  4.000865901672E+02  6.700294950348E-01  8.536372218400E-01 -4.560943464855E-01 -1.123987738857E-02 -8.686686365457E-01  2.883970088760E+00 -1.050930827358E-02 -2.265640990542E-02  3.316571817905E-02 -3.085547303389E-02 -5.077157596613E-04  8.481585705115E-06 -7.389166298522E-06  1.703135048491E-05  7.489354778104E-02 -8.481585319522E-06  3.432930407266E-03  1.447237252330E-19 -5.133281056483E-20  4.490981787794E-21 -1.942619705336E-03
  3.181471211814E+02  3.219793279992E+02  1.998992684817E+01 -7.798546299472E-14 -4.112207725293E-02  4.015178086307E+02  6.671324445693E-01  8.537715182615E-01 -4.514104915905E-01 -1.077324895085E-02 -8.711166310888E-01  2.898153169419E+00 -1.187755154218E-02 -1.874982312836E-02  3.062737467077E-02 -3.129235712730E-02  7.071047148811E-04  1.449439627564E-05 -6.573172232401E-06  1.759908251062E-05  7.558614664115E-02 -1.449439530413E-05 -2.993806051609E-04  1.485506837230E-19 -1.878257710377E-20 -1.483398098312E-20 -1.957240053996E-03
  3.258115348169E+02  3.297587078391E+02  2.002599643728E+01 -1.130276659304E-14 -4.151945183966E-02  4.029433852922E+02  6.641156228278E-01  8.540113233040E-01 -4.465548746050E-01 -9.658999647136E-03 -8.857656635019E-01  2.913347863970E+00 -1.320541835563E-02 -1.475949370275E-02  2.796491205784E-02 -3.123427637967E-02  1.101618945101E-03  1.826107887766E-05 -6.899262612898E-06  7.526529079302E-06  7.394372030486E-02 -1.826107934249E-05 -1.388081164387E-03  1.405255857345E-19 -4.292564767164E-20 -1.369152002568E-20 -1.957933651010E-03
  3.337058808614E+02  3.377714690743E+02  2.006290038830E+01  4.343262555162E-14 -4.241826830630E-02  4.044031651959E+02  6.605344130527E-01  8.546700295372E-01 -4.415351499033E-01 -9.131742705358E-03 -9.079428657187E-01  2.928528832146E+00 -1.431993560111E-02 -1.117800362294E-02  2.549793922391E-02 -3.157557287441E-02  9.796469926961E-04  4.751219842971E-06 -5.635247005664E-06  2.688136427870E-06  7.430914811586E-02 -4.751219276863E-06 -2.510265851939E-03  1.210153042053E-19 -2.531340630464E-20 -8.345149054914E-21 -1.998008223880E-03
  3.418370572872E+02  3.460246131465E+02  2.010154965018E+01  1.048563435154E-13 -4.399206455117E-02  4.059325626842E+02  6.560339547026E-01  8.530831515341E-01 -4.362493884428E-01 -8.100131773087E-03 -9.444451211223E-01  2.942359351891E+00 -1.579736437621E-02 -7.524065010105E-03  2.332142938538E-02 -3.225513432075E-02  1.304565611034E-03 -1.867131475784E-06 -1.688039082917E-06  5.766861664149E-06  7.551002404845E-02  1.867131493664E-06 -4.229577936322E-03  1.503208813966E-19 -1.894214797248E-20 -1.110135366353E-20 -2.038797406429E-03
  3.502121690058E+02  3.545253515409E+02  2.014197653723E+01  1.496498503821E-13 -4.677476119429E-02  4.075352583901E+02  6.507617658352E-01  8.469951743825E-01 -4.310594771965E-01 -7.197734651305E-03 -1.001874911206E+00  2.955833001069E+00 -1.737359957687E-02 -4.154993065423E-03  2.152859264361E-02 -3.283989345278E-02  1.888434134149E-03  1.685078335488E-05  2.539950523145E-06  4.754691545224E-06  7.616007895380E-02 -1.685078302654E-05 -6.898760943847E-03  1.314035824612E-19 -1.471050585539E-20 -1.992006909820E-20 -2.046252199288E-03
  3.588385340760E+02  3.632811120872E+02  2.018371991102E+01  1.738427758228E-13 -5.141041090558E-02  4.091907984280E+02  6.445157158790E-01  8.447069153850E-01 -4.252448105095E-01 -5.947830298564E-03 -1.097076435171E+00  2.982756255788E+00 -1.824477586748E-02 -5.196951443934E-04  1.876447101210E-02 -3.289060333005E-02  2.595112173781E-03  1.379419845766E-05  3.371611789758E-06 -6.058910511772E-07  7.709841862286E-02 -1.379419867615E-05 -7.905124415214E-03  1.927536820253E-19 -3.521341696150E-20  1.978037739176E-20 -2.092308164515E-03
  3.677236900983E+02  3.722995454498E+02  2.022767780353E+01  1.823986332343E-13 -5.563258840238E-02  4.109368497064E+02  6.375021231513E-01  8.420560236137E-01 -4.192717781137E-01 -4.993342385373E-03 -1.183131517705E+00  3.012061588651E+00 -1.898749972914E-02  2.488260890417E-03  1.649923883886E-02 -3.397493163819E-02  2.422271501520E-03  3.421347907205E-06  9.427159491863E-07  3.780951400427E-06  7.694162238021E-02 -3.421347915816E-06 -7.674528643279E-03  1.254536682785E-19 -4.396102103372E-20  4.407293527056E-20 -2.126965417488E-03
  3.768754008012E+02  3.815885318133E+02  2.027179611776E+01  1.966988678418E-13 -6.034125787324E-02  4.126970685377E+02  6.298698841050E-01  8.377107383472E-01 -4.131194302989E-01 -3.505056291987E-03 -1.282742664170E+00  3.037784514083E+00 -2.061677656284E-02  6.682899056437E-03  1.393387750718E-02 -3.409548086600E-02  2.747071590504E-03 -3.776809428828E-06 -1.250302719543E-06  5.743839204054E-06  7.795086509536E-02  3.776809194279E-06 -4.677223851880E-03  1.013361062636E-19 -2.137614364322E-20  1.457336939029E-20 -2.174592996358E-03
  3.863016628253E+02  3.911561877677E+02  2.031950246316E+01  2.280415971797E-13 -6.128588896339E-02  4.146022379234E+02  6.210508922507E-01  8.333312033651E-01 -4.064044187114E-01 -2.243184824514E-03 -1.303411249567E+00  3.065855587075E+00 -2.209029565670E-02  1.059196661447E-02  1.149832904235E-02 -3.538182797754E-02  9.386183721013E-04 -1.070383413413E-05 -2.079368428022E-07  5.240986751523E-06  7.845501699750E-02  1.070383421521E-05 -1.948962035295E-03  1.349562026148E-19 -5.716365347921E-20 -5.446346311202E-20 -2.208527247615E-03
  3.960107127100E+02  4.010108734007E+02  2.036691718983E+01  2.536537739110E-13 -6.279288359624E-02  4.164999246965E+02  6.107385612665E-01  8.335009609250E-01 -3.995855558978E-01 -2.603228743148E-04 -1.335294570424E+00  3.104355100121E+00 -2.280382790090E-02  1.387740526749E-02  8.926422633053E-03 -3.559086970470E-02  8.149090588100E-04 -1.912568604991E-05  2.293995031821E-06  8.127297168075E-06  7.962304817649E-02  1.912568595736E-05  8.433880858337E-04  1.034850083384E-19 -5.033770337505E-20  2.049951914225E-20 -2.276928102241E-03
  4.060110340913E+02  4.111611996027E+02  2.041893919964E+01  2.630901006310E-13 -6.026736701359E-02  4.185882857074E+02  5.994411272222E-01  8.261049569961E-01 -3.925373230564E-01  1.642247454550E-03 -1.288495204771E+00  3.133518720431E+00 -2.362184732135E-02  1.725465508617E-02  6.367192234573E-03 -3.745552301486E-02 -7.902080501670E-04 -1.396772096731E-05  4.719088426183E-06 -4.933727995640E-07  8.036259475447E-02  1.396772104737E-05  1.783783401277E-03  9.476418873212E-20 -2.627824092537E-20 -1.184068669381E-20 -2.333041109639E-03
  4.163113651141E+02  4.216160355908E+02  2.047040024137E+01  2.688058687676E-13 -6.051937032694E-02  4.206583041901E+02  5.876757956266E-01  8.194389481483E-01 -3.853946440345E-01  3.925593719550E-03 -1.295272502606E+00  3.183267214966E+00 -2.444073903080E-02  2.056753333851E-02  3.873205691790E-03 -3.751865503931E-02 -1.118427028641E-04 -1.689444903524E-05  2.886168280098E-06  4.787790231373E-06  8.458511878633E-02  1.689444940007E-05 -1.392874303059E-03  1.681849280318E-19  1.020383160605E-20 -4.679494947049E-20 -2.474552479606E-03
  4.269207060675E+02  4.323845166585E+02  2.053119864523E+01  2.590207770492E-13 -6.215432362971E-02  4.231115159230E+02  5.757043172465E-01  8.065986162531E-01 -3.781674565510E-01  5.805619119335E-03 -1.326770632527E+00  3.238849704511E+00 -2.617932314588E-02  2.486095058150E-02  1.318372565478E-03 -4.146151782947E-02  9.131482476787E-04 -1.350341673964E-05 -7.099545522818E-07  9.792029639790E-06  8.687218616545E-02  1.350341637528E-05 -4.129986171168E-03  1.411399448406E-19 -4.833147981125E-20 -4.005625291490E-20 -2.587529027297E-03
  4.378483272495E+02  4.434760521583E+02  2.058907185993E+01  2.307980797219E-13 -6.619979202015E-02  4.254490038098E+02  5.644676746082E-01  7.922498492156E-01 -3.710664342266E-01  7.959465132978E-03 -1.409198142796E+00  3.284318929549E+00 -2.672914409340E-02  2.785531636841E-02 -1.126172274552E-03 -4.095901028475E-02  1.943575828236E-03  3.487577826587E-06  4.811528587739E-07  1.814405054325E-08  8.490122764857E-02 -3.487577965326E-06 -1.135416836198E-03  6.508450312387E-20 -1.576073231318E-21 -2.580086072934E-20 -2.591355193494E-03
  4.491037770670E+02  4.549003337230E+02  2.065058917968E+01  2.160158672308E-13 -6.379508531011E-02  4.279448501728E+02  5.536391407519E-01  7.805708546086E-01 -3.634082974939E-01  1.012895059313E-02 -1.363483840529E+00  3.344675924366E+00 -2.726162421700E-02  3.123523425011E-02 -3.973610033323E-03 -4.251103375632E-02  3.010341773681E-04  3.502368675479E-07  4.363690741957E-06  2.107472228717E-06  8.867500966156E-02 -3.502371851184E-07  3.524718377063E-04  1.018661145352E-19 -3.034841028807E-20 -4.438946274550E-20 -2.737186759971E-03
  4.606968903790E+02  4.666673437347E+02  2.071756200766E+01  2.171456509973E-13 -6.567180113674E-02  4.306747522877E+02  5.430918702426E-01  7.599496164570E-01 -3.561143291060E-01  1.199321222413E-02 -1.404661814103E+00  3.391509160165E+00 -2.766007344947E-02  3.411439842539E-02 -6.454324975894E-03 -4.486752138585E-02  1.766954695711E-03  4.868119706960E-06  5.541222863432E-06  3.443217628666E-06  8.906105980408E-02 -4.868119910540E-06 -1.231305973036E-03  1.139610286465E-19 -4.338726562583E-20 -2.020596306374E-20 -2.810792556138E-03
  4.726377970904E+02  4.787873640468E+02  2.078358456879E+01  2.416574001092E-13 -6.553089721269E-02  4.333735813430E+02  5.333005204040E-01  7.370664742968E-01 -3.485855555788E-01  1.416029556540E-02 -1.406532082702E+00  3.446972010284E+00 -2.792538968368E-02  3.630544031377E-02 -8.380050630584E-03 -4.483844993577E-02  6.889870721854E-04 -8.215627125730E-06  3.436716335065E-06  1.640920689465E-06  9.022497991633E-02  8.215627500955E-06 -3.340684736752E-03  1.018647854430E-19 -2.202233459817E-20 -4.244701837871E-20 -2.853553231384E-03
  4.849369310031E+02  4.912709849682E+02  2.085630587798E+01  2.620997111476E-13 -7.075188123281E-02  4.363551281775E+02  5.239294813771E-01  7.118068974418E-01 -3.410455309523E-01  1.560491495711E-02 -1.523064934318E+00  3.515437573281E+00 -2.840215244545E-02  3.882474855405E-02 -1.042259610816E-02 -4.671515869763E-02  2.629702207774E-03  6.268838876915E-07  1.506326338079E-06 -9.407241076145E-06  8.949334872379E-02 -6.268847019803E-07 -5.265757584588E-03  5.164471480854E-20 -4.375301470101E-20 -4.616611152696E-20 -2.894452240342E-03
  4.976050389332E+02  5.041291145172E+02  2.092528518448E+01  2.640222427260E-13 -7.388253413267E-02  4.391912372423E+02  5.142094534462E-01  6.907549163937E-01 -3.335809665648E-01  1.771371809426E-02 -1.596514787293E+00  3.586496833101E+00 -2.898515885325E-02  4.127352632717E-02 -1.228836747521E-02 -4.619091149250E-02  2.011389381274E-03  1.153502693418E-06  9.689962824920E-07 -9.771308671714E-06  9.213070267485E-02 -1.153501991619E-06 -6.154158507237E-03  6.452611852253E-20 -3.499328062503E-21 -7.841205745201E-20 -3.010799484953E-03
  5.106531901012E+02  5.173729879527E+02  2.100656702010E+01  2.710899953591E-13 -8.083711719014E-02  4.425389486472E+02  5.041250447990E-01  6.757970948056E-01 -3.254907218544E-01  1.904526817469E-02 -1.747875396886E+00  3.654057322142E+00 -2.957405139842E-02  4.371079673401E-02 -1.413674533497E-02 -5.014713290346E-02  3.450060015395E-03 -1.637802669936E-06  4.200079327148E-06 -2.116101960742E-05  9.655397829476E-02  1.637802375713E-06 -9.202126397409E-03  1.327856992550E-19 -3.655513558089E-20 -6.992547812733E-20 -3.136683124988E-03
  5.240927858042E+02  5.310141775913E+02  2.108753365657E+01  2.495626922709E-13 -8.940137021861E-02  4.458874504185E+02  4.950347404466E-01  6.581920536217E-01 -3.177715039060E-01  2.113222130424E-02 -1.933160929670E+00  3.718662117733E+00 -3.006543273654E-02  4.615925959172E-02 -1.609382685472E-02 -4.992810379524E-02  4.447073875534E-03  7.788625132113E-06  6.385588238269E-06 -1.591690323292E-05  9.352630867549E-02 -7.788625556090E-06 -7.230827463620E-03  7.637193510793E-20 -2.975244656720E-20 -7.927111010549E-20 -3.119336698991E-03
  5.379355693784E+02  5.450646029190E+02  2.116845298675E+01  2.042124987630E-13 -9.339541746585E-02  4.492446484218E+02  4.863841931893E-01  6.399456398158E-01 -3.085850488099E-01  2.199082847783E-02 -2.014226547854E+00  3.780081819084E+00 -2.981273270965E-02  4.770650742120E-02 -1.789377471138E-02 -5.000827677130E-02  2.947110245444E-03  1.115656250525E-05  2.530491934216E-06 -2.563432018654E-06  9.390650727380E-02 -1.115656295428E-05 -3.427870137131E-03  9.176703719842E-20 -2.148576975879E-20 -4.498787353595E-20 -3.170026369747E-03
  5.521936364597E+02  5.595365410066E+02  2.125490491958E+01  1.919324976729E-13 -9.553741728876E-02  4.528525632684E+02  4.774637026424E-01  6.250811744195E-01 -3.000389403619E-01  2.421445143576E-02 -2.061861304329E+00  3.822855406946E+00 -2.969178422996E-02  4.836320754171E-02 -1.867142331062E-02 -5.104107602831E-02  1.289899299502E-03  5.902107185234E-06 -1.140215890529E-06  3.196406649838E-06  9.202139410932E-02 -5.902107102346E-06 -1.060613252135E-03  2.445089883037E-20 -2.389994814098E-20 -7.807530049769E-20 -3.152516950057E-03
  5.668794455535E+02  5.743794455535E+02  2.133734635773E+01  2.038604603414E-13 -9.536753113077E-02  4.563037263785E+02  4.688200780416E-01  6.064251161649E-01 -2.905615813430E-01  2.515109718067E-02 -2.060396665862E+00  3.840812326644E+00 -2.918728808615E-02  4.910327869749E-02 -1.991599061153E-02 -5.008304826888E-02  4.911457455228E-04 -1.909021191046E-06  1.114042353165E-06  5.655925010588E-06  8.951299818723E-02  1.909020772281E-06  1.980169471525E-03  2.536791920857E-20 -5.900562341266E-21 -6.298243965720E-20 -3.147552616416E-03
  5.818794455535E+02  5.893794455535E+02  2.142267837586E+01  2.109423185894E-13 -9.185204746357E-02  4.599010746241E+02  4.603074023273E-01  5.906842432047E-01 -2.807548049124E-01  2.703964531649E-02 -1.985052715049E+00  3.829131346538E+00 -2.872431270088E-02  4.822665144745E-02 -1.950233874678E-02 -5.037112742274E-02 -9.622627636257E-04  1.325213534178E-06  9.041344460334E-06 -4.108812613511E-06  9.373751304362E-02 -1.325213540091E-06  6.951276220642E-03  6.297387594329E-20 -1.431027157335E-20 -9.040137861697E-20 -3.197754121578E-03
  5.968794455535E+02  6.043794455535E+02  2.151309775185E+01  2.335331054694E-13 -8.236732218721E-02  4.637313170560E+02  4.506739972395E-01  5.750052680577E-01 -2.703257574318E-01  2.748506305077E-02 -1.785064533960E+00  3.801719978941E+00 -2.927802594524E-02  4.806316064732E-02 -1.878513470166E-02 -5.126792564411E-02 -2.936699151761E-03 -8.745209848112E-06  1.536451126925E-05 -7.717062750062E-06  9.328104588823E-02  8.745209615688E-06  7.841593322331E-03  3.949416342349E-20 -3.433111960042E-20 -7.615646723404E-20 -3.116092647770E-03
  6.118794455535E+02  6.193794455535E+02  2.159767395867E+01  2.567856269055E-13 -7.712927051553E-02  4.673380207442E+02  4.411600481793E-01  5.610962134257E-01 -2.602268662979E-01  2.826695437609E-02 -1.676666825489E+00  3.734515192250E+00 -2.893185991556E-02  4.711249161600E-02 -1.818063169966E-02 -4.785938261757E-02 -1.011699950064E-03 -2.775523343387E-06  1.440427453767E-05 -9.001407996051E-06  8.769279546116E-02  2.775523478733E-06  4.276391043231E-03  1.992650940634E-20 -1.313925313662E-20 -7.425713072351E-20 -2.879453378073E-03
  6.268794455535E+02  6.343794455535E+02  2.167753783005E+01  2.568633144726E-13 -7.426566301790E-02  4.707550535138E+02  4.320366887886E-01  5.363896920214E-01 -2.488538025285E-01  2.807565180595E-02 -1.616519060961E+00  3.661751853845E+00 -2.861565237009E-02  4.577655129753E-02 -1.716089892727E-02 -4.457437899334E-02 -9.638466213381E-04  2.511097060237E-06  1.032741002104E-05 -4.326301118405E-06  8.209194626652E-02 -2.511096767018E-06  3.983373218459E-03  5.570416658414E-20  3.839241753505E-21 -7.830219822037E-20 -2.677091567178E-03
  6.418794455535E+02  6.493794455535E+02  2.175149540731E+01  2.379194477426E-13 -6.960702089355E-02  4.739249478943E+02  4.228818223172E-01  5.181954267613E-01 -2.378861324334E-01  2.846558070838E-02 -1.519226251936E+00  3.599077834901E+00 -2.819057236993E-02  4.393153938552E-02 -1.574096701644E-02 -4.087179793328E-02 -1.822063254792E-03  3.260354191569E-06  7.805692629545E-06 -7.555001973840E-06  7.773275160773E-02 -3.260354464517E-06  7.671775927151E-03  4.897239604974E-20 -2.679541218546E-20 -7.035645656158E-20 -2.486737177326E-03
  6.568794455535E+02  6.643794455535E+02  2.182320402839E+01  2.179551825479E-13 -5.986803933096E-02  4.770103247470E+02  4.128565085362E-01  4.987979471091E-01 -2.261546869568E-01  2.852658811206E-02 -1.311214129654E+00  3.542371163562E+00 -2.733087980744E-02  4.210955706596E-02 -1.477867725888E-02 -3.936091775365E-02 -3.571788250718E-03  4.593445578320E-06  8.110774897214E-06 -1.009417293163E-05  7.716753716194E-02 -4.593445600137E-06  1.275666583029E-02  2.892670183149E-20 -4.304032377832E-22 -6.535449471852E-20 -2.448506192979E-03
  6.718794455535E+02  6.793794455535E+02  2.189614998129E+01  2.138180596120E-13 -4.568161039776E-02  4.801621959165E+02  4.013614576545E-01  4.853778635952E-01 -2.149019323087E-01  2.857356418080E-02 -1.007466135083E+00  3.475537977172E+00 -2.722839250470E-02  4.082158047754E-02 -1.359318797226E-02 -3.875076209760E-02 -5.240072246243E-03 -5.073116970026E-07  8.228127584340E-06 -9.882539850992E-07  7.375116179312E-02  5.073112848815E-07  1.658132053299E-02  2.790887241382E-20 -3.704581798551E-20 -5.274761136685E-20 -2.345232323315E-03
  6.868794455535E+02  6.943794455535E+02  2.196149943781E+01  2.154131736991E-13 -2.877627217294E-02  4.829959772814E+02  3.886766993306E-01  4.696671947199E-01 -2.027597226786E-01  2.790749960057E-02 -6.395182627829E-01  3.414299136823E+00 -2.661291045841E-02  3.988138287137E-02 -1.326847241216E-02 -3.646369382592E-02 -6.129209435496E-03 -1.730632072932E-05  4.920812281307E-06  7.449894272628E-06  6.985078299804E-02  1.730632074097E-05  1.792906323489E-02  1.459819841830E-20 -1.261917865209E-20 -9.742964503198E-20 -2.260058118696E-03
  7.018794455535E+02  7.093794455535E+02  2.202716451681E+01  2.291730202599E-13 -1.208769478301E-02  4.858512659028E+02  3.754663806713E-01  4.528360757645E-01 -1.916502580404E-01  2.743305912660E-02 -2.784326205483E-01  3.352003035376E+00 -2.539994701591E-02  3.843352150880E-02 -1.303357449318E-02 -3.570552798874E-02 -6.252699441770E-03 -1.240423004921E-05  1.851399468583E-06  3.964096769218E-06  6.922796446222E-02  1.240423035708E-05  1.809084296816E-02  5.903553955649E-20  2.502659553467E-20 -8.879165460493E-20 -2.226749190692E-03
  7.168794455535E+02  7.243794455535E+02  2.209133790122E+01  2.638658897861E-13  5.128409776959E-03  4.886455183668E+02  3.614596279511E-01  4.409219054638E-01 -1.789701580900E-01  2.684451208275E-02  9.515959810654E-02  3.311784543900E+00 -2.493386231313E-02  3.797271200687E-02 -1.303884969464E-02 -3.551513734801E-02 -6.817202892022E-03 -2.483307711262E-06 -2.093195661527E-07  9.480451883278E-06  6.791608461254E-02  2.483307904962E-06  1.402631216722E-02  1.607891772053E-20  1.585693491542E-20 -7.384999941942E-20 -2.203439520135E-03
  7.318794455535E+02  7.393794455535E+02  2.215449325633E+01  2.840684889283E-13  1.421699327841E-02  4.914054848804E+02  3.472966762928E-01  4.304252874373E-01 -1.676599954051E-01  2.556920366993E-02  2.939449407905E-01  3.244417480913E+00 -2.351963183134E-02  3.592409196712E-02 -1.240446013636E-02 -3.414102164992E-02 -4.468610368609E-03  2.642258774347E-06 -5.083764789094E-07 -1.627436526214E-07  6.485388421307E-02 -2.642259013391E-06  7.211653658525E-03 -1.097029010771E-20 -2.542808718705E-20 -2.628885884676E-20 -1.998875367054E-03
  7.468794455535E+02  7.543794455535E+02  2.221286562507E+01  2.778817002891E-13  1.863368387379E-02  4.939608995526E+02  3.333712442236E-01  4.213811439696E-01 -1.555283645058E-01  2.529149949583E-02  3.909544951601E-01  3.189390101835E+00 -2.263828233049E-02  3.402948926214E-02 -1.139120693194E-02 -3.039115726490E-02 -2.883168893452E-03  3.712635264330E-06  7.346164256022E-07  3.681888224224E-06  6.018419176888E-02 -3.712635258146E-06  2.087272587073E-03  3.407169887064E-20 -2.807617353897E-20 -6.253859082062E-20 -1.833973163622E-03
  7.618794455535E+02  7.693794455535E+02  2.226729507547E+01  2.518375080233E-13  1.810901178133E-02  4.963503366199E+02  3.201025467598E-01  4.149006374694E-01 -1.440787538940E-01  2.361698367450E-02  3.803185315107E-01  3.125985952395E+00 -2.158974708660E-02  3.202266974852E-02 -1.043292266196E-02 -2.798345361994E-02 -9.158302261342E-04  1.192969616255E-06  4.531231150044E-06  2.772154897531E-06  5.436908859011E-02 -1.192969505822E-06 -4.702068933104E-04  3.705097568671E-20 -2.173002779143E-20 -3.945130587165E-20 -1.650132178489E-03
  7.768794455535E+02  7.843794455535E+02  2.231486146614E+01  2.019526577218E-13  1.776904921590E-02  4.984410628940E+02  3.079050118604E-01  4.041598443981E-01 -1.327462505974E-01  2.297233081530E-02  3.753582160098E-01  3.063054761321E+00 -2.047680695507E-02  2.920497496379E-02 -8.728168008020E-03 -2.460015640912E-02 -2.778353674212E-04  2.762327202086E-06  5.451201482431E-06  3.271260526604E-06  4.784529146604E-02 -2.762327423197E-06 -6.785537710701E-04  2.781449541754E-20 -2.316435262345E-20 -3.224528280900E-20 -1.444747674695E-03
  7.918794455535E+02  7.993794455535E+02  2.235708070848E+01  1.397103197021E-13  1.686071743991E-02  5.002999661429E+02  2.959573265508E-01  3.976467526076E-01 -1.211082544433E-01  2.160744213891E-02  3.589467355547E-01  2.995100075347E+00 -1.860945920783E-02  2.664174964055E-02 -8.032290432013E-03 -2.126487494815E-02 -1.572796775008E-04 -2.260310748325E-07  3.944971756315E-06 -4.047298831823E-06  4.017020531433E-02  2.260306236729E-07 -1.911139269015E-03  8.378228064287E-21 -2.376973961673E-20 -4.269039703310E-20 -1.188602291712E-03
  8.068794455535E+02  8.143794455535E+02  2.239021960307E+01  8.584631211913E-14  1.416731213360E-02  5.017597912217E+02  2.834505469065E-01  3.886142291522E-01 -1.105790932085E-01  2.070560582050E-02  3.008620605301E-01  2.919611053363E+00 -1.570046692828E-02  2.367016443635E-02 -7.969697507352E-03 -1.713513656728E-02 -1.663501021709E-04  7.217103022179E-08  2.815886524791E-06  2.478096870675E-06  3.416951206248E-02 -7.217154839676E-08 -1.831041968681E-03  1.547551688300E-20 -1.719188261086E-20 -3.573038799425E-20 -9.982209964692E-04
  8.218794455535E+02  8.293794455535E+02  2.242111905844E+01  4.664646071027E-14  1.337586926430E-02  5.031261896697E+02  2.700511942864E-01  3.784196472555E-01 -9.985449952927E-02  1.924981313411E-02  2.864771979390E-01  2.864817559223E+00 -1.358190526271E-02  2.087908124312E-02 -7.297175980483E-03 -1.504361839643E-02  1.788034505007E-04 -5.063742161006E-06 -1.506775892959E-06 -5.170076631429E-06  2.969820845984E-02  5.063741974213E-06 -3.129261003007E-03 -1.863769861852E-20 -2.494526512798E-21 -2.469407679306E-20 -8.619518078856E-04
  8.368794455535E+02  8.443794455535E+02  2.244581716799E+01  1.463151301506E-14  8.291992719956E-03  5.042213278621E+02  2.559388550320E-01  3.680939928310E-01 -8.969666529437E-02  1.765243354116E-02  1.781896304131E-01  2.843688135019E+00 -1.086376134990E-02  1.862187880003E-02 -7.758117450507E-03 -1.278253513981E-02  1.543689104389E-03  5.785609323214E-06 -3.856956839910E-06 -1.019843465847E-05  2.628349308733E-02 -5.785609631806E-06 -2.540156656005E-03  1.937646050889E-20 -1.772015088674E-20 -3.049399614760E-20 -7.715933164356E-04
  8.518794455535E+02  8.593794455535E+02  2.247036090774E+01 -1.175288801466E-14  8.659526611209E-03  5.053146115271E+02  2.413110381089E-01  3.600621518220E-01 -8.009633550881E-02  1.643773581580E-02  1.923529999879E-01  2.803828082086E+00 -7.347013051535E-03  1.493967470707E-02 -7.592661655467E-03 -1.177126890534E-02  7.242601034823E-04  1.524514715737E-07 -3.387488951669E-06 -1.156124197572E-05  2.366216857523E-02 -1.524515923356E-07  6.508390324843E-04 -7.668859565880E-21 -9.969260561747E-21 -2.810961601371E-20 -6.595503053799E-04
  8.668794455535E+02  8.743794455535E+02  2.249019720525E+01 -1.844085763721E-14  9.512317294420E-03  5.061933388118E+02  2.259887100828E-01  3.529285304342E-01 -7.090857573255E-02  1.443781720392E-02  2.179271704059E-01  2.772768475281E+00 -2.848450929656E-03  1.145421125069E-02 -8.605760321285E-03 -9.680202619225E-03  6.270666917786E-04  7.854816789467E-06 -2.474420201037E-06 -6.876317378278E-06  2.067290904691E-02 -7.854816459164E-06  9.308943906645E-04 -7.525793307391E-21  1.353691482364E-21 -1.246740755782E-20 -5.879448923509E-04
  8.818794455535E+02  8.893794455535E+02  2.250916477420E+01 -1.315200581544E-14  1.035922955352E-02  5.070320413318E+02  2.098035735433E-01  3.499994048038E-01 -6.166017249353E-02  1.296404862308E-02  2.425921634630E-01  2.751965138977E+00  1.465210455618E-03  8.310906021808E-03 -9.776116477598E-03 -9.015367975601E-03  7.373720466773E-04 -4.161965588307E-06 -1.029533467990E-06 -1.394730043928E-06  1.954760777733E-02  4.161965514901E-06  1.242455790377E-03 -9.155578265114E-21  7.647737054154E-21  3.774722259173E-20 -5.387696183225E-04
  8.968794455535E+02  9.043794455535E+02  2.252689233888E+01  6.318163295789E-15  1.182922671701E-02  5.078201521254E+02  1.926023751638E-01  3.535735730136E-01 -5.304935913926E-02  1.131545228949E-02  2.813591269606E-01  2.738037245778E+00  6.044279237211E-03  5.270452757855E-03 -1.131473199399E-02 -8.447604569392E-03  5.944528963306E-04 -5.857373385063E-06 -1.718763640694E-06  2.566651846367E-06  1.884507190622E-02  5.857373462038E-06  1.179364535851E-03  1.372514943803E-20 -5.639421082710E-21  8.757784702093E-21 -5.261365929959E-04
  9.118794455535E+02  9.193794455535E+02  2.254447683084E+01  3.720935452117E-14  1.257624188227E-02  5.086068607352E+02  1.732073316310E-01  3.545625386256E-01 -4.430887961579E-02  9.331932231808E-03  3.039666996031E-01  2.725784691754E+00  1.025217967067E-02  2.336297526721E-03 -1.258847719880E-02 -8.097102791467E-03  8.716396131472E-04 -1.574261229525E-07 -3.547370965767E-06  2.741042786154E-06  1.651347332095E-02  1.574263175665E-07  7.970844298567E-04  1.191584531243E-21 -1.441193686113E-20 -1.595425753770E-20 -4.506290481856E-04
  9.268794455535E+02  9.343794455535E+02  2.255781908323E+01  4.595950920186E-14  1.333916360211E-02  5.092062833061E+02  1.523912689930E-01  3.554352761778E-01 -3.637497599684E-02  7.404493776553E-03  3.276976031174E-01  2.728090564328E+00  1.255272149306E-02  6.718499595846E-04 -1.322457145255E-02 -6.295892020919E-03  6.780845907550E-04  4.789223000415E-06  1.624116152151E-06  3.029603131725E-07  1.461214935106E-02 -4.789223429536E-06  1.113818739251E-03 -2.469477177414E-20  1.086459374029E-21  2.009637157438E-21 -3.778921135583E-04
  9.418794455535E+02  9.493794455535E+02  2.257189762775E+01  4.383159619402E-14  1.468657799467E-02  5.098351039833E+02  1.296060447456E-01  3.549416048926E-01 -2.850658645812E-02  6.108358951546E-03  3.659833618442E-01  2.729283121852E+00  1.389542126828E-02  1.385005776083E-04 -1.403392184535E-02 -6.010154208312E-03  7.593887206254E-04  1.777491695250E-05  3.400532473029E-06  1.368701092148E-05  1.340471947059E-02 -1.777491695884E-05  3.957523015862E-03 -1.622344644826E-20  2.765826590757E-21 -4.966596157355E-21 -3.425976924915E-04
  9.568794455535E+02  9.643794455535E+02  2.258297661867E+01  4.987477842470E-14  2.079617804436E-02  5.103388595507E+02  1.019748652104E-01  3.546222436645E-01 -2.024807615811E-02  4.243251931201E-03  5.087040831830E-01  2.697574008058E+00  1.645347137028E-02 -1.865295690017E-03 -1.458817568017E-02 -4.908042899183E-03 -4.329448481762E-04  1.358560041246E-05  2.564576374350E-06  1.662619750234E-05  1.024005995185E-02 -1.358560075685E-05  3.641765208769E-03 -6.503805817990E-21 -6.385850538499E-21  9.107900146005E-22 -2.767315347252E-04
  9.718794455535E+02  9.793794455535E+02  2.259111789237E+01  4.420450539899E-14  2.155303519228E-02  5.107101516904E+02  7.590264892415E-02  3.703147737328E-01 -1.166326463339E-02  2.893585471396E-03  5.315352857013E-01  2.938138432987E+00 -3.996585095568E-03  1.222153368706E-02 -8.224948591868E-03 -4.112925770296E-03 -3.520650448189E-04  1.110579501732E-05  4.428280832336E-06  6.073069097949E-06  1.233953681923E-02 -1.110579496809E-05 -3.367294773011E-03 -5.214016151668E-21  6.482655685473E-21  4.719586236083E-21 -3.205799449817E-04
  9.868794455535E+02  9.943794455535E+02  2.260616054599E+01  1.680189386963E-14  1.446029938990E-02  5.114824395880E+02  2.412376935952E-02  4.630009818496E-01 -3.346286776419E-03  8.029959757537E-04  3.706025355327E-01  2.683043199395E+00  9.218325080457E-03 -5.877920085361E-03 -3.340404994419E-03 -4.526115796673E-03  2.562355101627E-03 -2.841209056665E-06  1.925267738559E-06  1.937726462052E-06  8.011303165580E-03  2.841208721904E-06 -3.767102967537E-03 -1.034963597817E-20 -1.692181593745E-21 -4.722263276597E-21 -1.004821176840E-04
