                   y                  ym                   U                   V                   W                 U^2                 V^2                 W^2                  UV                  VW                  UW                VISC               SFSxx               SFSyy               SFSzz               SFSxy               SFSyz                dUdX                dVdX                dWdX                dUdY                dVdY                dWdY                dUdZ                dVdZ                dWdZ              SFSxym
 -4.000000000000E+00 -2.000000000000E+00  0.000000000000E+00  0.000000000000E+00  0.000000000000E+00  0.000000000000E+00  0.000000000000E+00  0.000000000000E+00  0.000000000000E+00  0.000000000000E+00  0.000000000000E+00  0.000000000000E+00  0.000000000000E+00  0.000000000000E+00  0.000000000000E+00  0.000000000000E+00  0.000000000000E+00  0.000000000000E+00  0.000000000000E+00  0.000000000000E+00  0.000000000000E+00  0.000000000000E+00  0.000000000000E+00  0.000000000000E+00  0.000000000000E+00  0.000000000000E+00  0.000000000000E+00
  2.220446049250E-16  2.000000000000E+00  9.728090675660E+00  1.326461195657E-14 -1.229088974146E-01  9.841936668495E+01  9.110813391772E-02  1.228201878327E+00 -2.748238614020E-01 -2.739973067660E-03 -1.176917215325E+00  1.883664338790E+00 -5.041973543064E-03  2.134148421928E-02 -1.629951067910E-02 -9.539611356707E+00  8.531983115562E-02 -1.970528712658E-03 -1.798487122787E-04  4.342906301574E-05  4.383429566345E+01  1.970528713150E-03 -5.142443082637E-01  3.324889096107E-20  7.606697700886E-22  1.009610033736E-20 -3.407415698193E-02
  4.000000000000E+00  6.000000000000E+00  1.218954186786E+01  3.728672033314E-14 -1.346446596540E-01  1.532571397120E+02  3.670339779714E-01  1.353793609675E+00 -5.961219111418E-01 -2.671720741691E-03 -1.615029819530E+00  7.718544479434E+00  5.522520614706E-01 -4.738299271505E-01 -7.842213433719E-02 -2.785766692236E+00 -1.117014905042E-01  5.270331263980E-04 -2.924152036795E-04  3.258214113867E-05  6.388459523849E+00 -5.270331263492E-04 -2.209143418189E-02  1.864493695289E-21 -8.759418023059E-21  1.939141625409E-21 -1.822149893452E-01
  8.000000000000E+00  1.000000000000E+01  1.292180786993E+01  5.629883148214E-14 -1.337225395449E-01  1.708591286976E+02  4.676417024262E-01  1.288850629773E+00 -5.724789755736E-01 -3.214039135718E-03 -1.698328629101E+00  8.165067445759E+00  2.711729667610E-01 -6.281724220257E-01  3.569994552617E-01 -1.341515383518E+00 -4.266580168425E-02  4.293232782692E-04 -1.824832026423E-04  2.466488671501E-05  2.840577108369E+00 -4.293232779830E-04  7.976682879604E-03  3.859038720322E-21  1.486320465110E-20  1.013214399459E-19 -8.117339967140E-02
  1.200000000000E+01  1.400000000000E+01  1.360975193870E+01  6.792939908490E-14 -1.305654471619E-01  1.890583088937E+02  5.265568844393E-01  1.268619554687E+00 -6.245640119645E-01 -2.800148066301E-03 -1.745167165227E+00  8.048290612837E+00  2.559167847113E-01 -5.793933228536E-01  3.234765381388E-01 -1.281063914632E+00 -1.775043873970E-03  1.923872546498E-04 -1.127797948698E-04  3.921856082178E-05  2.331203637446E+00 -1.923872545074E-04  1.879675734687E-02 -2.272599185874E-20  1.879997148168E-21  5.001488838230E-20 -6.887783234808E-02
  1.600000000000E+01  1.800000000000E+01  1.408763380870E+01  7.705713331597E-14 -1.243576433533E-01  2.020944952284E+02  5.726146941545E-01  1.252608890160E+00 -6.226110675797E-01 -3.092541223886E-03 -1.718043720373E+00  7.582516733386E+00  2.097708936513E-01 -5.197371444200E-01  3.099662507655E-01 -9.021299629654E-01 -3.891857552617E-03  1.267877585410E-04 -7.335944346308E-05 -3.383158760186E-05  1.791242436628E+00 -1.267877584027E-04  2.208455568594E-02  2.257650044547E-20  4.227300706684E-20  2.640689586189E-20 -5.205808283702E-02
  2.000000000000E+01  2.200000000000E+01  1.450532319870E+01  8.627440645573E-14 -1.194715899096E-01  2.139489216853E+02  6.107843429443E-01  1.246948729383E+00 -6.375905440487E-01 -3.391600409690E-03 -1.695917984347E+00  7.285275064729E+00  1.870570937505E-01 -4.752388356909E-01  2.881817419281E-01 -7.756878127841E-01 -4.260501819448E-03  1.685599784939E-04 -5.107861800520E-05  7.234537000916E-05  1.509531411803E+00 -1.685599782370E-04  1.827990265870E-02 -1.726272036546E-20 -8.998703361996E-21  1.510214919807E-19 -4.386680130862E-02
  2.400000000000E+01  2.600000000000E+01  1.484225007947E+01  8.868522033643E-14 -1.151215028356E-01  2.237339854102E+02  6.422808084968E-01  1.240355552923E+00 -6.380640299220E-01 -3.777903638717E-03 -1.666686359523E+00  6.954680280151E+00  1.630075623346E-01 -4.355469754711E-01  2.725394131278E-01 -6.259900320532E-01 -5.134479541908E-03  1.509576016783E-04 -3.423824322861E-05  6.089699497089E-05  1.268933928092E+00 -1.509576017783E-04  1.380683776785E-02 -7.180888436496E-21  4.237155187750E-21  8.764313867455E-20 -3.646398556266E-02
  2.800000000000E+01  3.000000000000E+01  1.513976692371E+01  9.397272138686E-14 -1.126145180936E-01  2.325874480328E+02  6.680911627991E-01  1.235902979722E+00 -6.430249041441E-01 -4.251621164258E-03 -1.661012369940E+00  6.686395578898E+00  1.464056113002E-01 -4.032682211124E-01  2.568626098089E-01 -5.455030995918E-01 -3.454297800394E-03  1.237836780409E-04 -1.977734479389E-05 -3.708171931860E-06  1.108841295399E+00 -1.237836776533E-04  7.918540627774E-03 -1.138746135723E-20  1.472073097945E-21  7.013805025780E-20 -3.175589698403E-02
  3.200000000000E+01  3.400000000000E+01  1.539682763120E+01  1.071568541365E-13 -1.112601968777E-01  2.403725656075E+02  6.891398021881E-01  1.230436167641E+00 -6.425937235245E-01 -4.664099434583E-03 -1.669312080849E+00  6.444270202168E+00  1.313439247194E-01 -3.751975346906E-01  2.438536099668E-01 -4.706388008651E-01 -2.456761445088E-03  4.050788144265E-05 -1.328458739647E-05  1.539127854165E-05  9.799986814174E-01 -4.050788155317E-05  3.739148812015E-03 -9.760447240978E-21 -8.615193790720E-21  1.009117382355E-19 -2.789370324473E-02
  3.600000000000E+01  3.800000000000E+01  1.562983710286E+01  1.181682360470E-13 -1.107346806219E-01  2.475542159711E+02  7.061845167696E-01  1.226022365065E+00 -6.437736618194E-01 -5.108145417401E-03 -1.688162602647E+00  6.230337988364E+00  1.193572048296E-01 -3.514102957266E-01  2.320530909032E-01 -4.233641426229E-01 -1.189948756069E-03  8.742893692686E-06 -1.407366699437E-05 -5.669659492462E-07  8.864874135285E-01 -8.742893598144E-06  1.944795456871E-03 -2.725363399916E-20  7.321027057867E-21  7.741771180612E-20 -2.511022386930E-02
  4.000000000000E+01  4.200000000000E+01  1.583995734871E+01  1.381004480332E-13 -1.102901065717E-01  2.541205675146E+02  7.199434804788E-01  1.221025311627E+00 -6.426829075912E-01 -5.411023465721E-03 -1.706693843098E+00  6.035050061215E+00  1.092854420374E-01 -3.304150069280E-01  2.211295648939E-01 -3.802887182603E-01 -1.206249130608E-03  8.844916421470E-06 -1.183793589296E-05 -9.494040807602E-06  8.068936970526E-01 -8.844916508155E-06  2.193768701581E-03  2.171300333193E-20 -6.542099708833E-21  1.339488446371E-19 -2.272821716729E-02
  4.400000000000E+01  4.600000000000E+01  1.603327137060E+01  1.698385948661E-13 -1.096712362235E-01  2.602465833802E+02  7.309502307739E-01  1.216454653286E+00 -6.420501513669E-01 -5.843760807334E-03 -1.719950498115E+00  5.866298349036E+00  1.010202760923E-01 -3.121783298580E-01  2.111580537648E-01 -3.480097755979E-01 -2.282885438947E-03 -5.756599400709E-06 -9.472994193529E-06  2.419745367556E-06  7.439908030772E-01  5.756599361184E-06  1.253410943457E-03  4.951640672287E-20 -1.077584600512E-20  1.203036403049E-19 -2.081056459274E-02
  4.800000000000E+01  5.000000000000E+01  1.621205035165E+01  2.035727482853E-13 -1.096408873047E-01  2.659793854868E+02  7.396884936462E-01  1.210888634779E+00 -6.405586656970E-01 -6.186186185773E-03 -1.738798195093E+00  5.701944895382E+00  9.330902393468E-02 -2.954599900140E-01  2.021509660760E-01 -3.191985121719E-01 -1.576241097656E-03 -3.760932024746E-05 -7.970212208217E-06  7.151190953618E-06  6.905919339964E-01  3.760932080684E-05 -1.167042062142E-03  3.362385874933E-21 -1.012596442882E-20  1.231195299784E-19 -1.919456479846E-02
  5.200000000000E+01  5.400000000000E+01  1.637843680959E+01  2.383514110908E-13 -1.102217899680E-01  2.713763523490E+02  7.464832896287E-01  1.204188592873E+00 -6.388582027943E-01 -6.623841688571E-03 -1.764439466643E+00  5.554615980462E+00  8.623254774196E-02 -2.805010077236E-01  1.942684599766E-01 -2.954684518162E-01 -1.401266434864E-03  2.806481685949E-05 -9.073057703687E-07  3.544523874061E-06  6.455423480133E-01 -2.806481755133E-05 -2.677322113541E-03  5.523992389257E-20 -1.468515200932E-20  8.882284651210E-20 -1.779536082485E-02
  5.600000000000E+01  5.800000000000E+01  1.653462961285E+01  2.786204899609E-13 -1.109580526374E-01  2.764976730412E+02  7.517814987358E-01  1.196081366336E+00 -6.371174120692E-01 -7.016631919335E-03 -1.790509599199E+00  5.416555399697E+00  8.063964936039E-02 -2.679149787518E-01  1.872753293913E-01 -2.746178059061E-01 -5.568224427301E-04  1.254583672734E-04  9.658370271341E-06  1.178349457823E-05  6.036506482752E-01 -1.254583660764E-04 -2.856989161860E-03 -1.158839104570E-20  6.445621339484E-21  1.493967799070E-19 -1.654983478031E-02
  6.000000000000E+01  6.200000000000E+01  1.668041475466E+01  3.092142499804E-13 -1.115714770176E-01  2.813233943755E+02  7.560166737747E-01  1.187458946110E+00 -6.349264768983E-01 -7.301499585998E-03 -1.814481527083E+00  5.288614904036E+00  7.570181597003E-02 -2.558159626855E-01  1.801141467193E-01 -2.549625877053E-01 -1.611791230754E-04  6.319125077636E-06  1.375337235801E-05 -1.486039949230E-05  5.655121442962E-01 -6.319125231165E-06 -1.830790115476E-03  6.408660546943E-20 -3.231606987066E-20  1.284923346574E-19 -1.544640383541E-02
  6.400000000000E+01  6.600000000000E+01  1.681753042395E+01  3.397681291410E-13 -1.118253770986E-01  2.859008248683E+02  7.591108687267E-01  1.180613433881E+00 -6.325779990464E-01 -7.674697480509E-03 -1.831362415065E+00  5.172657649146E+00  7.067983204940E-02 -2.449992831068E-01  1.743194510545E-01 -2.390262630078E-01 -1.053888385046E-03 -1.361158382229E-05  1.294262930109E-05 -2.400685424307E-05  5.361748779266E-01  1.361158538184E-05 -8.046431489465E-04  5.845703577006E-20 -1.287538448740E-20  1.436112677379E-19 -1.450798153983E-02
  6.800000000000E+01  7.000000000000E+01  1.694845894342E+01  3.716131381203E-13 -1.119701649799E-01  2.903102171407E+02  7.611731112318E-01  1.175069483332E+00 -6.301472834256E-01 -7.961623928223E-03 -1.846777103130E+00  5.076709048677E+00  6.715947409648E-02 -2.362148554877E-01  1.690553813913E-01 -2.253797807020E-01 -1.456671226900E-03  3.645684058350E-05  1.258527320036E-05 -2.658901236320E-06  5.122576980735E-01 -3.645684097018E-05  7.002172614359E-04  1.261253950488E-20 -2.469655011270E-20  6.615505865480E-20 -1.371719280977E-02
  7.200000000000E+01  7.400000000000E+01  1.707358227177E+01  3.842795708378E-13 -1.114697592677E-01  2.945547663145E+02  7.626617064002E-01  1.171286152107E+00 -6.274251227530E-01 -8.297957515580E-03 -1.850742201037E+00  4.978689155168E+00  6.344986189202E-02 -2.271341597939E-01  1.636842979065E-01 -2.134673069134E-01 -1.553486825826E-03  2.401453175856E-05  1.353918567580E-05  2.107483813950E-05  4.886746586913E-01 -2.401453165327E-05  2.456755854760E-03  8.784176484468E-20  1.584846405093E-20  1.643489233783E-19 -1.297057241613E-02
  7.600000000000E+01  7.800000000000E+01  1.719281567564E+01  3.944064961778E-13 -1.107458608919E-01  2.986290413675E+02  7.635979766145E-01  1.168661794390E+00 -6.246226417504E-01 -8.642981696348E-03 -1.851154727709E+00  4.881596827257E+00  6.020842162698E-02 -2.193471287381E-01  1.591387071127E-01 -2.015004325224E-01 -1.916742853573E-03  2.760069683460E-05  1.278929835793E-05  2.114427643273E-05  4.648015240282E-01 -2.760069730091E-05  2.490325795798E-03 -1.250716767656E-20 -8.104994630470E-21  1.116814452985E-19 -1.225412668320E-02
  8.000000000000E+01  8.200000000000E+01  1.730605733311E+01  4.028725781799E-13 -1.102081230321E-01  3.025253346952E+02  7.642185238218E-01  1.164964549365E+00 -6.218555966989E-01 -9.034385687834E-03 -1.854716558109E+00  4.790398809984E+00  5.724471353275E-02 -2.117668659344E-01  1.545221524065E-01 -1.904000845733E-01 -1.766147231650E-03  2.408460735082E-05  9.624378279205E-06  2.249545195846E-05  4.444129849133E-01 -2.408460706070E-05  3.750922341247E-03  2.689315471274E-20 -1.404443135300E-20  1.254031871699E-19 -1.159778356645E-02
  8.400000000000E+01  8.600000000000E+01  1.741492936534E+01  4.072709652164E-13 -1.088816152224E-01  3.062937359290E+02  7.647089718788E-01  1.160629143444E+00 -6.188081434265E-01 -9.267149215258E-03 -1.844293586380E+00  4.699147170259E+00  5.372118345156E-02 -2.036195822563E-01  1.498983988076E-01 -1.806654623810E-01 -2.339046377843E-03 -1.946774620146E-05  9.891912769346E-06 -7.526747611994E-06  4.267172559526E-01  1.946774596452E-05  6.603190382290E-03  2.812249856230E-20  5.093225825720E-21  1.344008823902E-19 -1.096801067008E-02
  8.800000000000E+01  9.000000000000E+01  1.751929458628E+01  4.222820828547E-13 -1.069977790265E-01  3.099276151321E+02  7.647394827477E-01  1.157035862773E+00 -6.159005425630E-01 -9.551966574459E-03 -1.822780945170E+00  4.609619112183E+00  5.119099941809E-02 -1.962419891495E-01  1.450509897346E-01 -1.707116291014E-01 -3.016006410785E-03 -1.201281596918E-05  1.354885852545E-05 -1.344406876006E-05  4.078514866696E-01  1.201281620203E-05  9.232244839476E-03  1.128314540214E-20 -7.282859794606E-21  1.623634730616E-19 -1.038994828972E-02
  9.200000000000E+01  9.400000000000E+01  1.761884692698E+01  4.376204943852E-13 -1.043010731689E-01  3.134139443163E+02  7.641074718796E-01  1.153668779420E+00 -6.125150286271E-01 -9.783187116224E-03 -1.786165307906E+00  4.527622190899E+00  4.879130601740E-02 -1.900850256886E-01  1.412937196744E-01 -1.616012296181E-01 -3.714788171134E-03  4.633936364498E-05  1.773524053401E-05  2.802061841200E-05  3.912668161153E-01 -4.633936387082E-05  1.120296012775E-02  3.950343987857E-20 -5.390874866304E-20  1.498965248676E-19 -9.894270818072E-03
  9.600000000000E+01  9.800000000000E+01  1.771492071642E+01  4.399033672053E-13 -1.013448689267E-01  3.167984740869E+02  7.629673453670E-01  1.150125748267E+00 -6.093547461257E-01 -1.003981795784E-02 -1.744182431169E+00  4.454308218016E+00  4.614213110375E-02 -1.842576478685E-01  1.381155167682E-01 -1.548384208036E-01 -3.920075034888E-03  1.990284774336E-05  2.246811829440E-05  2.898034701849E-05  3.769528841333E-01 -1.990284746514E-05  1.040553132552E-02 -2.189051402729E-21 -1.785439854447E-20  1.431267986742E-19 -9.452357109716E-03
  1.000000000000E+02  1.020000000000E+02  1.780731218878E+01  4.461436698954E-13 -9.907726093873E-02  3.200668923873E+02  7.614567403155E-01  1.145473209243E+00 -6.059724164637E-01 -1.024230600909E-02 -1.713185435998E+00  4.382498252706E+00  4.432869493952E-02 -1.787445690012E-01  1.344158740610E-01 -1.479404934168E-01 -3.256441182620E-03  1.369008196019E-05  2.694737080957E-05  5.571122632032E-06  3.614619813141E-01 -1.369008211328E-05  7.419719363632E-03 -3.823917656376E-20 -3.948899646577E-20  1.201324734978E-19 -9.013112055177E-03
  1.040000000000E+02  1.060000000000E+02  1.789574201905E+01  4.547578077996E-13 -9.759554879750E-02  3.232112967749E+02  7.596719628520E-01  1.139212630215E+00 -6.025129284533E-01 -1.042203359102E-02 -1.696246299086E+00  4.315136665498E+00  4.220844718139E-02 -1.735177314304E-01  1.313092842464E-01 -1.406787192505E-01 -2.777068256089E-03  1.739628041885E-05  2.773211487253E-05  2.506513038472E-05  3.471810477093E-01 -1.739628002669E-05  4.790275664855E-03  2.893168399312E-20 -4.525746198001E-20  1.122748362542E-19 -8.596262762147E-03
  1.080000000000E+02  1.100000000000E+02  1.798100373548E+01  4.556068923465E-13 -9.666706847629E-02  3.262576591479E+02  7.575568667152E-01  1.132431273381E+00 -5.991878262816E-01 -1.058066170256E-02 -1.689467467110E+00  4.252515591239E+00  4.015772723290E-02 -1.681947006112E-01  1.280369733752E-01 -1.344740403347E-01 -2.239059814693E-03 -5.464014172046E-06  2.510691313225E-05  3.121631342629E-05  3.352440019688E-01  5.464014187541E-06  2.991741613745E-03  5.812852453577E-20  3.532621238886E-21  9.202571941913E-20 -8.240952235994E-03
  1.120000000000E+02  1.140000000000E+02  1.806334405983E+01  4.584072383837E-13 -9.618014073148E-02  3.292114202475E+02  7.552309967415E-01  1.124770664633E+00 -5.956611372883E-01 -1.074087601946E-02 -1.689810938375E+00  4.188074742096E+00  3.861295517251E-02 -1.635147895781E-01  1.249018344061E-01 -1.291048571266E-01 -1.674949663842E-03 -1.002008480527E-06  2.495129816809E-05  1.627919686319E-05  3.228818987829E-01  1.002008797101E-06  1.515606014907E-03 -5.936956675967E-20  5.042836156557E-21  1.441974847948E-19 -7.884043253091E-03
  1.160000000000E+02  1.180000000000E+02  1.814238148275E+01  4.569270549310E-13 -9.595648741323E-02  3.320559216921E+02  7.529083892049E-01  1.115965151623E+00 -5.921904091442E-01 -1.092523597428E-02 -1.695310645137E+00  4.122484171423E+00  3.705930909010E-02 -1.590452596747E-01  1.219859505881E-01 -1.231828555780E-01 -1.414653762197E-03  5.010252304745E-06  2.900782770699E-05  2.587416471920E-06  3.097805081421E-01 -5.010252461414E-06  2.808994873578E-04  4.488093843926E-20 -1.256930797978E-20  1.557046990243E-19 -7.510332923200E-03
  1.200000000000E+02  1.220000000000E+02  1.821828220063E+01  4.456796855757E-13 -9.604231619034E-02  3.347958985664E+02  7.504116101750E-01  1.105367817754E+00 -5.886348531587E-01 -1.105090050284E-02 -1.706990112614E+00  4.060289514283E+00  3.536526704579E-02 -1.545763025966E-01  1.192110355489E-01 -1.172128536669E-01 -9.546458921310E-04  2.014310446105E-05  3.061438515973E-05  6.093588869316E-06  2.982087520368E-01 -2.014310416022E-05 -5.057099003064E-04  3.239207902074E-20 -1.885446038839E-20  1.585245415175E-19 -7.166305659315E-03
  1.240000000000E+02  1.260000000000E+02  1.829163193341E+01  4.409457722276E-13 -9.624492405976E-02  3.374525224903E+02  7.476468624111E-01  1.094250841896E+00 -5.850299666426E-01 -1.113695787484E-02 -1.720523577953E+00  4.007141807411E+00  3.445038041897E-02 -1.512615760759E-01  1.168111956593E-01 -1.121183033321E-01 -6.679563298946E-04  2.581656972479E-05  2.633635746130E-05  1.305013867472E-05  2.892833315256E-01 -2.581657005072E-05 -2.796575945413E-03  3.298578117959E-21 -4.578275813574E-20  1.394943021299E-19 -6.879564226068E-03
  1.280000000000E+02  1.300000000000E+02  1.836297860283E+01  4.309086519318E-13 -9.745113920960E-02  3.400451264858E+02  7.447264979793E-01  1.084201024628E+00 -5.812812061232E-01 -1.127783388653E-02 -1.752283270594E+00  3.954496918814E+00  3.335682192707E-02 -1.478795905978E-01  1.145227686703E-01 -1.081098954426E-01  1.363791518633E-04  1.027981905909E-05  2.112313029265E-05  1.294137330934E-05  2.791617967944E-01 -1.027981859250E-05 -5.740900881126E-03  4.470816902401E-20 -8.985779591153E-21  1.057671561340E-19 -6.612715427301E-03
  1.320000000000E+02  1.340000000000E+02  1.843113379836E+01  4.063185511429E-13 -9.906389226176E-02  3.425288663985E+02  7.417587985519E-01  1.075746289871E+00 -5.776147604219E-01 -1.137324657811E-02 -1.791507332426E+00  3.904987786797E+00  3.247862470613E-02 -1.448154030017E-01  1.123367782942E-01 -1.034335258836E-01  5.773659214755E-04 -7.552744339577E-06  1.919133553200E-05  2.178864767590E-05  2.708125676331E-01  7.552743649273E-06 -7.351260946870E-03  4.384947212420E-20  1.993639787395E-20  1.276362888155E-19 -6.370071548834E-03
  1.360000000000E+02  1.380000000000E+02  1.849830143526E+01  3.881164200789E-13 -1.010948779907E-01  3.449876947618E+02  7.389460507616E-01  1.067518290251E+00 -5.737279742452E-01 -1.145927594450E-02 -1.837848222843E+00  3.852080985296E+00  3.100540354329E-02 -1.413581622540E-01  1.103527587131E-01 -1.002893847181E-01  1.319661940242E-03 -6.211300843740E-06  2.001988143220E-05  1.615000360365E-05  2.637588510050E-01  6.211301418939E-06 -7.954837025855E-03 -1.060269691214E-20  1.785527992406E-20  1.607474946422E-19 -6.139223266918E-03
  1.400000000000E+02  1.420000000000E+02  1.856301210066E+01  3.637913691355E-13 -1.030641329810E-01  3.473651034648E+02  7.362321572679E-01  1.058779212444E+00 -5.699445993812E-01 -1.152163418009E-02 -1.883563484914E+00  3.801486616717E+00  2.937174880550E-02 -1.381267061004E-01  1.087549572950E-01 -9.612182387986E-02  6.900560485184E-04 -5.477088736114E-06  2.040094241953E-05  2.643361104987E-06  2.559549797179E-01  5.477087886999E-06 -6.604538097530E-03  2.960818045526E-20 -1.287608200712E-20  1.013261004325E-19 -5.899306283511E-03
  1.440000000000E+02  1.460000000000E+02  1.862633107912E+01  3.401548351438E-13 -1.044199011929E-01  3.496986578380E+02  7.337482957189E-01  1.050747274999E+00 -5.660884663079E-01 -1.162494010543E-02 -1.916986601695E+00  3.756723570025E+00  2.821852241992E-02 -1.349959901796E-01  1.067774677578E-01 -9.288841116119E-02  3.635460192404E-04 -3.687719357643E-06  1.909706266614E-05  1.750620389605E-05  2.484841083241E-01  3.687719413239E-06 -5.430004682081E-03  4.416915344367E-20 -1.819795793747E-20  1.623507886974E-19 -5.703119690930E-03
  1.480000000000E+02  1.500000000000E+02  1.868722150720E+01  3.397526418189E-13 -1.057277658268E-01  3.519483572094E+02  7.316455672769E-01  1.042542392344E+00 -5.622004680673E-01 -1.161518900348E-02 -1.948699024409E+00  3.711968052565E+00  2.713163249610E-02 -1.317914543476E-01  1.046598218513E-01 -8.956116818836E-02  4.971650354961E-04  1.158840093860E-05  1.850745729823E-05  3.310700417198E-05  2.409122385574E-01 -1.158840120991E-05 -4.038638851432E-03 -1.756385561141E-20  1.879927974941E-21  1.139029785646E-19 -5.515213354278E-03
  1.520000000000E+02  1.540000000000E+02  1.874667821741E+01  3.352019194621E-13 -1.063789477985E-01  3.541523400394E+02  7.296833900962E-01  1.033970301574E+00 -5.582336149433E-01 -1.164621110856E-02 -1.967859696957E+00  3.669001565146E+00  2.615487117670E-02 -1.288077465785E-01  1.026528754012E-01 -8.711459803277E-02  1.181053303685E-05  9.497280511528E-06  2.100587091968E-05  3.091745844172E-05  2.350475003940E-01 -9.497280643932E-06 -2.787012084118E-03  2.969548237030E-20 -2.717959076355E-20  1.810877662315E-19 -5.350025078967E-03
  1.560000000000E+02  1.580000000000E+02  1.880474675450E+01  3.265373359438E-13 -1.071482501468E-01  3.563140365196E+02  7.276930459079E-01  1.025697629422E+00 -5.544107855442E-01 -1.165857355076E-02 -1.988898346360E+00  3.630976107984E+00  2.521124125302E-02 -1.260452312929E-01  1.008339900425E-01 -8.400442375011E-02 -8.189914211761E-05 -3.486597434762E-06  2.390541465813E-05  3.063502244746E-05  2.292509282766E-01  3.486597299867E-06 -2.772373775673E-03  4.772077108664E-20  3.424004106374E-21  9.977163639049E-20 -5.164372040421E-03
  1.600000000000E+02  1.620000000000E+02  1.886137906992E+01  3.350984544824E-13 -1.077897022925E-01  3.584248959389E+02  7.256827600315E-01  1.017518996817E+00 -5.504327879631E-01 -1.164785375611E-02 -2.007888102281E+00  3.587497536827E+00  2.455983433399E-02 -1.234033450913E-01  9.884351075548E-02 -8.128880459288E-02 -1.119173277858E-04  6.236592538196E-07  2.499915019829E-05  3.164369501834E-05  2.225337556179E-01 -6.236592172641E-07 -2.561867469029E-03 -2.860051782758E-20 -1.078294013965E-20  1.102599116702E-19 -4.986329230545E-03
  1.640000000000E+02  1.660000000000E+02  1.891605288806E+01  3.408382589475E-13 -1.083840452213E-01  3.604715023459E+02  7.237653852551E-01  1.009414872743E+00 -5.465047934527E-01 -1.163405943593E-02 -2.026433302921E+00  3.543070062396E+00  2.366028879359E-02 -1.202991710436E-01  9.663888224917E-02 -7.833359789688E-02 -6.982080741319E-07 -2.152101221375E-06  2.481202302476E-05  2.837493912790E-05  2.162510821638E-01  2.152101148307E-06 -2.362894864004E-03 -5.614213089771E-20 -1.316956676490E-20  9.899750785945E-20 -4.810187857762E-03
  1.680000000000E+02  1.700000000000E+02  1.896949139435E+01  3.384814926897E-13 -1.089631812747E-01  3.624778778296E+02  7.219135294234E-01  1.002976147773E+00 -5.424581102880E-01 -1.165148161239E-02 -2.043832167414E+00  3.500498926592E+00  2.255248996931E-02 -1.175288409143E-01  9.497635094523E-02 -7.557862989315E-02 -2.118036247572E-04 -3.441171479732E-05  2.384134616094E-05  3.012017206778E-05  2.094687242989E-01  3.441171478589E-05 -3.316899535768E-03  1.383009703623E-20 -2.431246890372E-20  1.562578304103E-19 -4.628463608269E-03
  1.720000000000E+02  1.740000000000E+02  1.902075130668E+01  3.497257779958E-13 -1.100949168712E-01  3.644071934283E+02  7.199265166972E-01  9.972283148039E-01 -5.385617113386E-01 -1.163085058203E-02 -2.072363814511E+00  3.463217815933E+00  2.166103772237E-02 -1.151804540706E-01  9.351941634938E-02 -7.267090761375E-02  1.581752920992E-04 -3.011467138289E-05  2.299870073200E-05  4.014733295138E-05  2.016954431637E-01  3.011467133661E-05 -5.488563856075E-03 -1.613976347175E-20 -2.775683003690E-20  1.145928998496E-19 -4.460718255044E-03
  1.760000000000E+02  1.780000000000E+02  1.907027942900E+01  3.560682997004E-13 -1.116943606054E-01  3.662762414803E+02  7.177226692062E-01  9.904046385096E-01 -5.345900367272E-01 -1.164296481089E-02 -2.110477870348E+00  3.424868474234E+00  2.091426231086E-02 -1.126873999799E-01  9.177313767007E-02 -7.022412702891E-02  9.239896956496E-04 -2.300695722634E-05  2.377828045299E-05  2.346457335678E-05  1.943758679887E-01  2.300695727277E-05 -7.945472766258E-03 -2.715895952407E-20 -3.649900694838E-20  1.056972411654E-19 -4.307152628566E-03
  1.800000000000E+02  1.820000000000E+02  1.911790432940E+01  3.507166135922E-13 -1.140365455996E-01  3.680778700368E+02  7.153886848199E-01  9.822227687914E-01 -5.306512417138E-01 -1.160623385927E-02 -2.162145470705E+00  3.391694904011E+00  2.035230494094E-02 -1.104787472653E-01  9.012644232593E-02 -6.761115130315E-02  1.498228226498E-03 -8.194464351288E-06  2.547288561449E-05  2.914332321417E-06  1.887807164866E-01  8.194464239340E-06 -9.370277079363E-03  1.622831783836E-20 -4.532629443960E-20  1.477423122476E-19 -4.165985933493E-03
  1.840000000000E+02  1.860000000000E+02  1.916471769863E+01  3.583838274251E-13 -1.164105274317E-01  3.698531495268E+02  7.129510480764E-01  9.738386723894E-01 -5.267031941750E-01 -1.152997776581E-02 -2.215564832931E+00  3.359489434859E+00  1.979796739100E-02 -1.085166752501E-01  8.871870785818E-02 -6.562280538263E-02  1.350544531247E-03 -1.051454804690E-05  2.447014320793E-05  2.135980713942E-05  1.845228888725E-01  1.051454798764E-05 -8.087708663445E-03  3.710107522170E-21 -3.959023423104E-21  1.316900883697E-19 -4.039616908215E-03
  1.880000000000E+02  1.900000000000E+02  1.921016141209E+01  3.676992601367E-13 -1.180610184549E-01  3.715818356389E+02  7.103700374049E-01  9.660426946356E-01 -5.227681502699E-01 -1.148215250869E-02 -2.254705721265E+00  3.326278882790E+00  1.907781995782E-02 -1.063594074027E-01  8.728158744648E-02 -6.360848901768E-02  7.738132137029E-04 -2.090544851781E-05  2.274358051161E-05  2.700526650489E-05  1.810321801961E-01  2.090544835732E-05 -6.434479804084E-03  2.803885140446E-20  5.416838568319E-21  1.337324121782E-19 -3.929795996904E-03
  1.920000000000E+02  1.940000000000E+02  1.925520405906E+01  3.631236682149E-13 -1.195726106873E-01  3.733006925472E+02  7.077021791394E-01  9.589386884675E-01 -5.188788713501E-01 -1.141471894337E-02 -2.290652270660E+00  3.291907596753E+00  1.892127511898E-02 -1.046804006053E-01  8.575912548801E-02 -6.195028526288E-02  7.723833917516E-04  6.191963115423E-06  2.223365063204E-05  6.754011594973E-06  1.766831572660E-01 -6.191963006135E-06 -5.818396286330E-03 -1.314649527014E-20 -1.858533599826E-20  6.394057750619E-20 -3.806424324180E-03
  1.960000000000E+02  1.980000000000E+02  1.929855232085E+01  3.602437598082E-13 -1.209827318446E-01  3.749607239171E+02  7.051814126370E-01  9.535884862501E-01 -5.150755682934E-01 -1.134842832761E-02 -2.324373574721E+00  3.265220092108E+00  1.863807227090E-02 -1.031186865814E-01  8.448061431247E-02 -5.971564417345E-02  4.058427042769E-04  1.045685373700E-06  1.977722626680E-05 -9.081103682636E-07  1.733978466496E-01 -1.045685449870E-06 -5.936569577268E-03 -4.655465994464E-21  6.030469747061E-21  1.255022237277E-19 -3.683803125210E-03
  2.000000000000E+02  2.020600000000E+02  1.934192374100E+01  3.589021766413E-13 -1.225761831289E-01  3.766229992418E+02  7.025195786825E-01  9.487243430092E-01 -5.112004333661E-01 -1.130742403373E-02 -2.361350710301E+00  3.236304413568E+00  1.729915582163E-02 -9.977490732355E-02  8.247575150191E-02 -5.846433555988E-02  1.096188947940E-03 -3.255855357276E-05  1.600667208525E-05  2.564420120159E-05  1.696637111818E-01  3.255855386406E-05 -6.920664128791E-03 -3.100089821031E-20 -1.036857645923E-20  1.637609565786E-19 -3.636177654828E-03
  2.041200000000E+02  2.062418000000E+02  1.938588641408E+01  3.469104010133E-13 -1.245211343417E-01  3.783128381806E+02  6.998785876859E-01  9.441881807037E-01 -5.071965132520E-01 -1.119374023046E-02 -2.404347419656E+00  3.210643379271E+00  1.615446599949E-02 -9.626415183731E-02  8.010968583619E-02 -5.781415630480E-02  1.329561917352E-03 -3.052554278305E-05  1.426744455755E-05  3.378165864303E-05  1.664153364513E-01  3.052554232897E-05 -6.891525316751E-03  2.979347079115E-20 -6.539843346911E-21  8.599460779265E-20 -3.570317272650E-03
  2.083636000000E+02  2.105490540000E+02  1.943016684275E+01  3.312101638960E-13 -1.262064049845E-01  3.800171825647E+02  6.972676578952E-01  9.381977319215E-01 -5.031668454169E-01 -1.116041248882E-02 -2.441441763191E+00  3.178581987362E+00  1.477483066723E-02 -9.227860171964E-02  7.750377105301E-02 -5.653655856801E-02  1.597687095866E-03 -1.702328029148E-06  1.482882482470E-05  2.023106791815E-05  1.623461902448E-01  1.702328654430E-06 -6.697548363309E-03 -5.218481973220E-20 -1.652036163783E-20  1.327259769220E-19 -3.501847469554E-03
  2.127345080000E+02  2.149855256200E+02  1.947459335979E+01  3.166196451433E-13 -1.282187284233E-01  3.817321399761E+02  6.946009485628E-01  9.326787368147E-01 -4.989690775825E-01 -1.097736963878E-02 -2.485718017194E+00  3.153240766806E+00  1.362514520735E-02 -8.892319504285E-02  7.529804983518E-02 -5.539985065414E-02  1.683544672777E-03 -4.089490605625E-06  1.563384929697E-05  2.980235693834E-05  1.570056604509E-01  4.089489926741E-06 -7.723916881455E-03 -2.661665042917E-20 -3.245235777678E-21  8.654446503986E-20 -3.406481003714E-03
  2.172365432400E+02  2.195550913886E+02  1.951853697402E+01  3.086186633218E-13 -1.305547994286E-01  3.834327832141E+02  6.918552950243E-01  9.279147149565E-01 -4.948185004249E-01 -1.087899393491E-02 -2.535645834697E+00  3.125960666662E+00  1.243565178109E-02 -8.551176711256E-02  7.307611533183E-02 -5.363563269865E-02  1.816503233056E-03 -1.443745263923E-05  1.642415011542E-05  3.626159807374E-05  1.515220728477E-01  1.443745272647E-05 -8.557224037805E-03 -5.487390130461E-20  5.658215883538E-21  8.002605014732E-20 -3.313318349766E-03
  2.218736395372E+02  2.242617441303E+02  1.956242536403E+01  3.026669766956E-13 -1.331486734804E-01  3.851356898383E+02  6.891041560501E-01  9.222466057897E-01 -4.905329867516E-01 -1.066556719587E-02 -2.591027276497E+00  3.097219916431E+00  1.130024104261E-02 -8.172813409770E-02  7.042789305403E-02 -5.238949547821E-02  2.029793769715E-03 -1.903454201161E-05  1.806993090901E-05  1.900409303523E-05  1.469886158099E-01  1.903454170517E-05 -7.728859403387E-03 -4.078524936975E-20  1.291033459497E-20  7.201242706550E-20 -3.232771289310E-03
  2.266498487233E+02  2.291095964542E+02  1.960628362774E+01  2.907984567845E-13 -1.351992482258E-01  3.868406738616E+02  6.862693680817E-01  9.160630810320E-01 -4.861827489685E-01 -1.057860017812E-02 -2.635304201502E+00  3.074648273101E+00  9.677781267543E-03 -7.781713120187E-02  6.813934993472E-02 -5.105902620459E-02  1.631304358355E-03 -1.797594494069E-05  1.905626562936E-05  1.610681866671E-05  1.437311332712E-01  1.797594506695E-05 -5.292209599435E-03 -5.491729121855E-20 -2.878369860904E-20  8.397509655854E-20 -3.175205276073E-03
  2.315693441850E+02  2.341028843478E+02  1.965079187155E+01  2.799941230836E-13 -1.364394734414E-01  3.885765376386E+02  6.832881749920E-01  9.094071282404E-01 -4.816479690468E-01 -1.027481762422E-02 -2.666600498264E+00  3.055451022527E+00  8.320889946148E-03 -7.374902945066E-02  6.542813950544E-02 -5.058840667186E-02  1.041484151703E-03 -6.448420046565E-06  1.960885025838E-05  2.191627088101E-05  1.414962891869E-01  6.448419852285E-06 -3.987868562448E-03 -1.021591706309E-19 -1.024368381464E-20  7.979534086779E-20 -3.150832512001E-03
  2.366364245106E+02  2.392459708782E+02  1.969588683600E+01  2.727796870039E-13 -1.377245017000E-01  3.903386532056E+02  6.801151201262E-01  9.023988454670E-01 -4.770998795124E-01 -1.013580448022E-02 -2.699166448516E+00  3.036585643746E+00  6.919450380445E-03 -6.971919999004E-02  6.279974961066E-02 -5.036010351736E-02  8.966414337164E-04 -1.074546102258E-05  2.068965245491E-05  4.348634309169E-06  1.407801803712E-01  1.074546088868E-05 -2.802392111281E-03 -4.339526563767E-20  8.701962136880E-21  4.080987543484E-20 -3.153253392615E-03
  2.418555172459E+02  2.445433500046E+02  1.974263869234E+01  2.687988957574E-13 -1.382954493584E-01  3.921669005861E+02  6.766235302527E-01  8.954191095099E-01 -4.724414771288E-01 -9.814824257761E-03 -2.718105294424E+00  3.013786675997E+00  5.736388845508E-03 -6.570958839395E-02  5.997319954804E-02 -5.042288552742E-02  5.900691044335E-04  1.383489311928E-05  2.189898425297E-05 -6.799391029215E-06  1.405010744006E-01 -1.383489323523E-05 -1.216501967491E-03 -6.475125123204E-20 -2.023069568520E-20  4.000899137827E-20 -3.155857992049E-03
  2.472311827633E+02  2.499996505047E+02  1.979031642957E+01  2.643523233069E-13 -1.385997968215E-01  3.940348090284E+02  6.727411635763E-01  8.891021093737E-01 -4.676649655396E-01 -9.515567301663E-03 -2.730790724790E+00  2.991598987845E+00  4.390817345777E-03 -6.198232770976E-02  5.759151036341E-02 -5.039638136995E-02  4.776906058992E-04  1.490517570004E-05  2.325140171489E-05  7.479968982985E-06  1.393298971417E-01 -1.490517567623E-05 -1.866277890673E-03 -4.223425864739E-20 -2.888524497382E-20  7.628340728983E-20 -3.133375932055E-03
  2.527681182462E+02  2.556196400198E+02  1.983906881743E+01  2.560183812635E-13 -1.396551186822E-01  3.959465140752E+02  6.685152374714E-01  8.833008402940E-01 -4.630435731302E-01 -9.171538736618E-03 -2.757175899578E+00  2.977248263359E+00  3.017357664447E-03 -5.848593502267E-02  5.546857735812E-02 -4.991618782423E-02  1.026216883847E-03  2.290011729101E-05  2.510504903449E-05  1.477271142615E-05  1.384072754297E-01 -2.290011739672E-05 -4.664467030455E-03 -4.305945320481E-20 -2.372950622568E-20  3.427498047048E-20 -3.112337736125E-03
  2.584711617935E+02  2.614082292204E+02  1.988901375041E+01  2.466794254396E-13 -1.419954578545E-01  3.979071716337E+02  6.640930615472E-01  8.767931169492E-01 -4.580983498192E-01 -8.664241266389E-03 -2.809221490238E+00  2.963999278502E+00  1.862004764385E-03 -5.518087142854E-02  5.331886666443E-02 -4.977375638168E-02  1.609874114707E-03  2.273197037293E-05  2.376036003348E-05  1.461422773755E-05  1.349805004440E-01 -2.273197037581E-05 -5.702855365389E-03 -5.150811937200E-20 -3.982037306403E-20  8.983910732304E-20 -3.086442622078E-03
  2.643452966473E+02  2.673704760971E+02  1.993821973804E+01  2.407518605770E-13 -1.438713912291E-01  3.998403505845E+02  6.595015253911E-01  8.696683440538E-01 -4.533523959159E-01 -8.132747591137E-03 -2.850833719976E+00  2.940864462165E+00  2.308770639804E-04 -5.101121913691E-02  5.078034207296E-02 -4.889918779223E-02  1.478403380592E-03  1.374969811329E-05  1.810879355086E-05  1.817748370534E-05  1.315494683030E-01 -1.374969824059E-05 -4.945845306355E-03 -7.134800989938E-20 -4.268226659503E-21  5.992574866363E-20 -3.031040197458E-03
  2.703956555468E+02  2.735115903800E+02  1.998851680712E+01  2.413075471501E-13 -1.457294456296E-01  4.018224351566E+02  6.547093450233E-01  8.614663496760E-01 -4.483373154093E-01 -7.372902742449E-03 -2.893387543091E+00  2.921349749431E+00 -8.463641010789E-04 -4.695366458485E-02  4.780002868602E-02 -4.821837586961E-02  1.411984753852E-03  5.436843441916E-06  1.137165792030E-05  2.188627821847E-05  1.287210313250E-01 -5.436843358124E-06 -5.084120194009E-03 -9.531370875692E-20 -4.511427626784E-20  3.087787987379E-20 -2.977723651482E-03
  2.766275252132E+02  2.798369380914E+02  2.003846287224E+01  2.458423513952E-13 -1.478166576132E-01  4.037917402748E+02  6.497972125543E-01  8.518202442747E-01 -4.433511806460E-01 -6.821529350041E-03 -2.942135279140E+00  2.903290128250E+00 -2.039337069823E-03 -4.273350675862E-02  4.477284382684E-02 -4.707618192330E-02  1.008649812172E-03  7.394056615574E-06  4.763617759056E-06  1.529093985722E-05  1.250807166533E-01 -7.394056603205E-06 -5.580550258933E-03 -6.706568878511E-20  1.736197060118E-20  6.496791502182E-20 -2.922086752946E-03
  2.830463509696E+02  2.863520462341E+02  2.008882096778E+01  2.492946968649E-13 -1.501967175161E-01  4.057784239184E+02  6.446423628832E-01  8.419230122082E-01 -4.380905457298E-01 -6.174572237445E-03 -2.997706116696E+00  2.883004469342E+00 -3.061858294223E-03 -3.853425047393E-02  4.159610876802E-02 -4.634230689197E-02  1.307398137663E-03  1.687888451239E-05  2.762302260205E-07  1.832971209036E-05  1.202940002548E-01 -1.687888449896E-05 -5.302531267182E-03 -1.027238360484E-19 -6.648551457483E-21  8.230893521097E-20 -2.861505774042E-03
  2.896577414987E+02  2.930626076211E+02  2.013786999531E+01  2.507550345028E-13 -1.521957570287E-01  4.077173580339E+02  6.391693226648E-01  8.313859514115E-01 -4.330005921359E-01 -5.406950121971E-03 -3.044585732774E+00  2.869121754929E+00 -4.389383624741E-03 -3.442070911321E-02  3.881009273833E-02 -4.501394048944E-02  1.400519343720E-03  1.426636240986E-05 -3.374658963483E-06  2.856565395462E-05  1.141716734021E-01 -1.426636239624E-05 -4.391953311095E-03 -2.780847634852E-20 -1.344059310085E-20  3.794371534341E-20 -2.768853817183E-03
  2.964674737436E+02  2.999744858498E+02  2.018603001059E+01  2.484848718569E-13 -1.539229397033E-01  4.096238630032E+02  6.335525172275E-01  8.214480868480E-01 -4.275505995169E-01 -4.711036856306E-03 -3.084803254666E+00  2.864135925262E+00 -5.647176349556E-03 -3.064298343085E-02  3.629015977961E-02 -4.348621660676E-02  1.460953393922E-03  2.037691246893E-05 -8.478822137014E-06  2.901458738128E-05  1.083713330542E-01 -2.037691240290E-05 -4.196666103890E-03 -1.309506107120E-19 -4.213603749616E-20  3.862880336849E-20 -2.672114101564E-03
  3.034814979559E+02  3.070937204253E+02  2.023287738217E+01  2.446545330330E-13 -1.558431663909E-01  4.114761529639E+02  6.277942797066E-01  8.121401120452E-01 -4.222732139743E-01 -3.923618108393E-03 -3.128483567857E+00  2.851068378097E+00 -7.104576333588E-03 -2.672081864958E-02  3.382539498379E-02 -4.202089360496E-02  1.515842200033E-03  1.924169204551E-05 -1.213761098810E-05  2.618422372870E-05  1.018843119407E-01 -1.924169209202E-05 -6.022893040470E-03 -5.754088406074E-20 -2.618471047701E-20  1.775445792276E-21 -2.565794966255E-03
  3.107059428946E+02  3.144265320380E+02  2.027801973711E+01  2.363201974965E-13 -1.593231523162E-01  4.132655848485E+02  6.215322619835E-01  8.064456767404E-01 -4.164476276204E-01 -3.235215820877E-03 -3.206028615800E+00  2.838753670989E+00 -8.502741144039E-03 -2.283594811883E-02  3.133868926354E-02 -4.000462365748E-02  2.091264049605E-03  1.823049795722E-05 -1.265586012693E-05  1.696653726935E-05  9.500616173428E-02 -1.823049793804E-05 -8.018769179084E-03 -1.057556930191E-19 -5.450303818188E-21 -1.584439091312E-20 -2.434318545025E-03
  3.181471211814E+02  3.219793279992E+02  2.032128107091E+01  2.244033587423E-13 -1.632614575022E-01  4.149778898070E+02  6.145790688605E-01  7.999453390125E-01 -4.108702753213E-01 -2.448173294924E-03 -3.294215928161E+00  2.830131060383E+00 -9.546013378980E-03 -1.927699388797E-02  2.882300726718E-02 -3.804545501434E-02  2.170258803475E-03  1.373783927503E-05 -1.358260236051E-05  1.051939462071E-05  9.068035653200E-02 -1.373783922812E-05 -7.798592947574E-03 -7.468304813679E-20 -2.943743196671E-20  2.670343546197E-20 -2.350619444637E-03
  3.258115348169E+02  3.297587078391E+02  2.036494210847E+01  2.174754658764E-13 -1.667696230275E-01  4.167063246292E+02  6.070545820929E-01  7.968284866331E-01 -4.047289410432E-01 -1.858819030912E-03 -3.375890450911E+00  2.828051815012E+00 -1.066302394181E-02 -1.555176795133E-02  2.621479189512E-02 -3.723016238762E-02  2.115937075546E-03 -1.514470667456E-06 -1.515706141627E-05 -8.434857835765E-06  8.811360749185E-02  1.514470600390E-06 -8.010008108060E-03 -6.256484595632E-20 -2.768285216364E-20 -6.932212730563E-21 -2.305678647469E-03
  3.337058808614E+02  3.377714690743E+02  2.040823539635E+01  2.104395058095E-13 -1.711369229633E-01  4.184195022159E+02  5.990362686994E-01  7.933899003575E-01 -3.987117549085E-01 -9.963215688799E-04 -3.476420904110E+00  2.828063737747E+00 -1.224271655221E-02 -1.182309523497E-02  2.406581178746E-02 -3.638553903216E-02  2.488808117020E-03 -6.096250937549E-06 -1.419739231461E-05 -1.842120047847E-05  8.524934228503E-02  6.096250896360E-06 -8.818589904401E-03 -1.122518619558E-19 -2.820973610952E-20  1.377494179410E-20 -2.239284406462E-03
  3.418370572872E+02  3.460246131465E+02  2.045158781408E+01  2.004181005183E-13 -1.756879764065E-01  4.201417000059E+02  5.906894271285E-01  7.927073567966E-01 -3.924400136216E-01 -4.243360943145E-04 -3.582212770093E+00  2.836470243997E+00 -1.342266218292E-02 -8.083618673652E-03  2.150628085689E-02 -3.547362993482E-02  2.312379574334E-03 -7.986404739346E-06 -1.034664297237E-05 -2.420806280330E-05  8.189315341584E-02  7.986404736671E-06 -8.701730607777E-03 -9.709520537900E-20 -3.125606186068E-20  1.577819351614E-21 -2.204466681528E-03
  3.502121690058E+02  3.545253515409E+02  2.049400966098E+01  1.916555652607E-13 -1.802095315436E-01  4.218230755585E+02  5.819345686674E-01  7.891679919824E-01 -3.859294854146E-01  3.188138045213E-04 -3.685964784807E+00  2.837805840746E+00 -1.456063361337E-02 -4.296528166015E-03  1.885716177977E-02 -3.486681195853E-02  2.673710943532E-03 -3.667653356951E-06 -4.911172369786E-06 -2.760797290866E-05  7.826542506468E-02  3.667653303302E-06 -9.107457692274E-03 -1.486148935398E-19 -3.461005040713E-20  2.716256585815E-20 -2.152194977981E-03
  3.588385340760E+02  3.632811120872E+02  2.053604489705E+01  1.842816084915E-13 -1.855259532514E-01  4.234918900305E+02  5.724988714979E-01  7.887247608706E-01 -3.795348712213E-01  7.653875029615E-04 -3.804502087178E+00  2.844371113237E+00 -1.577336202157E-02 -7.970842772782E-04  1.657044629894E-02 -3.399882752018E-02  3.046411993402E-03  6.214819244484E-06 -1.304117904201E-06 -2.778928621721E-05  7.652750001103E-02 -6.214819215491E-06 -8.323014810531E-03 -1.374011253765E-19  1.149600790106E-20  4.492442469847E-20 -2.116360767440E-03
  3.677236900983E+02  3.722995454498E+02  2.057903599734E+01  1.784965809419E-13 -1.895301528251E-01  4.252025258113E+02  5.624929562098E-01  7.835494332089E-01 -3.728006037853E-01  1.371666402203E-03 -3.898331656387E+00  2.854397415087E+00 -1.668584570600E-02  2.197595816872E-03  1.448824988947E-02 -3.370813192574E-02  2.069063044477E-03  1.698232096232E-06 -1.147428982174E-06 -2.646960170101E-05  7.321642207029E-02 -1.698232167411E-06 -8.130563898485E-03 -1.354216950777E-19 -2.876910248285E-20 -4.136328100185E-20 -2.066653831510E-03
  3.768754008012E+02  3.815885318133E+02  2.061976236219E+01  1.754020019507E-13 -1.948520990529E-01  4.268272082599E+02  5.524550816443E-01  7.800676247041E-01 -3.663844353471E-01  1.805376650758E-03 -4.015813230904E+00  2.864583058678E+00 -1.747212999394E-02  5.210656300272E-03  1.226147369390E-02 -3.228464288557E-02  2.440532188632E-03 -3.283526180788E-07 -1.190616654321E-06 -1.958638800642E-05  6.874787422908E-02  3.283526343572E-07 -7.907393920445E-03 -1.290082288319E-19 -1.653155608420E-20 -2.473514480985E-21 -1.975105045203E-03
  3.863016628253E+02  3.911561877677E+02  2.066000533702E+01  1.773038177504E-13 -1.988447488286E-01  4.284393551766E+02  5.426326978618E-01  7.697572080053E-01 -3.594836401582E-01  2.433007510182E-03 -4.109440991776E+00  2.874730674996E+00 -1.874287466045E-02  8.346410808256E-03  1.039646385316E-02 -3.092377156112E-02  1.783573107651E-03 -1.365337538916E-06 -3.319080638095E-06 -2.344719326840E-05  6.381075512161E-02  1.365337576195E-06 -6.791151251052E-03 -1.076701131252E-19  1.484564425460E-20 -3.788822661063E-20 -1.875228728401E-03
  3.960107127100E+02  4.010108734007E+02  2.069720742589E+01  1.787560764919E-13 -2.031484703084E-01  4.299259823359E+02  5.324761051264E-01  7.577505663503E-01 -3.529616994248E-01  2.813482489904E-03 -4.210064841624E+00  2.889683614478E+00 -2.013913902301E-02  1.173146600186E-02  8.407673020872E-03 -2.936388202123E-02  2.384204902429E-03 -7.399770826638E-07 -1.024186685336E-05 -1.900714766081E-05  6.122589198455E-02  7.399771470993E-07 -6.090222607559E-03 -1.673725032732E-19 -3.910273193539E-20 -5.120891604916E-20 -1.834711931293E-03
  4.060110340913E+02  4.111611996027E+02  2.073649836030E+01  1.722876115500E-13 -2.065099574385E-01  4.315043559723E+02  5.222320944152E-01  7.424885136519E-01 -3.458451502406E-01  3.125893643952E-03 -4.293516137381E+00  2.920371003635E+00 -2.091303511442E-02  1.465068343722E-02  6.262351676977E-03 -2.921438360727E-02  1.647201049788E-03  1.022930187657E-06 -1.751971053299E-05 -2.294324176763E-05  5.912359748678E-02 -1.022930287535E-06 -5.301747382684E-03 -1.279097628221E-19  4.104786766056E-21 -5.398762266092E-20 -1.770389990624E-03
  4.163113651141E+02  4.216160355908E+02  2.077327191060E+01  1.628428332572E-13 -2.099325100142E-01  4.329868537310E+02  5.127204041739E-01  7.295104415453E-01 -3.390115088750E-01  3.832074356584E-03 -4.377879821862E+00  2.938141018460E+00 -2.241478911218E-02  1.766534612142E-02  4.749442990530E-03 -2.715060692102E-02  1.473901840763E-03  2.000037739350E-07 -2.088276695953E-05 -2.625164267448E-05  5.384855703256E-02 -2.000037807079E-07 -5.605755425852E-03 -9.856340992190E-20 -1.382023466064E-20 -4.338648755175E-20 -1.630108475603E-03
  4.269207060675E+02  4.323845166585E+02  2.080787924836E+01  1.548798907412E-13 -2.138620573703E-01  4.343883228026E+02  5.040149862594E-01  7.210979456409E-01 -3.317882560202E-01  4.047619148380E-03 -4.472745123184E+00  2.960676639134E+00 -2.336179882154E-02  2.015592814670E-02  3.205870673916E-03 -2.512203594513E-02  1.325622389685E-03 -8.142496465608E-06 -2.040341836774E-05 -1.325051001168E-05  4.930806703962E-02  8.142496350360E-06 -4.737394678235E-03 -1.084558511703E-19  7.804076292247E-21 -5.786359004509E-20 -1.529792741702E-03
  4.378483272495E+02  4.434760521583E+02  2.084062315501E+01  1.442956732110E-13 -2.164004144645E-01  4.357149643119E+02  4.959342704798E-01  7.145421247834E-01 -3.247874626440E-01  4.975260370427E-03 -4.537630080957E+00  2.981708039866E+00 -2.393893517369E-02  2.247649492646E-02  1.462440247452E-03 -2.392694973471E-02  7.166832615598E-04  5.703635583226E-06 -1.858740004997E-05 -6.973523220704E-06  4.585426903825E-02 -5.703635549277E-06 -1.930241516061E-03 -8.299055053783E-20 -1.180754033068E-20 -2.888690295134E-20 -1.484829833125E-03
  4.491037770670E+02  4.549003337230E+02  2.087242825633E+01  1.304831514827E-13 -2.166099908008E-01  4.370004927810E+02  4.884034753408E-01  7.062167190119E-01 -3.171528700787E-01  5.796809626700E-03 -4.554952354580E+00  3.021894756875E+00 -2.501636673574E-02  2.552171871590E-02 -5.053519796994E-04 -2.351660941870E-02 -1.442628041987E-04 -4.951837969941E-06 -1.707801858569E-05 -9.731660570356E-06  4.309955949264E-02  4.951837776511E-06  2.184579558853E-03 -1.460659434382E-19 -1.976603288604E-20 -4.690832711341E-20 -1.426432142132E-03
  4.606968903790E+02  4.666673437347E+02  2.090314688993E+01  1.215809756113E-13 -2.132286358407E-01  4.382427062320E+02  4.813264767760E-01  6.983274677107E-01 -3.095462399539E-01  6.674680707211E-03 -4.498977564019E+00  3.074095185314E+00 -2.546185343673E-02  2.806721023810E-02 -2.605356801112E-03 -2.244222992920E-02 -1.600859440551E-03 -2.879852373402E-06 -1.968103402299E-05 -1.142184052625E-05  4.318379907724E-02  2.879852326132E-06  6.051854260680E-03 -8.478221204985E-20  2.645124577285E-20 -5.242067239648E-20 -1.439839104882E-03
  4.726377970904E+02  4.787873640468E+02  2.093692093260E+01  1.215308183949E-13 -2.075357349634E-01  4.396131884884E+02  4.743545579831E-01  6.879952998228E-01 -3.010700491018E-01  7.638173570849E-03 -4.392778880892E+00  3.122565790666E+00 -2.622033707891E-02  3.053660075369E-02 -4.316263674575E-03 -2.361006432559E-02 -2.149463502478E-03 -6.136261781770E-06 -2.366900189622E-05 -1.350033048782E-06  4.268701729663E-02  6.136261798966E-06  7.523992397110E-03 -7.924781664293E-20  1.145018752527E-20 -6.416097951903E-20 -1.438036278837E-03
  4.849369310031E+02  4.912709849682E+02  2.096876174991E+01  1.243814154681E-13 -2.015910590220E-01  4.409090314900E+02  4.671550037382E-01  6.779054848148E-01 -2.931491604674E-01  8.341026334996E-03 -4.278244155607E+00  3.180531930626E+00 -2.699394736702E-02  3.321859735840E-02 -6.224649991127E-03 -2.275722217737E-02 -2.539335065464E-03 -7.028319348105E-06 -2.431755574434E-05  2.602976073247E-06  4.490913287224E-02  7.028319365315E-06  9.733395114980E-03 -9.872606623667E-20  2.111274969402E-20 -1.064246403439E-20 -1.532661567781E-03
  4.976050389332E+02  5.041291145172E+02  2.100800090829E+01  1.298780169060E-13 -1.920994733726E-01  4.425185714692E+02  4.597642067042E-01  6.700611698758E-01 -2.850486537343E-01  9.198259672884E-03 -4.086766164631E+00  3.256492883507E+00 -2.747940239408E-02  3.613003118167E-02 -8.650628787841E-03 -2.635912004990E-02 -3.787317201692E-03  9.073265072354E-06 -2.327112305968E-05 -4.728921102667E-06  5.018553690540E-02 -9.073265012240E-06  1.159821931701E-02 -1.031648548970E-19  4.020296821296E-21 -2.478500619868E-20 -1.709392598983E-03
  5.106531901012E+02  5.173729879527E+02  2.105060116352E+01  1.330880238191E-13 -1.826712810401E-01  4.442713791761E+02  4.527094188991E-01  6.622126900930E-01 -2.769456641061E-01  9.369207206948E-03 -3.895556398594E+00  3.341283685745E+00 -2.807103393678E-02  3.857380931869E-02 -1.050277538316E-02 -2.845916627411E-02 -4.225879693818E-03  5.525717036340E-06 -2.106708100915E-05  7.956746025070E-06  5.492893436040E-02 -5.525716993639E-06  1.176640215131E-02 -7.944545558964E-20 -2.273413126631E-21 -5.499341829260E-20 -1.882999199495E-03
  5.240927858042E+02  5.310141775913E+02  2.110028931826E+01  1.271701690712E-13 -1.722941967822E-01  4.463248322469E+02  4.466028168549E-01  6.526517370168E-01 -2.686616537986E-01  9.558835089348E-03 -3.676508556641E+00  3.423458626612E+00 -2.847014815164E-02  4.043433514636E-02 -1.196418699513E-02 -3.181063616494E-02 -5.051586039147E-03 -5.338142996743E-06 -1.833778094653E-05  1.387309702166E-05  5.821840841368E-02  5.338142963019E-06  1.014480573801E-02 -6.265854980297E-20 -1.030925019950E-20 -8.880746208381E-20 -1.994772869390E-03
  5.379355693784E+02  5.450646029190E+02  2.115133878280E+01  1.201017769033E-13 -1.651042688913E-01  4.484383555268E+02  4.411439031215E-01  6.536143996140E-01 -2.607739666589E-01  9.079799029232E-03 -3.524487402180E+00  3.480585068909E+00 -2.852003620286E-02  4.205471992294E-02 -1.353468372023E-02 -3.193242990532E-02 -3.926270022248E-03 -9.543576075300E-06 -1.375338372295E-05  8.826361440585E-06  5.863252685870E-02  9.543576085901E-06  6.282932668294E-03 -3.010405559385E-20  3.439399739184E-20 -3.639054960102E-20 -2.010597303685E-03
  5.521936364597E+02  5.595365410066E+02  2.120479958771E+01  1.209176798041E-13 -1.610990889652E-01  4.506613063183E+02  4.358232496553E-01  6.521931919218E-01 -2.522162021041E-01  8.849465824209E-03 -3.437156191884E+00  3.543261067342E+00 -2.883231314785E-02  4.385418133179E-02 -1.502186818288E-02 -3.227055516846E-02 -2.377834037407E-03  4.494113686105E-06 -8.221909698926E-06  4.173260910879E-06  5.886017969873E-02 -4.494113703133E-06  6.021412074001E-03 -4.185631887357E-20 -3.043665883605E-21 -7.591914523463E-20 -2.021307865118E-03
  5.668794455535E+02  5.743794455535E+02  2.125942478564E+01  1.239552234004E-13 -1.540768554002E-01  4.529366570756E+02  4.309224343330E-01  6.482517987129E-01 -2.444964444062E-01  9.041974776280E-03 -3.285248324527E+00  3.580660346821E+00 -2.857741358781E-02  4.458060709887E-02 -1.600319351027E-02 -3.207400182602E-02 -3.292700577684E-03 -4.479718283868E-06 -2.252822364937E-06 -3.979663663342E-06  5.838295130673E-02  4.479718330426E-06  8.665526028617E-03 -6.849472478689E-20  1.127132215917E-20 -5.293340713535E-20 -2.005158677748E-03
  5.818794455535E+02  5.893794455535E+02  2.131430070858E+01  1.223518560772E-13 -1.448585135034E-01  4.552424206327E+02  4.260476233669E-01  6.410515522890E-01 -2.371692650661E-01  8.386327903955E-03 -3.086696479377E+00  3.520307045468E+00 -2.754054048650E-02  4.309933673363E-02 -1.555879624745E-02 -3.180283469850E-02 -4.574926862186E-03 -7.661071539922E-06  2.582067616033E-06 -7.539909281798E-06  5.949313222201E-02  7.661071516579E-06  1.142278559888E-02 -2.028734050985E-20  2.156060075229E-20 -6.509052589271E-20 -1.990399334091E-03
  5.968794455535E+02  6.043794455535E+02  2.137100110217E+01  1.181497203314E-13 -1.326148512665E-01  4.576361296093E+02  4.204414476269E-01  6.306521704482E-01 -2.297082420410E-01  8.512028546467E-03 -2.821446409757E+00  3.454719218986E+00 -2.698645747856E-02  4.152659703766E-02 -1.454013955848E-02 -3.170139351950E-02 -5.244398392634E-03 -6.381596217098E-06  2.829892789108E-06 -3.846606230240E-06  6.185207722619E-02  6.381596249778E-06  1.172613410711E-02  1.430251484699E-20  1.004375776023E-20 -5.530930338404E-20 -1.980547827996E-03
  6.118794455535E+02  6.193794455535E+02  2.143031237492E+01  1.171225026686E-13 -1.228482372687E-01  4.601460519870E+02  4.137218267782E-01  6.162721652742E-01 -2.225421925715E-01  7.893197640481E-03 -2.611577747415E+00  3.437605973495E+00 -2.607405619797E-02  4.098305739717E-02 -1.490900119865E-02 -3.227769185591E-02 -3.980638050531E-03 -4.190466951898E-06  2.125069099091E-07  4.482025794251E-06  6.432068263334E-02  4.190466892684E-06  1.254291995102E-02 -4.932805823702E-20  1.188363219247E-20 -3.524989079043E-20 -2.059297774890E-03
  6.268794455535E+02  6.343794455535E+02  2.149158022722E+01  1.153384205273E-13 -1.090771672471E-01  4.627445643105E+02  4.063053622731E-01  6.039905952056E-01 -2.152866644337E-01  7.918033590564E-03 -2.321044494091E+00  3.409175901530E+00 -2.546287065316E-02  4.028981768280E-02 -1.482694702898E-02 -3.321938570129E-02 -4.778954119938E-03 -4.633179338861E-07 -5.114649530352E-06 -2.411232834667E-06  6.408120965767E-02  4.633179486148E-07  1.486559816752E-02 -5.188892178806E-20  1.740083454821E-20 -6.037085371522E-20 -2.053511390971E-03
  6.418794455535E+02  6.493794455535E+02  2.155038285849E+01  1.080605003626E-13 -9.495728300057E-02  4.652413788236E+02  3.991923571374E-01  5.842831178922E-01 -2.082656201535E-01  7.389076253982E-03 -2.022699594413E+00  3.375954613439E+00 -2.571722080692E-02  3.929247908602E-02 -1.357525827959E-02 -3.253978249752E-02 -5.218680052482E-03 -4.835633438645E-06 -9.790739174650E-06  8.778707115755E-07  6.441342255131E-02  4.835633334836E-06  1.590885670592E-02 -1.663669290465E-20 -9.920737826449E-22 -4.584436353700E-20 -2.040646107314E-03
  6.568794455535E+02  6.643794455535E+02  2.161231600142E+01  1.030376455454E-13 -7.925017453183E-02  4.678818299846E+02  3.920788996594E-01  5.635391392165E-01 -2.008533267997E-01  7.161157831482E-03 -1.681482734718E+00  3.323422538536E+00 -2.536325431546E-02  3.749194160496E-02 -1.212868728970E-02 -3.219182837202E-02 -5.339601654200E-03  1.734237433502E-06 -5.065078082261E-06 -6.212181561628E-06  6.212040513365E-02 -1.734237394482E-06  1.405984863457E-02 -1.441265796490E-20  4.957998490297E-21 -6.276988024001E-20 -1.911702217529E-03
  6.718794455535E+02  6.793794455535E+02  2.166688665080E+01  1.036022777984E-13 -6.859293720453E-02  4.702104512266E+02  3.842492018899E-01  5.470342776177E-01 -1.939723743098E-01  6.752836251833E-03 -1.450329001702E+00  3.266814670967E+00 -2.538136646783E-02  3.615607747018E-02 -1.077471100177E-02 -2.889718812288E-02 -3.762606516745E-03  1.548789846618E-06  5.747378611903E-07 -1.878103616739E-05  5.843859440764E-02 -1.548789901060E-06  1.455022946243E-02  3.029372597346E-20  5.091785308002E-21 -4.045524665882E-20 -1.780185833536E-03
  6.868794455535E+02  6.943794455535E+02  2.172189949550E+01  1.018889185985E-13 -5.197064025507E-02  4.725660818859E+02  3.760895344060E-01  5.321531433063E-01 -1.864572802184E-01  6.264232288900E-03 -1.085950892650E+00  3.241509749070E+00 -2.473635430684E-02  3.555865393910E-02 -1.082229963198E-02 -2.846805945816E-02 -5.239017435328E-03  8.254189454620E-06  1.689186261429E-06 -2.170196702042E-05  5.694643319652E-02 -8.254189458189E-06  1.702425753831E-02 -5.110600337294E-22  3.280915467700E-20 -6.327008695141E-20 -1.740131793248E-03
  7.018794455535E+02  7.093794455535E+02  2.177367449127E+01  9.518199307427E-14 -3.670149739611E-02  4.747863004374E+02  3.680779065475E-01  5.207658293823E-01 -1.790802291266E-01  6.470481069628E-03 -7.517832850926E-01  3.209253186722E+00 -2.442653996502E-02  3.433476915896E-02 -9.908229192280E-03 -2.702713749109E-02 -5.313733297833E-03  2.776766206345E-06 -7.135566066738E-07 -2.131944978354E-05  5.609327027693E-02 -2.776766285218E-06  1.685879877568E-02 -8.135552678040E-21  1.714520424086E-20 -6.791852282446E-20 -1.675781132588E-03
  7.168794455535E+02  7.243794455535E+02  2.182712301441E+01  9.204911312344E-14 -2.041564825100E-02  4.770830021973E+02  3.598332909749E-01  5.100922988874E-01 -1.719275253491E-01  6.750868305399E-03 -3.968042098775E-01  3.185130555201E+00 -2.334447274606E-02  3.294941520194E-02 -9.604942455359E-03 -2.663520388011E-02 -5.403323938894E-03 -1.903442734434E-05 -2.517955584486E-06 -1.591308808545E-05  5.290845638574E-02  1.903442736949E-05  1.519979715677E-02 -5.070340399078E-21 -1.299231997288E-20 -7.455037180895E-20 -1.590528726563E-03
  7.318794455535E+02  7.393794455535E+02  2.187288001709E+01  8.830990857559E-14 -8.272016811504E-03  4.790586178586E+02  3.510221848304E-01  4.947011941968E-01 -1.646073622030E-01  7.197125119671E-03 -1.330599802956E-01  3.169877767209E+00 -2.361087170732E-02  3.297117933090E-02 -9.360307624930E-03 -2.398604832793E-02 -4.438663829086E-03 -6.029128386888E-06 -2.795888281263E-07 -1.604447478537E-05  4.946378836744E-02  6.029128367445E-06  1.395011696781E-02  1.687326961035E-20  2.120305965062E-20 -2.401019906263E-20 -1.470365727936E-03
  7.468794455535E+02  7.543794455535E+02  2.191984889101E+01  7.972014715030E-14  5.728146334114E-03  4.810956762545E+02  3.415318605942E-01  4.858549651670E-01 -1.572043037378E-01  7.444733615937E-03  1.742057877837E-01  3.140561753124E+00 -2.245054735923E-02  3.126477391872E-02 -8.814226559966E-03 -2.307512903428E-02 -4.829714162238E-03 -4.926387649335E-06 -1.320836218165E-06 -1.823594343675E-05  4.841336811434E-02  4.926387647070E-06  1.258177144871E-02 -1.936632348251E-20  2.855514541211E-22 -6.942339989686E-20 -1.395450739835E-03
  7.618794455535E+02  7.693794455535E+02  2.196365130581E+01  7.319594149541E-14  1.538884318571E-02  4.829955471058E+02  3.311631380788E-01  4.710440758306E-01 -1.495239231641E-01  8.799163003341E-03  3.828093900062E-01  3.114982959298E+00 -2.194018282649E-02  3.016863341044E-02 -8.228450582312E-03 -2.168543402181E-02 -3.292023237973E-03 -4.529145974797E-06 -2.067852086248E-07 -1.336457828968E-05  4.764893494337E-02  4.529145959644E-06  1.119180840205E-02 -1.140989136603E-20  9.884786577303E-21 -6.742877614854E-20 -1.342067789485E-03
  7.768794455535E+02  7.843794455535E+02  2.200917528152E+01  6.729176880068E-14  2.676568229859E-02  4.849773344591E+02  3.193952735857E-01  4.629164011782E-01 -1.417701868309E-01  8.899356852629E-03  6.308902042114E-01  3.084699236376E+00 -2.033153276128E-02  2.883102072050E-02 -8.499487958321E-03 -2.138979864362E-02 -3.939454987604E-03 -1.879760830811E-06  2.428366234842E-06  2.231302974775E-06  4.916500669485E-02  1.879760791423E-06  1.349076775859E-02 -2.586734913951E-20  4.353514630926E-22 -7.736765425046E-20 -1.345102967674E-03
  7.918794455535E+02  7.993794455535E+02  2.205581499314E+01  6.244617836426E-14  4.065372041438E-02  4.870145366405E+02  3.067542880109E-01  4.480431515803E-01 -1.336775960109E-01  9.511028592278E-03  9.344810481211E-01  3.073426797423E+00 -1.966308163410E-02  2.844327112317E-02 -8.780189489705E-03 -2.168942556560E-02 -4.411509085448E-03 -1.901635912857E-06  2.352570486547E-06  5.085032653983E-06  4.762522707920E-02  1.901635963854E-06  1.352998642361E-02 -2.776341915484E-20 -5.660997030182E-21 -7.632137960551E-20 -1.339740967054E-03
  8.068794455535E+02  8.143794455535E+02  2.209846690990E+01  5.877870419846E-14  5.208868968966E-02  4.888879617641E+02  2.943479582432E-01  4.370339256252E-01 -1.257663840647E-01  9.687668102915E-03  1.185217100564E+00  3.054273213934E+00 -1.763181379267E-02  2.716863717941E-02 -9.536823387634E-03 -2.070112301827E-02 -3.553501624542E-03  4.811865070324E-06  6.954944817622E-06 -2.144170264042E-06  4.607982166072E-02 -4.811865121296E-06  1.081723337918E-02  1.058970871106E-20  2.154982203179E-20 -7.834555406371E-20 -1.274899933090E-03
  8.218794455535E+02  8.293794455535E+02  2.214222035290E+01  5.095039086091E-14  6.092751467033E-02  4.908139302315E+02  2.831481434992E-01  4.211750675209E-01 -1.173620307808E-01  9.596092816890E-03  1.373488629025E+00  3.021968819676E+00 -1.726705145486E-02  2.562393687940E-02 -8.356885423737E-03 -2.034733801714E-02 -2.970787656481E-03  7.340065937745E-06  1.269404586191E-05 -4.848125657923E-06  4.596196369390E-02 -7.340065943700E-06  9.824270931964E-03 -1.629292479414E-21  1.830311110889E-20 -1.606531393806E-20 -1.256426145751E-03
  8.368794455535E+02  8.443794455535E+02  2.218464440057E+01  4.604037572194E-14  7.051625814602E-02  4.926799293138E+02  2.716661986342E-01  4.077218924847E-01 -1.087137746741E-01  9.628533408165E-03  1.583039772275E+00  3.001151904980E+00 -1.603935283272E-02  2.395629438777E-02 -7.916941554663E-03 -1.955576240507E-02 -2.357531801074E-03  1.061219114139E-05  1.267133122163E-05 -2.764585228164E-06  4.510258587391E-02 -1.061219118614E-05  8.714462310073E-03 -1.819722527952E-20  4.542416425425E-21 -3.821612507088E-20 -1.202838605526E-03
  8.518794455535E+02  8.593794455535E+02  2.222678734311E+01  4.788695098732E-14  7.726262551800E-02  4.945391924713E+02  2.587038378147E-01  3.942145627362E-01 -9.990452325193E-02  8.862884556934E-03  1.732123564606E+00  3.003404963291E+00 -1.490207563789E-02  2.261994007028E-02 -7.717864432123E-03 -1.922144322580E-02 -1.835920871853E-03  1.001164835302E-05  1.242886819887E-05  7.761215458199E-06  4.381066079986E-02 -1.001164834860E-05  6.702076224701E-03 -4.170755039250E-20  6.674069308603E-21 -4.279114110638E-20 -1.197945085982E-03
  8.668794455535E+02  8.743794455535E+02  2.226680537693E+01  4.935504002018E-14  8.303710317157E-02  4.963079214885E+02  2.443629712677E-01  3.887079694943E-01 -9.099170017216E-02  8.536598202925E-03  1.859443783237E+00  3.002828034281E+00 -1.339492337639E-02  2.200329234470E-02 -8.608368969430E-03 -1.888789387187E-02 -1.249090418900E-03  8.188503949336E-06  1.325377685383E-05  7.456263453565E-06  4.104748949450E-02 -8.188504028620E-06  4.395007261241E-03 -7.456001226067E-21 -2.374459757180E-20 -1.791552304294E-20 -1.134158843185E-03
  8.818794455535E+02  8.893794455535E+02  2.230376529960E+01  4.501907296025E-14  8.548782962850E-02  4.979419387891E+02  2.288855790998E-01  3.908746467289E-01 -8.112581974238E-02  7.348770083384E-03  1.916282243106E+00  2.973257161685E+00 -1.126185072272E-02  2.006418757179E-02 -8.802336848971E-03 -1.728942435251E-02 -2.516046003816E-04 -2.982554525209E-07  8.624793387111E-06 -1.305129872819E-06  3.776360516496E-02  2.982554599292E-07  3.110391208162E-03 -3.845810114497E-21  1.680428556930E-21 -3.156226697681E-20 -1.032085570099E-03
  8.968794455535E+02  9.043794455535E+02  2.233758981411E+01  3.775620238909E-14  8.890690665279E-02  4.994376165297E+02  2.116716163261E-01  3.927520198141E-01 -7.183490971998E-02  6.188645346407E-03  1.990369398968E+00  2.949748918479E+00 -1.011305598761E-02  1.931107886167E-02 -9.198022874024E-03 -1.586130938492E-02 -2.448188327965E-05  7.470584695801E-06  8.218333371635E-06 -9.443587829215E-06  3.694824567804E-02 -7.470584792997E-06 -1.417057311067E-03 -1.728049957984E-20  1.936211818669E-20 -2.555869250234E-20 -9.679111182812E-04
  9.118794455535E+02  9.193794455535E+02  2.237301549719E+01  3.334636140713E-14  8.283745395787E-02  5.010094537522E+02  1.924985135981E-01  3.948308171165E-01 -6.149390026953E-02  5.394500678983E-03  1.851642606757E+00  2.915570681796E+00 -6.679547128509E-03  1.638704284148E-02 -9.707495713797E-03 -1.530790956904E-02  2.077844125124E-03  3.066786261626E-06  1.666987239692E-05 -1.397807512951E-05  3.794703439243E-02 -3.066786271014E-06 -6.424639034263E-03 -1.515081120699E-20  1.265249326381E-20 -2.347003476950E-20 -9.437571226532E-04
  9.268794455535E+02  9.343794455535E+02  2.240874123343E+01  3.381750218398E-14  7.685098278676E-02  5.025959577133E+02  1.700284184295E-01  3.980119078283E-01 -5.076130639083E-02  4.110946428476E-03  1.715698581094E+00  2.906069637271E+00 -3.026029112298E-03  1.444125254343E-02 -1.141522343093E-02 -1.494844924807E-02  2.807353746107E-03 -4.467920049389E-07  1.628308268401E-05 -3.011007592117E-06  3.839068743555E-02  4.467920199340E-07 -3.692784476973E-03 -1.270449139484E-20 -2.044936410853E-20 -3.219419217722E-20 -9.283658034716E-04
  9.418794455535E+02  9.493794455535E+02  2.244500037884E+01  3.260145061898E-14  7.590918315361E-02  5.042176874547E+02  1.435987959102E-01  3.971383843595E-01 -3.956109172293E-02  3.016396849291E-03  1.698905173067E+00  2.894228939482E+00 -2.550161046122E-03  1.347569690702E-02 -1.092553586154E-02 -1.431319634427E-02  1.724759368364E-03  1.763375466452E-07  1.567385797566E-05 -3.750379927239E-06  3.459965225036E-02 -1.763375187935E-07 -5.374121360540E-03  3.363671572144E-21 -1.531827633849E-20 -5.963821043337E-20 -8.154930547200E-04
  9.568794455535E+02  9.643794455535E+02  2.247363517172E+01  2.320527783239E-14  6.675352889149E-02  5.055022305635E+02  1.116706309574E-01  3.977996209855E-01 -2.870188885098E-02  2.411505902179E-03  1.493788453255E+00  2.879995878340E+00 -1.501653435967E-03  1.206359874693E-02 -1.056194531104E-02 -1.204860545207E-02  3.134661291311E-03 -1.839403602002E-05  1.496573454022E-05 -5.792681571803E-06  3.361661803554E-02  1.839403585946E-05 -7.412796126089E-03 -2.127668988984E-21  1.043435014535E-21 -4.955442177651E-20 -7.791891296548E-04
  9.718794455535E+02  9.793794455535E+02  2.250806336771E+01  1.051441077578E-14  6.198804020507E-02  5.070521439244E+02  7.919897579696E-02  4.086489202788E-01 -1.601185491273E-02  1.201641758650E-03  1.391238815019E+00  3.088237889841E+00 -1.368390982262E-02  2.143276443553E-02 -7.748854612857E-03 -1.334896874250E-02  2.174841302782E-03 -7.782735633795E-06  7.378169288281E-06 -8.057128723551E-06  3.476300379662E-02  7.782735701300E-06 -1.004690389452E-02 -3.157545016308E-20 -2.772228539386E-21 -6.372281068042E-20 -8.994130466127E-04
  9.868794455535E+02  9.943794455535E+02  2.253884272249E+01  2.244249491107E-15  4.790414618000E-02  5.085132873901E+02  2.288658331603E-02  4.931025863723E-01 -5.236064052205E-03 -1.361852192640E-04  1.081724365458E+00  2.707434673514E+00  1.531873560811E-03 -3.795901442805E-03  2.264027881536E-03 -1.126878854959E-02  4.574924767375E-03 -8.224355788457E-07  2.294804334550E-06 -5.800193807466E-06  1.640737206373E-02  8.224355035534E-07 -7.510823868066E-03 -1.118647295856E-20 -2.105179277238E-21 -2.936127716626E-20 -2.359873224668E-04
