                   y                  ym                   U                   V                   W                 U^2                 V^2                 W^2                  UV                  VW                  UW                VISC               SFSxx               SFSyy               SFSzz               SFSxy               SFSyz                dUdX                dVdX                dWdX                dUdY                dVdY                dWdY                dUdZ                dVdZ                dWdZ              SFSxym
 -4.000000000000E+00 -2.000000000000E+00  0.000000000000E+00  0.000000000000E+00  0.000000000000E+00  0.000000000000E+00  0.000000000000E+00  0.000000000000E+00  0.000000000000E+00  0.000000000000E+00  0.000000000000E+00  0.000000000000E+00  0.000000000000E+00  0.000000000000E+00  0.000000000000E+00  0.000000000000E+00  0.000000000000E+00  0.000000000000E+00  0.000000000000E+00  0.000000000000E+00  0.000000000000E+00  0.000000000000E+00  0.000000000000E+00  0.000000000000E+00  0.000000000000E+00  0.000000000000E+00  0.000000000000E+00
  2.220446049250E-16  2.000000000000E+00  1.117276057716E+01 -5.325646940229E-14 -1.277829773846E-01  1.298388236572E+02  1.231692819303E-01  1.617129189568E+00 -3.712550579540E-01 -4.045195723147E-03 -1.408438904209E+00  2.176728998926E+00 -7.356421694936E-03  2.918762474614E-02 -2.183120305437E-02 -1.266734250736E+01  1.070435766057E-01 -2.169361452726E-03 -2.023155140973E-04 -1.060894023628E-04  5.042192187741E+01  2.169361451551E-03 -5.145296618958E-01 -5.377726595804E-20  3.721426202813E-21  2.354248014547E-21 -4.578628866120E-02
  4.000000000000E+00  6.000000000000E+00  1.403834560248E+01 -1.413228755664E-13 -1.297797442897E-01  2.032522979862E+02  4.950265901749E-01  1.759951727370E+00 -8.045173733061E-01 -5.668559997551E-03 -1.782468666037E+00  8.994081285997E+00  7.491617969298E-01 -6.382908356871E-01 -1.108709612410E-01 -3.778842330746E+00 -1.654017646337E-01  5.569331261002E-04 -3.191242521407E-04  1.272640953670E-04  7.444784015138E+00 -5.569331272074E-04  7.274687692444E-03 -8.125660675830E-21 -5.099794257280E-21  1.227858706482E-19 -2.476652700511E-01
  8.000000000000E+00  1.000000000000E+01  1.489499503778E+01 -1.898084134889E-13 -1.238050664497E-01  2.269528033143E+02  6.287398293519E-01  1.666317419705E+00 -7.711395307105E-01 -5.476919817945E-03 -1.797553821955E+00  9.517652814864E+00  3.700289879319E-01 -8.470936082488E-01  4.770646203171E-01 -1.822962125290E+00 -6.598337720058E-02  5.153189136329E-04 -1.891537953453E-04  5.703668537428E-05  3.325905169626E+00 -5.153189141686E-04  3.088853929966E-02 -4.032481349140E-20  2.160990658888E-20  2.304331859629E-20 -1.107182298773E-01
  1.200000000000E+01  1.400000000000E+01  1.570155764340E+01 -2.038085053733E-13 -1.144223105195E-01  2.515325753622E+02  7.044324019957E-01  1.635754138046E+00 -8.387023996423E-01 -4.990460401925E-03 -1.739487813307E+00  9.385581134559E+00  3.514417287335E-01 -7.804375883941E-01  4.289958596621E-01 -1.751897922643E+00 -1.086250742918E-02  2.883337153015E-04 -1.240583302238E-04  1.035609700579E-05  2.746328786562E+00 -2.883337171190E-04  3.885858790679E-02 -2.638601661355E-20 -2.035155539673E-21  5.133665690491E-20 -9.446070446575E-02
  1.600000000000E+01  1.800000000000E+01  1.626790025416E+01 -1.879492065454E-13 -1.044707551900E-01  2.693571475561E+02  7.613746645553E-01  1.608752227446E+00 -8.355853996642E-01 -5.316510144853E-03 -1.634354678110E+00  8.845857736807E+00  2.906719707988E-01 -7.032025745892E-01  4.125306037800E-01 -1.241635672716E+00 -1.028874564271E-02  2.596139130318E-04 -8.535315462736E-05 -9.831131384120E-05  2.113969013713E+00 -2.596139122465E-04  3.554892316545E-02  1.561653608125E-20 -7.189083236581E-21  1.012608281973E-19 -7.146018206507E-02
  2.000000000000E+01  2.200000000000E+01  1.675841969814E+01 -1.548206163242E-13 -9.662674306093E-02  2.854333395989E+02  8.074684600465E-01  1.595438080800E+00 -8.532120168022E-01 -5.358960465574E-03 -1.551578967330E+00  8.480991010108E+00  2.609614190258E-01 -6.437559297623E-01  3.827945107336E-01 -1.061213496464E+00 -9.447580073662E-03  7.918841792479E-05 -5.146685379894E-05 -2.821667571074E-05  1.772233669172E+00 -7.918842081057E-05  2.906492367551E-02  3.413087845531E-20 -3.517016723751E-20  1.461484543168E-20 -5.984409756987E-02
  2.400000000000E+01  2.600000000000E+01  1.715401654900E+01 -1.173363397908E-13 -8.998177655352E-02  2.987156312339E+02  8.449517312397E-01  1.586894205787E+00 -8.525937006412E-01 -5.508319438633E-03 -1.476381988266E+00  8.085620756964E+00  2.262144956013E-01 -5.880677181026E-01  3.618532225055E-01 -8.543724760155E-01 -8.247238319973E-03  2.831908756747E-05 -3.136027182606E-05  8.927203991597E-05  1.491664295350E+00 -2.831908612786E-05  2.161735351971E-02  5.642247361793E-20 -1.601101587119E-20  1.331519516257E-20 -4.987088593893E-02
  2.800000000000E+01  3.000000000000E+01  1.750424243286E+01 -7.586744347627E-14 -8.574172247663E-02  3.107758516414E+02  8.748251719293E-01  1.580891611768E+00 -8.569903189239E-01 -5.871105309616E-03 -1.435279702692E+00  7.765820019050E+00  2.023981474343E-01 -5.432390631461E-01  3.408409157130E-01 -7.454572460524E-01 -4.290263243579E-03  1.486029081061E-04 -2.626792425128E-05  1.263333846276E-05  1.307301722643E+00 -1.486029084292E-04  1.276833751038E-02 -5.199293738546E-22  6.279962151673E-21 -2.134962057362E-20 -4.338683446812E-02
  3.200000000000E+01  3.400000000000E+01  1.780774480869E+01 -3.283793224319E-14 -8.353516876577E-02  3.214198309895E+02  8.981083564919E-01  1.574211146876E+00 -8.552191156082E-01 -6.072005723412E-03 -1.423140938191E+00  7.462773653663E+00  1.811709214143E-01 -5.034953212914E-01  3.223243998711E-01 -6.430875222735E-01 -2.691739312766E-03  3.380159997266E-05 -2.778724234109E-05 -9.277702504569E-05  1.156737494912E+00 -3.380159867039E-05  3.874889930153E-03 -2.066864535942E-20  5.226348378964E-21 -6.206670177608E-20 -3.802671050997E-02
  3.600000000000E+01  3.800000000000E+01  1.808243719309E+01 -1.430597885525E-14 -8.380479261426E-02  3.312269198085E+02  9.159094499089E-01  1.567836426826E+00 -8.546342626102E-01 -6.368652616434E-03 -1.451941807570E+00  7.199990712151E+00  1.639980761056E-01 -4.690510254411E-01  3.050529493416E-01 -5.758420125995E-01  4.539076326109E-04  9.328527420544E-06 -2.556247903586E-05 -6.307495620288E-05  1.043869462148E+00 -9.328528561470E-06 -3.404669223037E-03  7.114904813693E-20  1.346289497120E-20 -4.650315549641E-20 -3.406641979766E-02
  4.000000000000E+01  4.200000000000E+01  1.832941541147E+01 -3.411339469008E-14 -8.521237438254E-02  3.401767743335E+02  9.292183458845E-01  1.560306118498E+00 -8.515517273042E-01 -6.448612977423E-03 -1.497633581970E+00  6.955642309963E+00  1.502716917881E-01 -4.393034150237E-01  2.890317232372E-01 -5.153905971540E-01  1.668415578630E-03  4.212855431625E-05 -1.521313797539E-05 -1.859907929517E-06  9.486347773486E-01 -4.212855467309E-05 -5.233285244158E-03  1.929061864806E-21 -2.468915173238E-22  2.719161772428E-20 -3.075222866710E-02
  4.400000000000E+01  4.600000000000E+01  1.855691416428E+01 -7.525516032096E-14 -8.647315625188E-02  3.485357793017E+02  9.391570686760E-01  1.553533098844E+00 -8.488914672126E-01 -6.633964804938E-03 -1.537916127624E+00  6.742537494929E+00  1.382887616174E-01 -4.135851609060E-01  2.752963992865E-01 -4.702062448528E-01  1.203060286860E-03  3.075264379232E-05 -6.381579214806E-06  9.711279401077E-06  8.770472009588E-01 -3.075264466899E-05 -4.908294977362E-03 -4.703486334990E-21 -1.213879481326E-20  1.781154368391E-20 -2.815008860381E-02
  4.800000000000E+01  5.000000000000E+01  1.876817412338E+01 -9.221352963625E-14 -8.761645275913E-02  3.563901537692E+02  9.468398142190E-01  1.548549673291E+00 -8.449012096377E-01 -6.587667968739E-03 -1.575499509073E+00  6.546735839960E+00  1.280635661108E-01 -3.919685009472E-01  2.639049348330E-01 -4.300928080007E-01  1.178796139411E-03  3.601790087205E-05 -5.643891289468E-06 -7.673322911341E-06  8.153863721313E-01 -3.601790143299E-05 -5.902227798201E-03  3.076777570355E-20  8.986203072071E-21  5.144183914137E-21 -2.585365319995E-02
  5.200000000000E+01  5.400000000000E+01  1.896455908162E+01 -5.417633384732E-14 -8.922901038412E-02  3.637730010967E+02  9.530415201018E-01  1.541027173489E+00 -8.409773039716E-01 -6.676090834546E-03 -1.621068318613E+00  6.359912376860E+00  1.186752121122E-01 -3.709989097792E-01  2.523236976702E-01 -3.975340041165E-01  1.579486250183E-03  1.089930572568E-06 -5.676589327719E-06 -2.753147412118E-05  7.604454439325E-01 -1.089929571754E-06 -6.763565548501E-03  7.047124206594E-20  4.695176118806E-20 -1.499054321414E-20 -2.390136963377E-02
  5.600000000000E+01  5.800000000000E+01  1.914838297766E+01 -2.747774374932E-14 -9.095677115866E-02  3.707551703639E+02  9.578355183446E-01  1.533607135740E+00 -8.365007226975E-01 -6.582755770029E-03 -1.669383856053E+00  6.186111760884E+00  1.096911083224E-01 -3.515068028934E-01  2.418156945693E-01 -3.677179833615E-01  1.524951273129E-03 -3.589986699435E-06 -5.419561895354E-06 -9.532431438277E-06  7.127919477271E-01  3.589984643629E-06 -6.675553560717E-03  2.118662175817E-20  4.051301490610E-20 -5.603315224319E-21 -2.219549569071E-02
  6.000000000000E+01  6.200000000000E+01  1.932102750851E+01  1.017045070847E-14 -9.259291922921E-02  3.773745809680E+02  9.610153831215E-01  1.528367011615E+00 -8.319454181962E-01 -6.693525493434E-03 -1.717836728040E+00  6.032847503743E+00  1.035406488335E-01 -3.360751476724E-01  2.325344988404E-01 -3.426547485556E-01  8.206428416350E-04  8.391648767287E-06 -1.080128345897E-05 -5.461345145746E-07  6.721306985387E-01 -8.391646180082E-06 -6.262183765921E-03 -3.263384210832E-20 -4.397637661778E-20 -7.163145646769E-21 -2.072820451308E-02
  6.400000000000E+01  6.600000000000E+01  1.948438422389E+01  5.256220805827E-14 -9.415273718080E-02  3.836931484183E+02  9.629009849677E-01  1.524870239821E+00 -8.271600259845E-01 -6.665748159261E-03 -1.765552021188E+00  5.887927971491E+00  9.702252317420E-02 -3.206078161319E-01  2.235852929573E-01 -3.203171246337E-01  8.633656405028E-04  1.545469318173E-05 -1.503520239780E-05  3.800095169290E-06  6.367463420640E-01 -1.545469867020E-05 -4.184319333881E-03  3.411419219201E-20 -2.786581066896E-20 -4.082963646436E-20 -1.939666049759E-02
  6.800000000000E+01  7.000000000000E+01  1.963934247767E+01  1.004364693265E-13 -9.487171489233E-02  3.897323976268E+02  9.637768428127E-01  1.520647586185E+00 -8.220898984017E-01 -6.630667775754E-03 -1.795647716659E+00  5.749754624074E+00  9.130593037165E-02 -3.063688126210E-01  2.150628822478E-01 -3.009472770173E-01  3.062688048644E-04  1.771929163367E-05 -1.422824519840E-05  2.196651787358E-05  6.039752985746E-01 -1.771928649050E-05 -9.780784646490E-04  2.934082877128E-20 -1.400744504974E-20 -2.582618218379E-20 -1.825791052158E-02
  7.200000000000E+01  7.400000000000E+01  1.978639059602E+01  1.398445572306E-13 -9.466547337097E-02  3.955103663047E+02  9.639750879729E-01  1.515699254587E+00 -8.171815840812E-01 -6.569559652782E-03 -1.807879091932E+00  5.616412532463E+00  8.630720989987E-02 -2.940223313904E-01  2.077151214916E-01 -2.823126515309E-01 -5.865103999375E-05  5.520372468036E-05 -1.268905387148E-05  5.231313515743E-05  5.696255833436E-01 -5.520372594391E-05  2.550397982947E-03 -7.331909512054E-21  1.190128357339E-20 -2.044687781322E-20 -1.708390433412E-02
  7.600000000000E+01  7.800000000000E+01  1.992427231434E+01  1.294534017019E-13 -9.344958127004E-02  4.009586543869E+02  9.637616883772E-01  1.510901906591E+00 -8.118163375605E-01 -6.558795961095E-03 -1.801019153040E+00  5.492761854052E+00  8.125656769812E-02 -2.820877559418E-01  2.008311882447E-01 -2.640161040073E-01 -1.359115340883E-03  5.241183126058E-05 -1.455715887378E-05  2.592993122545E-05  5.383000478975E-01 -5.241182994503E-05  6.575925631512E-03 -5.087837614582E-20  1.598304583554E-20  2.160578846586E-20 -1.601758495148E-02
  8.000000000000E+01  8.200000000000E+01  2.005553454730E+01  1.101853961081E-13 -9.141755711929E-02  4.061801071879E+02  9.628123818595E-01  1.505661232374E+00 -8.066378994273E-01 -6.497418495777E-03 -1.774939354909E+00  5.379085672386E+00  7.690717423680E-02 -2.706543290838E-01  1.937471548494E-01 -2.490763524750E-01 -2.811834874359E-03  6.419134564105E-06 -1.456461346638E-05 -2.474133474292E-05  5.136909960082E-01 -6.419134842316E-06  8.911006722652E-03  3.491349373584E-20 -2.422468209521E-20  5.249788589583E-20 -1.513276435347E-02
  8.400000000000E+01  8.600000000000E+01  2.018092251405E+01  1.067100591917E-13 -8.925337833309E-02  4.111972781514E+02  9.611903565187E-01  1.500476883430E+00 -8.014062272531E-01 -6.493510047609E-03 -1.744030475855E+00  5.268432086041E+00  7.287778566325E-02 -2.607815066102E-01  1.879037209532E-01 -2.352649333293E-01 -2.427760545007E-03 -1.995245924400E-05 -7.708462997694E-06 -4.424730828084E-05  4.886461024584E-01  1.995245926901E-05  9.434966587330E-03 -3.137887039851E-20  2.576860836918E-20  9.003996001808E-21 -1.424834702058E-02
  8.800000000000E+01  9.000000000000E+01  2.029990208477E+01  1.353973307893E-13 -8.685324647539E-02  4.159855407238E+02  9.588471943483E-01  1.494130254411E+00 -7.961587124201E-01 -6.466044350835E-03 -1.707106053110E+00  5.164765248853E+00  6.858897221283E-02 -2.516396802287E-01  1.830507080212E-01 -2.205819092647E-01 -2.415788358460E-03  1.358266786812E-06 -3.044978242449E-06 -9.503709672336E-06  4.630204977927E-01 -1.358267218750E-06  9.569711137040E-03  2.780333520939E-20  2.683167345820E-20 -3.214467613741E-21 -1.339218543127E-02
  9.200000000000E+01  9.400000000000E+01  2.041258472118E+01  1.453509283419E-13 -8.438963062184E-02  4.205421943623E+02  9.554943048063E-01  1.485123502077E+00 -7.908541481804E-01 -6.431926378374E-03 -1.667502875935E+00  5.060177676203E+00  6.419760938688E-02 -2.421229709920E-01  1.779253616045E-01 -2.072926408184E-01 -2.256794814583E-03  1.323814036956E-05 -3.450412486642E-06  6.707427470230E-06  4.386291164163E-01 -1.323813949272E-05  9.554790863703E-03  5.075672016947E-20  7.029084280933E-21  5.781860512664E-20 -1.257077845595E-02
  9.600000000000E+01  9.800000000000E+01  2.051921108815E+01  1.636849767418E-13 -8.199659148489E-02  4.248780654167E+02  9.513123837534E-01  1.476143003837E+00 -7.855793078316E-01 -6.373091172565E-03 -1.628634445635E+00  4.958770077018E+00  6.140639835413E-02 -2.340128081623E-01  1.726064098038E-01 -1.952752012575E-01 -2.242369996727E-03  3.111195259748E-06 -4.659503422131E-06  5.556168226583E-06  4.160145515377E-01 -3.111195362453E-06  8.624445427485E-03 -7.881723378692E-20 -2.359517660907E-20 -2.732308220933E-22 -1.183654715102E-02
  1.000000000000E+02  1.020000000000E+02  2.062061357324E+01  2.338622146052E-13 -7.999359103857E-02  4.290231094698E+02  9.467177640011E-01  1.467641228231E+00 -7.803729994126E-01 -6.394441164777E-03 -1.597536112143E+00  4.870707610819E+00  5.957115788643E-02 -2.269522936535E-01  1.673811357700E-01 -1.838391534293E-01 -1.674480823731E-03 -1.075029988399E-05 -8.105985302607E-06  1.409578825730E-05  3.972186811286E-01  1.075030022906E-05  6.829743232730E-03  4.611230795871E-20 -1.100749613334E-20 -8.227998483456E-21 -1.119736248918E-02
  1.040000000000E+02  1.060000000000E+02  2.071785422806E+01  2.687827015356E-13 -7.846872259503E-02  4.330138290639E+02  9.422964706804E-01  1.459306232265E+00 -7.749730897535E-01 -6.303894221310E-03 -1.576613170757E+00  4.775815995884E+00  5.634960435079E-02 -2.187991770509E-01  1.624495726998E-01 -1.742922753057E-01 -1.047065402585E-03 -1.265547818692E-05 -1.257787067287E-05  1.156997924228E-05  3.796414571717E-01  1.265547875527E-05  5.042435914616E-03 -3.268191738303E-20 -4.508515778805E-20  2.695916662030E-20 -1.057884667070E-02
  1.080000000000E+02  1.100000000000E+02  2.081034670586E+01  2.493975416809E-13 -7.747676236968E-02  4.368286785849E+02  9.381286118033E-01  1.450673003042E+00 -7.696841429915E-01 -6.291354260790E-03 -1.566449494186E+00  4.688608966299E+00  5.301189266388E-02 -2.118285777590E-01  1.588166850973E-01 -1.641773545386E-01 -8.603383011136E-04 -9.083698850604E-06 -1.365519594013E-05  8.239616968661E-06  3.603746447681E-01  9.083698988928E-06  2.780548631829E-03 -2.541235583674E-20  3.619921452792E-20  3.924971559474E-20 -9.945395197537E-03
  1.120000000000E+02  1.140000000000E+02  2.089792205446E+01  2.491099086270E-13 -7.717111712986E-02  4.404552079897E+02  9.342376497511E-01  1.442144279437E+00 -7.642984680665E-01 -6.279306580756E-03 -1.570124039622E+00  4.608393030448E+00  5.047473174782E-02 -2.055110773007E-01  1.550363455512E-01 -1.539088816132E-01 -2.999875285624E-04  3.599541674209E-05 -1.096726948413E-05  1.967853228733E-05  3.426374055338E-01 -3.599541669847E-05  9.635858319521E-04 -6.417393509243E-20 -9.614020110591E-21 -1.172396639003E-20 -9.374926884065E-03
  1.160000000000E+02  1.180000000000E+02  2.098164466676E+01  2.453492504648E-13 -7.701603031769E-02  4.439342848913E+02  9.306830742140E-01  1.434303812631E+00 -7.589896599825E-01 -6.190415632252E-03 -1.576699157100E+00  4.529704504314E+00  4.869225525435E-02 -1.993879876553E-01  1.506957324031E-01 -1.457523501886E-01 -1.817139421880E-04  1.643578918875E-05 -9.055845456339E-06  4.060984156828E-05  3.249346966969E-01 -1.643578888081E-05  3.494988125098E-04  4.046668720261E-22  2.150222761292E-20 -3.578360046695E-20 -8.844372754445E-03
  1.200000000000E+02  1.220000000000E+02  2.106038745868E+01  2.378190162161E-13 -7.693005552070E-02  4.472182408074E+02  9.273070761443E-01  1.425439046529E+00 -7.534222346272E-01 -6.135643144935E-03 -1.583882290352E+00  4.452496647113E+00  4.649267669097E-02 -1.929367638055E-01  1.464440871148E-01 -1.374461117750E-01  1.363923308314E-04 -9.466264069811E-06 -8.637971543335E-06  3.202059134714E-05  3.085425582215E-01  9.466263757853E-06 -5.491937983997E-04 -3.124370425972E-20  1.543658431258E-21 -4.185167372556E-20 -8.358230640453E-03
  1.240000000000E+02  1.260000000000E+02  2.113585746999E+01  2.486261052361E-13 -7.725372009026E-02  4.503760278466E+02  9.240499275141E-01  1.417681801987E+00 -7.481288783886E-01 -6.052126548548E-03 -1.600128448805E+00  4.383311795045E+00  4.446949281757E-02 -1.874518194875E-01  1.429823266700E-01 -1.301686771257E-01 -2.705553218779E-04  2.110917901355E-06 -6.311983001609E-06  1.401384228563E-05  2.954811425373E-01 -2.110918063207E-06 -1.875000433236E-03 -1.783056990280E-20 -3.439762909136E-20  3.738386606524E-20 -7.923004954527E-03
  1.280000000000E+02  1.300000000000E+02  2.120811893107E+01  2.278311422623E-13 -7.783960298074E-02  4.534093221711E+02  9.211693130306E-01  1.409094472975E+00 -7.425709008216E-01 -6.007378367986E-03 -1.621645325461E+00  4.312890496046E+00  4.266746125551E-02 -1.818883679392E-01  1.392209066844E-01 -1.235448341268E-01 -1.302064507805E-04  1.114409476519E-05 -1.578342291771E-06  1.673168048020E-05  2.826152843306E-01 -1.114409629367E-05 -9.613476628889E-04 -5.679081479829E-20 -2.972989203752E-20  6.252021211800E-21 -7.531847008168E-03
  1.320000000000E+02  1.340000000000E+02  2.127723388860E+01  2.047114873449E-13 -7.768130552687E-02  4.563187847576E+02  9.187041489104E-01  1.400605373201E+00 -7.371706736754E-01 -5.962994639116E-03 -1.627271837818E+00  4.248247948477E+00  4.108692421362E-02 -1.772188012424E-01  1.361318770280E-01 -1.175901384181E-01 -3.163734756305E-04  1.315540946272E-05  2.482658044110E-06 -7.539519883801E-06  2.702421619965E-01 -1.315540793496E-05  8.532799591405E-04 -3.439463618999E-20 -2.609040692275E-21  4.259727902159E-20 -7.166401944367E-03
  1.360000000000E+02  1.380000000000E+02  2.134329689151E+01  2.822140305013E-13 -7.741618868209E-02  4.591050829933E+02  9.165607893851E-01  1.390729003353E+00 -7.317114231127E-01 -5.892084644589E-03 -1.631142365845E+00  4.186122544433E+00  3.894468431973E-02 -1.725617053734E-01  1.336170210537E-01 -1.117119236369E-01 -9.639054040120E-04 -2.626126632464E-06  4.453836400208E-06 -2.389159860410E-05  2.576964124940E-01  2.626125584757E-06  1.322676997479E-03 -5.467682198049E-20  2.331910687795E-20 -1.334256456628E-20 -6.792537319443E-03
  1.400000000000E+02  1.420000000000E+02  2.140608337810E+01  4.051641383507E-13 -7.702511435707E-02  4.617592123525E+02  9.146464863956E-01  1.380633271022E+00 -7.262439584562E-01 -5.787705553244E-03 -1.631297034968E+00  4.125388178899E+00  3.718535959433E-02 -1.678505841707E-01  1.306652245795E-01 -1.058839920906E-01 -1.000019697863E-03 -2.288864817518E-05  4.017419952922E-06 -1.091818830366E-05  2.468605710111E-01  2.288865066300E-05  2.283688254308E-03 -1.295761340327E-19 -1.085980467428E-20  3.330643357945E-20 -6.470781921904E-03
  1.440000000000E+02  1.460000000000E+02  2.146668492594E+01  4.611201148928E-13 -7.620740309741E-02  4.643250793737E+02  9.127912090957E-01  1.372002096636E+00 -7.207602373858E-01 -5.664169908468E-03 -1.621928205471E+00  4.067860947611E+00  3.541348614790E-02 -1.637093950876E-01  1.282959089402E-01 -1.011962545047E-01 -1.552533454644E-03  1.545535527335E-05  3.317818123329E-06 -2.605719737217E-05  2.395278498288E-01 -1.545535531111E-05  4.194334870091E-03  8.067070697171E-20  2.589635359808E-20  5.028094981288E-20 -6.210731225208E-03
  1.480000000000E+02  1.500000000000E+02  2.152587791340E+01  4.865898193633E-13 -7.492578666738E-02  4.668398524955E+02  9.109720862235E-01  1.363158004070E+00 -7.153699716952E-01 -5.539228083409E-03 -1.603251600715E+00  4.017921804429E+00  3.424882862168E-02 -1.599640608953E-01  1.257152322719E-01 -9.748418238545E-02 -2.448969292989E-03  2.302969771442E-05  1.469324360102E-06 -3.940208905619E-05  2.319184789188E-01 -2.302969703862E-05  5.860638989240E-03 -2.646817176848E-21  2.879190081814E-20 -2.050309513306E-20 -5.969358002765E-03
  1.520000000000E+02  1.540000000000E+02  2.158268765547E+01  4.993970254691E-13 -7.331693546302E-02  4.692582587821E+02  9.094908653964E-01  1.353608353809E+00 -7.098951767826E-01 -5.462649254066E-03 -1.578096284991E+00  3.964971406587E+00  3.316174177170E-02 -1.559151275946E-01  1.227533858250E-01 -9.330562668628E-02 -2.043119645231E-03 -5.037935452835E-06 -1.961887185829E-06 -2.228169403646E-05  2.227506775463E-01  5.037935373731E-06  6.397097201698E-03 -2.212978189141E-20 -5.554344588787E-21  4.759145257611E-20 -5.704342079951E-03
  1.560000000000E+02  1.580000000000E+02  2.163721712089E+01  4.782541463549E-13 -7.169493158572E-02  4.715852818758E+02  9.084520362345E-01  1.343443131387E+00 -7.045298943651E-01 -5.298446551948E-03 -1.551776057950E+00  3.910898742607E+00  3.181180925599E-02 -1.519304220628E-01  1.201186128082E-01 -8.917689928048E-02 -2.055955518213E-03  2.616705756103E-07 -3.929287199455E-06 -3.236902800153E-05  2.121880161797E-01 -2.616712262525E-07  4.789342502652E-03 -4.536939696570E-20 -5.676548642642E-21 -4.071763400232E-20 -5.420285928669E-03
  1.600000000000E+02  1.620000000000E+02  2.168876126029E+01  4.531076335893E-13 -7.091591423555E-02  4.737899176511E+02  9.075838124492E-01  1.333670477212E+00 -6.990861917380E-01 -5.167048500789E-03 -1.543730550735E+00  3.859972940731E+00  3.078695021554E-02 -1.486174523528E-01  1.178305021394E-01 -8.427612778867E-02 -1.750372132193E-03  4.045166880307E-07 -4.658885844401E-06 -3.765852814305E-05  2.017762711896E-01 -4.045167737365E-07  2.248361939542E-03 -9.217476617127E-20  3.824218800278E-21  3.302984697819E-20 -5.135891264205E-03
  1.640000000000E+02  1.660000000000E+02  2.173809446390E+01  4.057974367413E-13 -7.063015606292E-02  4.759047770111E+02  9.067279202255E-01  1.323460646708E+00 -6.936796489439E-01 -5.012447146578E-03 -1.545804709801E+00  3.815388941055E+00  2.966406511116E-02 -1.456675785718E-01  1.160035134580E-01 -8.016031835173E-02 -1.447408018592E-03 -6.282373717300E-06 -4.341606463876E-06 -4.673856246817E-05  1.934037824736E-01  6.282373374544E-06  3.664308571740E-04  1.467199394631E-20  3.019164503070E-20 -1.550707809651E-20 -4.888110298968E-03
  1.680000000000E+02  1.700000000000E+02  2.178545166102E+01  3.362378373413E-13 -7.078535229804E-02  4.779381949829E+02  9.059570276503E-01  1.313321618771E+00 -6.881707754301E-01 -4.886832454975E-03 -1.557254222788E+00  3.773661308808E+00  2.852216770897E-02 -1.427294445819E-01  1.142072768745E-01 -7.621361192944E-02 -7.917465419828E-04  6.973745783980E-06 -3.841616934323E-06 -4.093579033507E-05  1.855496720762E-01 -6.973746469005E-06 -7.086767805341E-04  3.256481543099E-20  1.733555329087E-20 -7.389672397057E-21 -4.654505165523E-03
  1.720000000000E+02  1.740000000000E+02  2.183088320395E+01  2.891936759508E-13 -7.099326038955E-02  4.798908148406E+02  9.052362997604E-01  1.304874984062E+00 -6.827283282055E-01 -4.661172232730E-03 -1.569974520552E+00  3.732054778268E+00  2.784419607401E-02 -1.398358243180E-01  1.119916282447E-01 -7.284956179926E-02 -4.451247398247E-04 -7.725664177740E-06 -4.248814262315E-06 -2.812871803982E-05  1.790570965477E-01  7.725663212292E-06 -4.458508320273E-04 -4.397619085434E-20  2.984975481681E-20  2.953118887032E-21 -4.474573958615E-03
  1.760000000000E+02  1.780000000000E+02  2.187490840674E+01  2.455353241328E-13 -7.103070561859E-02  4.817862347040E+02  9.044155378190E-01  1.297691374611E+00 -6.772335813537E-01 -4.516328876421E-03 -1.579200331827E+00  3.692756763363E+00  2.721275806155E-02 -1.370918509330E-01  1.098790928710E-01 -7.040611813838E-02 -7.305625026691E-04 -3.159098344201E-05 -2.956941874265E-06 -6.380151905634E-05  1.715975283658E-01  3.159098210683E-05 -8.471183864462E-04  6.552775740620E-20  1.534978743373E-21  1.206917564498E-21 -4.283475492721E-03
  1.800000000000E+02  1.820000000000E+02  2.191660088042E+01  1.778079043955E-13 -7.151427315467E-02  4.835824074682E+02  9.033876246620E-01  1.291755385510E+00 -6.717928182706E-01 -4.339799186568E-03 -1.597709556645E+00  3.651468427394E+00  2.610113464306E-02 -1.345198583372E-01  1.084187236920E-01 -6.672645539988E-02 -2.850545407332E-04 -1.263259232861E-05  9.609800077927E-07 -6.715694560201E-05  1.634612381268E-01  1.263259174428E-05 -2.173007275145E-03 -4.253595693757E-21 -4.772103009786E-21  1.934806552670E-20 -4.083104742565E-03
  1.840000000000E+02  1.860000000000E+02  2.195665303282E+01  1.025310218672E-13 -7.219157134675E-02  4.853107043775E+02  9.020635892871E-01  1.285014041714E+00 -6.662710693518E-01 -4.169119088568E-03 -1.621606910734E+00  3.612878706866E+00  2.500993822901E-02 -1.319013620624E-01  1.068914238345E-01 -6.400712118046E-02  3.625144121722E-04 -1.065531507265E-05  4.924138261161E-06 -1.528029802265E-05  1.571363714880E-01  1.065531418190E-05 -2.517524277438E-03  5.931997386942E-20  4.600245580862E-21 -5.572580922957E-21 -3.919756382688E-03
  1.880000000000E+02  1.900000000000E+02  2.199519321431E+01  2.993045279213E-14 -7.276664845917E-02  4.869762900008E+02  9.005898368025E-01  1.279061333210E+00 -6.609376662954E-01 -3.962344323783E-03 -1.643755293536E+00  3.582588792145E+00  2.422712332097E-02 -1.295579555247E-01  1.053308322045E-01 -6.157677446962E-02  6.811346994284E-05 -2.363581732110E-05  8.018369727433E-06 -2.153810406732E-05  1.511056290304E-01  2.363581685824E-05 -2.493224768455E-03  3.095799928261E-20  5.810226831009E-20  1.972214079988E-21 -3.783652498044E-03
  1.920000000000E+02  1.940000000000E+02  2.203225745411E+01 -3.326463525929E-14 -7.344092087388E-02  4.885791989037E+02  8.989575001326E-01  1.273029077326E+00 -6.554255355875E-01 -3.729631551587E-03 -1.668771325330E+00  3.549769111332E+00  2.357801409586E-02 -1.271611602242E-01  1.035831461280E-01 -5.939508336305E-02  5.902231715068E-05 -3.352528963084E-05  9.610719936060E-06 -4.135678677514E-05  1.446367548700E-01  3.352528977765E-05 -3.835764882736E-03  4.500974621346E-20  7.184183380377E-21  9.580041820559E-21 -3.639539400802E-03
  1.960000000000E+02  1.980000000000E+02  2.206753738931E+01 -6.893817230032E-14 -7.469154159839E-02  4.901102791696E+02  8.972507339574E-01  1.269565465513E+00 -6.502865684675E-01 -3.577922491503E-03 -1.705970435120E+00  3.523818750484E+00  2.306239894906E-02 -1.252886496959E-01  1.022262507494E-01 -5.691809322067E-02  5.633410907745E-04  1.253070925145E-06  1.077957371172E-05 -3.701391058581E-05  1.408746965017E-01 -1.253071636844E-06 -5.634720315899E-03  2.188905546918E-21  1.839016260698E-20 -6.408369554891E-20 -3.491008791771E-03
  2.000000000000E+02  2.020600000000E+02  2.210270999411E+01 -1.025076840540E-13 -7.626672986982E-02  4.916354085126E+02  8.953455329844E-01  1.266020760690E+00 -6.447056365954E-01 -3.426080409851E-03 -1.750961290454E+00  3.499808171606E+00  2.154765079628E-02 -1.214448095203E-01  9.989715872657E-02 -5.522855394105E-02  1.324625518633E-03  2.782041390371E-05  1.198720135773E-05 -3.344026591607E-05  1.356630045052E-01 -2.782041468574E-05 -5.661984768576E-03 -1.366124568956E-20  4.016810588107E-20 -2.420064606023E-20 -3.399244657466E-03
  2.041200000000E+02  2.062418000000E+02  2.213746144340E+01 -1.580832201253E-13 -7.763075171415E-02  4.931461788866E+02  8.934720885462E-01  1.263893280942E+00 -6.392057368042E-01 -3.277536851111E-03 -1.791011644668E+00  3.476864436260E+00  2.005021524443E-02 -1.175832765961E-01  9.753306135048E-02 -5.377626916908E-02  1.062690656777E-03  2.640463970774E-05  1.171538293393E-05 -5.879174341794E-06  1.314499938084E-01 -2.640464084121E-05 -6.231263200879E-03 -3.693677004203E-20 -4.974175022900E-21  2.835290757189E-20 -3.318109795225E-03
  2.083636000000E+02  2.105490540000E+02  2.217244320886E+01 -2.186080517996E-13 -7.950625183632E-02  4.946644172252E+02  8.915159801394E-01  1.261950257245E+00 -6.334766845309E-01 -3.192969776665E-03 -1.842082826599E+00  3.451882613635E+00  1.875890472344E-02 -1.134915058484E-01  9.473260112469E-02 -5.238283898813E-02  1.684906122309E-03  6.767331646742E-06  1.189483314766E-05 -1.003858761229E-05  1.276140291227E-01 -6.767332964724E-06 -8.248660105071E-03  7.690170632800E-20 -2.568244630343E-20  7.738190919942E-21 -3.243246741964E-03
  2.127345080000E+02  2.149855256200E+02  2.220717915944E+01 -3.065886294840E-13 -8.207325096572E-02  4.961754250043E+02  8.893523978211E-01  1.260926040965E+00 -6.276729526197E-01 -3.185985949539E-03 -1.908953146978E+00  3.429992735275E+00  1.750014638293E-02 -1.093626760827E-01  9.186252969963E-02 -5.147668038488E-02  2.186280766757E-03  2.176101351592E-05  1.265995585747E-05 -3.467076723808E-05  1.245584888850E-01 -2.176101408266E-05 -1.002801654914E-02  1.754598649035E-20 -4.846114081336E-21  5.693564846223E-22 -3.203038681384E-03
  2.172365432400E+02  2.195550913886E+02  2.224256063640E+01 -3.959694308553E-13 -8.517144890007E-02  4.977157093621E+02  8.871531629002E-01  1.260600765654E+00 -6.216974659668E-01 -3.104838966875E-03 -1.987174604856E+00  3.411152224886E+00  1.607116845601E-02 -1.054629571127E-01  8.939178865612E-02 -5.081715513775E-02  2.744156343840E-03  2.461456797822E-05  1.252033895412E-05 -7.997826368346E-07  1.213390409725E-01 -2.461456853101E-05 -1.103642770857E-02  1.619590986108E-20 -1.038286287981E-20 -1.210457685951E-20 -3.129134347346E-03
  2.218736395372E+02  2.242617441303E+02  2.227748344867E+01 -4.263719493210E-13 -8.841536258283E-02  4.992382957864E+02  8.850120473451E-01  1.262137735949E+00 -6.155548562848E-01 -3.129889909205E-03 -2.068778092581E+00  3.386858578405E+00  1.462548870280E-02 -1.014096263681E-01  8.678413766607E-02 -4.933547332702E-02  3.057743235190E-03  2.960986784120E-05  1.217599973863E-05  1.090301528974E-05  1.174428036032E-01 -2.960986697461E-05 -1.047321412491E-02 -2.180416422367E-20  4.647005282032E-21 -2.159123811156E-20 -3.049641143441E-03
  2.266498487233E+02  2.291095964542E+02  2.231265815364E+01 -4.292044555413E-13 -9.132654401015E-02  5.007705738328E+02  8.828398381833E-01  1.263484994340E+00 -6.093118330693E-01 -3.101728566146E-03 -2.142178141994E+00  3.368322678911E+00  1.324091225649E-02 -9.739531712235E-02  8.415440486648E-02 -4.838649096568E-02  2.461297977613E-03  4.062940205155E-05  1.090059468116E-05 -1.592092993554E-05  1.145917412574E-01 -4.062940266420E-05 -9.649145535497E-03 -8.089823754430E-21 -5.109862271982E-20  1.248323846777E-20 -3.017371762120E-03
  2.315693441850E+02  2.341028843478E+02  2.234802733120E+01 -4.323593335206E-13 -9.434283694520E-02  5.023112027337E+02  8.806467137927E-01  1.264211890964E+00 -6.027947441922E-01 -3.100398451049E-03 -2.217026100155E+00  3.348339047892E+00  1.186297297090E-02 -9.307700577962E-02  8.121403280837E-02 -4.798172147423E-02  2.552206309733E-03  2.932260612116E-05  7.057811959142E-06 -2.096709980355E-05  1.118513992954E-01 -2.932260564017E-05 -1.002617551237E-02 -2.549457102907E-20 -1.631130057232E-20 -5.367038585645E-20 -2.978964924784E-03
  2.366364245106E+02  2.392459708782E+02  2.238354265447E+01 -4.170214682834E-13 -9.771732947652E-02  5.038582620662E+02  8.785781113326E-01  1.264611676127E+00 -5.961234223263E-01 -3.070365003024E-03 -2.298391231095E+00  3.331358261087E+00  9.986650751183E-03 -8.835272601877E-02  7.836607526854E-02 -4.747870823650E-02  2.763159411367E-03  1.479514152258E-05  3.984153847541E-06 -1.755911618638E-05  1.101176421007E-01 -1.479514189933E-05 -1.183353612893E-02 -9.125044859050E-21  1.798543157464E-20 -1.692445903326E-20 -2.949429358249E-03
  2.418555172459E+02  2.445433500046E+02  2.241988782139E+01 -3.739987301336E-13 -1.020951251581E-01  5.054446543717E+02  8.766152734229E-01  1.267925080767E+00 -5.892481786389E-01 -3.113397522845E-03 -2.401070575885E+00  3.314467110798E+00  8.011429985345E-03 -8.380186221994E-02  7.579043223391E-02 -4.697346871835E-02  3.670048045982E-03  1.906481015063E-05  3.446336998211E-06 -2.226165353844E-05  1.090313716254E-01 -1.906480924312E-05 -1.328900937405E-02 -1.082594031147E-20 -6.946563208899E-22  2.546173433241E-20 -2.923565561225E-03
  2.472311827633E+02  2.499996505047E+02  2.245689143303E+01 -3.169147166915E-13 -1.066859917390E-01  5.070592695378E+02  8.747190035946E-01  1.274076114206E+00 -5.822367979683E-01 -3.115740733095E-03 -2.508231442108E+00  3.301002268885E+00  6.546016740894E-03 -7.933534116031E-02  7.278932442052E-02 -4.650070707090E-02  4.091404458015E-03  7.537527734699E-06  3.601578087952E-06 -2.496047788250E-05  1.070054736824E-01 -7.537527329756E-06 -1.408634785248E-02  6.517662950607E-21  2.890827387487E-21 -1.766841425401E-20 -2.883072724431E-03
  2.527681182462E+02  2.556196400198E+02  2.249400488259E+01 -2.745434805422E-13 -1.118889865324E-01  5.086801345780E+02  8.728181971768E-01  1.279669208138E+00 -5.750194697545E-01 -3.123851722028E-03 -2.628462879876E+00  3.290564851226E+00  5.115502257339E-03 -7.480284695054E-02  6.968734469298E-02 -4.584179281517E-02  4.362568216396E-03  9.825752391334E-06  4.043787106463E-06 -2.988008846017E-05  1.055340001091E-01 -9.825751752682E-06 -1.366587879920E-02  1.747892206598E-20 -2.936186221642E-20  4.673663095259E-20 -2.876760071972E-03
  2.584711617935E+02  2.614082292204E+02  2.253216261852E+01 -2.593199197043E-13 -1.164486235392E-01  5.103497731864E+02  8.708406802583E-01  1.281438854044E+00 -5.677618377619E-01 -3.072252244136E-03 -2.732927308751E+00  3.281227344540E+00  3.563855545259E-03 -7.013256725812E-02  6.656871171265E-02 -4.603900311912E-02  3.935500058579E-03  1.514745623909E-05  2.734025229475E-06 -2.430015222060E-05  1.037115182508E-01 -1.514745620781E-05 -1.199002388239E-02 -3.535943157594E-20  1.893763788477E-20 -6.547755005680E-21 -2.866792377365E-03
  2.643452966473E+02  2.673704760971E+02  2.257022163918E+01 -2.579449663124E-13 -1.207005968161E-01  5.120182898668E+02  8.686665935823E-01  1.282814587143E+00 -5.602888474808E-01 -2.997243164959E-03 -2.829543769305E+00  3.269860650422E+00  2.001492937735E-03 -6.504933928770E-02  6.304784635032E-02 -4.553575808783E-02  3.708519006847E-03 -6.449931403817E-06 -2.254243410925E-07 -4.597163821795E-06  1.022958679236E-01  6.449931907509E-06 -1.031684200670E-02 -2.734910454170E-21  1.148702650239E-20  5.773781627583E-20 -2.852957583594E-03
  2.703956555468E+02  2.735115903800E+02  2.260957586765E+01 -2.537329328126E-13 -1.242422199526E-01  5.137479024092E+02  8.660687604233E-01  1.281601954006E+00 -5.526641139149E-01 -2.838608523478E-03 -2.909280734819E+00  3.259941029709E+00  7.884923173114E-04 -6.059953747457E-02  5.981104515684E-02 -4.562835062942E-02  2.939826204843E-03 -1.751066494097E-05 -1.673009284473E-06  1.454046483746E-05  1.014636675782E-01  1.751066540689E-05 -7.358805424149E-03 -3.383396716115E-20 -1.524965402460E-20  1.611624132187E-20 -2.842600964055E-03
  2.766275252132E+02  2.798369380914E+02  2.264924981292E+01 -2.494785824684E-13 -1.263991730481E-01  5.154952449231E+02  8.630439299802E-01  1.279433121410E+00 -5.450283401663E-01 -2.591675330604E-03 -2.956434370732E+00  3.255006637973E+00 -8.729830281529E-04 -5.538881808537E-02  5.626180111352E-02 -4.523700348697E-02  2.029549644935E-03 -1.242532192857E-05 -2.948596793579E-07  2.337895822286E-05  1.020955198546E-01  1.242532238723E-05 -4.518225713085E-03 -1.372285309446E-20 -6.073878896439E-22  1.353018890936E-20 -2.855595562695E-03
  2.830463509696E+02  2.863520462341E+02  2.269147977673E+01 -2.801055267361E-13 -1.278159715867E-01  5.173606750434E+02  8.593705685242E-01  1.276632336152E+00 -5.372367843364E-01 -2.338659841960E-03 -2.988572949413E+00  3.251610081132E+00 -2.217396510266E-03 -5.050842379283E-02  5.272582030317E-02 -4.630875204622E-02  1.605175746043E-03 -1.361952654307E-06  2.334049148554E-06  1.196237126829E-05  1.028565831090E-01  1.361952266094E-06 -2.579404740092E-03  4.497149525044E-20 -2.873201506862E-20  5.396337443061E-20 -2.892979588894E-03
  2.896577414987E+02  2.930626076211E+02  2.273425903631E+01 -3.400710719970E-13 -1.284883329743E-01  5.192542188608E+02  8.546642931704E-01  1.274545319339E+00 -5.294861953411E-01 -1.907912865960E-03 -3.004626515179E+00  3.256369681658E+00 -4.175538731162E-03 -4.584283025837E-02  5.001836898936E-02 -4.619855975197E-02  7.012998664053E-04 -5.136397800439E-06  2.098382958295E-06  1.818692794150E-06  1.027435951271E-01  5.136397206867E-06 -6.901931757914E-04 -5.647343313738E-21  1.913903757077E-21 -1.923029718021E-20 -2.902638327759E-03
  2.964674737436E+02  2.999744858498E+02  2.277893951156E+01 -3.646115886065E-13 -1.283775324833E-01  5.212380969808E+02  8.490616690426E-01  1.269503104062E+00 -5.216768449682E-01 -1.375282721821E-03 -3.006154618967E+00  3.260367061295E+00 -5.675370600472E-03 -4.108190605855E-02  4.675727665721E-02 -4.672623875142E-02  4.246752915803E-04 -9.011834668395E-06 -1.816753694451E-06  9.752644141351E-07  1.033571133593E-01  9.011833804279E-06  6.986075538127E-05  4.665367428064E-21 -1.148558984990E-21  3.061101243393E-20 -2.926445633532E-03
  3.034814979559E+02  3.070937204253E+02  2.282489254494E+01 -3.371748505399E-13 -1.284093304042E-01  5.232818809679E+02  8.427047766392E-01  1.260102172016E+00 -5.138415104076E-01 -4.668889023776E-04 -3.011276425562E+00  3.265368785525E+00 -7.124136972909E-03 -3.574983322678E-02  4.287397020064E-02 -4.727834495430E-02  3.037069623729E-04 -4.536102784765E-06 -5.707241812755E-06 -1.568362960947E-06  1.048851655401E-01  4.536102829390E-06  3.012795058728E-04  1.659998286395E-22  2.055080354211E-20 -3.549164170329E-20 -3.018596124994E-03
  3.107059428946E+02  3.144265320380E+02  2.287367529373E+01 -2.734743323000E-13 -1.281222593132E-01  5.254566956596E+02  8.360637039898E-01  1.248181795132E+00 -5.059870735984E-01  1.654853378507E-04 -3.007782168374E+00  3.269453924657E+00 -8.664653095373E-03 -3.061040234900E-02  3.927505544302E-02 -4.891355366446E-02 -1.378121913166E-04  5.215230815364E-07 -9.200333029360E-06  2.557865236261E-06  1.048964903913E-01 -5.215227998144E-07  2.071986316197E-03  1.152828846445E-20  2.284767167428E-20  1.666624781846E-20 -3.046999499867E-03
  3.181471211814E+02  3.219793279992E+02  2.292246107645E+01 -1.798579711091E-13 -1.265084309227E-01  5.276365991351E+02  8.296639927952E-01  1.239753826744E+00 -4.983357811300E-01  1.295370787211E-03 -2.972718053719E+00  3.278995460363E+00 -1.018144460472E-02 -2.566230565578E-02  3.584375025983E-02 -4.861563645713E-02 -9.891810692853E-04 -3.864508448467E-06 -1.335401514540E-05 -2.191576964840E-06  1.031494399792E-01  3.864509060021E-06  3.788494744365E-03  1.340706093341E-22  2.278375358054E-20 -2.591942935044E-21 -3.054684969176E-03
  3.258115348169E+02  3.297587078391E+02  2.297245819411E+01 -1.162534663442E-13 -1.245191337383E-01  5.298790724457E+02  8.233334150805E-01  1.234982108613E+00 -4.902093656282E-01  2.219210106138E-03 -2.928860033011E+00  3.278811737679E+00 -1.206501675116E-02 -2.077785949452E-02  3.284287624484E-02 -4.927219115167E-02 -1.317747739601E-03 -1.032193432876E-05 -1.614426193315E-05 -2.571469872105E-06  1.021448305905E-01  1.032193393313E-05  3.469935379030E-03 -5.741886036789E-20  1.940083030683E-20  5.889973786563E-21 -3.064548973861E-03
  3.337058808614E+02  3.377714690743E+02  2.302322196246E+01 -6.616059205119E-14 -1.231167720936E-01  5.321628738113E+02  8.167101938056E-01  1.236444456244E+00 -4.824226478703E-01  3.146385053669E-03 -2.901623622576E+00  3.289832434501E+00 -1.375156596602E-02 -1.573536299325E-02  2.948692895733E-02 -4.889374729001E-02 -1.009130000281E-03 -7.983785317455E-06 -1.672124972538E-05  3.082074244321E-06  1.032200974840E-01  7.983785787406E-06  1.257851327461E-03 -4.197983827661E-20 -1.897157086116E-21  4.186469431374E-20 -3.084490866148E-03
  3.418370572872E+02  3.460246131465E+02  2.307735335904E+01  1.461595890614E-14 -1.232918211624E-01  5.346104093253E+02  8.102137737088E-01  1.239099044505E+00 -4.742682278487E-01  4.386945102677E-03 -2.914393174379E+00  3.312208580770E+00 -1.557129255245E-02 -1.101808235200E-02  2.658937490338E-02 -4.966046075832E-02  1.540039698550E-06 -2.536673152037E-06 -1.766505779530E-05  7.981792836192E-06  1.018908355330E-01  2.536673151095E-06 -8.284098101589E-04  7.409380284590E-20 -5.371174596010E-21 -2.405230354283E-20 -3.081293219023E-03
  3.502121690058E+02  3.545253515409E+02  2.312986362125E+01  8.636635503989E-14 -1.240372714038E-01  5.369950407568E+02  8.040693997975E-01  1.240529717998E+00 -4.664538669605E-01  5.913273883186E-03 -2.941646892478E+00  3.329460974169E+00 -1.698011729768E-02 -6.561227069971E-03  2.354134436743E-02 -4.877723035067E-02  1.955981041696E-04 -1.641093371346E-05 -1.564249208913E-05  1.282637349065E-05  1.009443159636E-01  1.641093410586E-05 -1.227443498439E-03 -3.503542707449E-20 -2.400423953413E-20  5.951816795307E-20 -3.080837760136E-03
  3.588385340760E+02  3.632811120872E+02  2.318618784054E+01  1.301444669625E-13 -1.246312604330E-01  5.395528910382E+02  7.979221374548E-01  1.234015942590E+00 -4.580861193691E-01  7.301741820367E-03 -2.963334409602E+00  3.351411706227E+00 -1.838985434004E-02 -2.057882705606E-03  2.044773704657E-02 -4.971824999622E-02  2.624207269110E-04 -1.225705513083E-05 -8.355302489614E-06  9.149981450715E-06  9.880050451425E-02  1.225705461985E-05  8.714478659425E-04 -1.660207990446E-21  2.480113344727E-20 -4.069925136068E-20 -3.044718890439E-03
  3.677236900983E+02  3.722995454498E+02  2.323959277623E+01  1.530812768213E-13 -1.230541958473E-01  5.419875232256E+02  7.918277833255E-01  1.218229894374E+00 -4.507281716699E-01  8.983610223140E-03 -2.936014497649E+00  3.375391474377E+00 -1.978073605648E-02  2.188290424928E-03  1.759244563201E-02 -4.790069440229E-02 -8.973543060091E-04 -1.311585948070E-05 -3.707354135500E-06 -1.514542934433E-06  9.705359782493E-02  1.311585963051E-05  2.586174414862E-03 -3.299673914795E-20  8.916057326874E-21 -3.510784460331E-20 -3.025850245156E-03
  3.768754008012E+02  3.815885318133E+02  2.329718197034E+01  1.763333021265E-13 -1.216338639121E-01  5.446266888020E+02  7.854151283608E-01  1.195800829764E+00 -4.424780249187E-01  1.032216331058E-02 -2.916199236193E+00  3.401813547406E+00 -2.102212417487E-02  6.760776175563E-03  1.426134799954E-02 -4.910981738116E-02 -2.556443171894E-04 -1.732658500577E-05 -6.512067876736E-07 -1.226672498778E-05  9.770753920853E-02  1.732658470998E-05  1.859498623642E-03  8.316906005674E-21  2.416097393930E-22 -4.486830109195E-20 -3.069986926726E-03
  3.863016628253E+02  3.911561877677E+02  2.335467172086E+01  1.949801836191E-13 -1.208018846146E-01  5.472679278930E+02  7.779793639213E-01  1.175751716318E+00 -4.349072186085E-01  1.160399609035E-02 -2.903036668901E+00  3.432339527693E+00 -2.225008831483E-02  1.118902436885E-02  1.106106394605E-02 -4.917376317661E-02  1.706406224752E-04 -4.940463166432E-06  3.608102828605E-06 -1.595224438542E-05  9.536024259671E-02  4.940462980920E-06  2.806501940168E-03  2.122287789573E-20  2.333211637985E-20  3.781491353975E-20 -3.063245820461E-03
  3.960107127100E+02  4.010108734007E+02  2.341290082200E+01  2.069045074160E-13 -1.181751097523E-01  5.499531363555E+02  7.692039181520E-01  1.147239770216E+00 -4.268152357016E-01  1.293220997984E-02 -2.844502523798E+00  3.466612943052E+00 -2.429997005154E-02  1.543141673415E-02  8.868553317428E-03 -4.848798951210E-02 -5.312756842516E-05  6.737291331634E-06  4.596455338920E-06 -1.887551751080E-05  9.322283818855E-02 -6.737291791789E-06  4.233349655619E-03 -1.241499361052E-20  1.795047724454E-21 -1.435976895381E-20 -3.007294057945E-03
  4.060110340913E+02  4.111611996027E+02  2.347123118961E+01  2.436252056574E-13 -1.155245234093E-01  5.526481311582E+02  7.592688536623E-01  1.123190096281E+00 -4.193316720675E-01  1.383572579247E-02 -2.783525179374E+00  3.499780858053E+00 -2.539330169703E-02  1.884212060078E-02  6.551181095806E-03 -4.781861966862E-02  1.127297682850E-04  1.532448240941E-05  3.840384000813E-06 -2.208143825472E-05  9.221801183158E-02 -1.532448186060E-05  6.683199836155E-03 -3.318873596094E-20 -1.012123358050E-20 -3.178050379570E-21 -2.994107967752E-03
  4.163113651141E+02  4.216160355908E+02  2.353170344589E+01  2.950132661309E-13 -1.096217554386E-01  5.554531069556E+02  7.484666115969E-01  1.093396391544E+00 -4.109370304737E-01  1.480361028811E-02 -2.637731889287E+00  3.543821623053E+00 -2.700674175067E-02  2.341407264032E-02  3.592669110815E-03 -4.797095806899E-02 -1.362594856164E-03  1.599572797043E-05  4.782520377628E-06 -2.211639417300E-05  9.212670168702E-02 -1.599572741926E-05  5.479639079357E-03  1.704374891191E-20  2.184496318929E-20  2.860592355095E-20 -2.997078236348E-03
  4.269207060675E+02  4.323845166585E+02  2.359345759818E+01  3.174655792878E-13 -1.083258131061E-01  5.583270816673E+02  7.367303514140E-01  1.066903638625E+00 -4.032210330388E-01  1.528755970229E-02 -2.603074377949E+00  3.578865584610E+00 -2.822624544683E-02  2.725114245054E-02  9.751029970276E-04 -4.746705589491E-02  4.315792216135E-04  1.523801394264E-05  7.099574614642E-06 -8.536311477896E-06  8.800745776487E-02 -1.523801388589E-05  4.790737618912E-03  1.176569202934E-20 -1.458616178535E-21 -1.853098975625E-21 -2.902193511435E-03
  4.378483272495E+02  4.434760521583E+02  2.365190158905E+01  3.246721491194E-13 -1.031245077260E-01  5.610557724371E+02  7.246705675030E-01  1.036124949796E+00 -3.947668483373E-01  1.592793050800E-02 -2.475134821332E+00  3.628258274026E+00 -2.912057400483E-02  3.039416503661E-02 -1.273591031766E-03 -4.570312586302E-02 -1.289159678668E-03  8.127764940377E-06  1.038968364576E-05  3.933471269451E-06  8.800344365076E-02 -8.127765288922E-06  3.427634348146E-03 -1.515129894595E-20  1.951871921870E-20  1.495526269177E-20 -2.908219446211E-03
  4.491037770670E+02  4.549003337230E+02  2.371721312738E+01  3.577628043353E-13 -1.035181031034E-01  5.641189246465E+02  7.125079983856E-01  1.010073293541E+00 -3.867453034323E-01  1.653460533097E-02 -2.483806462825E+00  3.678302402298E+00 -3.005320050401E-02  3.468152333670E-02 -4.628322833168E-03 -4.797049578241E-02  6.331644519357E-04 -3.656956303983E-06  1.624006122926E-05  1.113268571101E-05  8.827748994224E-02  3.656956629423E-06  1.325350310810E-03  2.608835391685E-20  8.084293299607E-21  3.864081590028E-21 -2.982768092177E-03
  4.606968903790E+02  4.666673437347E+02  2.377981099647E+01  3.832242879513E-13 -1.011692049670E-01  5.670640315126E+02  7.005604187667E-01  9.781804346851E-01 -3.785672296256E-01  1.649301894516E-02 -2.433038732393E+00  3.714160950635E+00 -3.085012549026E-02  3.759302865216E-02 -6.742903163259E-03 -4.711009372195E-02  2.644178735650E-05 -2.821345836628E-06  1.963849093629E-05  1.434553573671E-05  8.628391140530E-02  2.821345814597E-06 -8.535418069651E-05 -2.897528462838E-20 -1.242063709876E-20  2.280295903346E-21 -2.963842160403E-03
  4.726377970904E+02  4.787873640468E+02  2.384600596195E+01  3.866098575537E-13 -1.034996861224E-01  5.701874994984E+02  6.878237787798E-01  9.454129292677E-01 -3.701588657762E-01  1.754306201014E-02 -2.499241131888E+00  3.766914835674E+00 -3.116333918915E-02  4.016334508996E-02 -9.000005900838E-03 -4.785596716508E-02  1.318050597264E-03 -8.716613422422E-06  1.750573945608E-05  1.711997701565E-05  8.766778436434E-02  8.716613653580E-06 -3.115092819524E-03 -3.166113937709E-21 -1.525960711324E-20 -1.943960939975E-20 -3.013795956901E-03
  4.849369310031E+02  4.912709849682E+02  2.391450622283E+01  3.487683689305E-13 -1.058186531211E-01  5.734267270629E+02  6.739012611022E-01  9.143621742130E-01 -3.613764735115E-01  1.732112488968E-02 -2.566809255402E+00  3.831716122465E+00 -3.166482516357E-02  4.325394170271E-02 -1.158911653940E-02 -4.880783419743E-02  1.764958212643E-03 -1.260652371161E-05  1.283349757292E-05  1.551758642130E-05  8.727523148614E-02  1.260652249667E-05 -4.170668957080E-03 -4.149286783621E-20 -8.572928621444E-21  2.327769919064E-20 -3.064481628637E-03
  4.976050389332E+02  5.041291145172E+02  2.398413002687E+01  2.511276175436E-13 -1.100825788899E-01  5.767205928729E+02  6.585240613990E-01  8.853183557471E-01 -3.522276325593E-01  1.790040028637E-02 -2.683942406516E+00  3.891733552360E+00 -3.232501126748E-02  4.623286840244E-02 -1.390785713436E-02 -4.898203026312E-02  1.772849275295E-03  7.159283286772E-06  7.648137660081E-06  1.083094847192E-05  8.706079969031E-02 -7.159282872245E-06 -2.930359036928E-03 -7.231037424922E-21 -7.639385861797E-21 -2.223370227412E-20 -3.099350416458E-03
  5.106531901012E+02  5.173729879527E+02  2.405653343432E+01  1.834601822311E-13 -1.106772881739E-01  5.801567615328E+02  6.424794706459E-01  8.592092090455E-01 -3.433307290597E-01  1.875151880360E-02 -2.716046034999E+00  3.960236604165E+00 -3.231015705737E-02  4.811697490326E-02 -1.580681784595E-02 -5.059757556378E-02  2.888706929053E-04  5.915561214620E-06  6.343572680745E-06  1.136169828917E-05  8.952935229435E-02 -5.915561918091E-06 -1.454547182027E-03  6.126237349237E-21  7.855746183528E-21  2.864487519469E-20 -3.228948988747E-03
  5.240927858042E+02  5.310141775913E+02  2.413461419470E+01  1.463662096616E-13 -1.126155365746E-01  5.838761819461E+02  6.266059526943E-01  8.368820841527E-01 -3.342125373844E-01  1.833102911683E-02 -2.773647328364E+00  4.035694588500E+00 -3.285737349277E-02  5.059746593429E-02 -1.774009244373E-02 -5.287601168813E-02  3.137545649848E-04 -1.810455179501E-06  6.047538350567E-06  1.401923031750E-05  9.194947149164E-02  1.810454620309E-06 -4.333520333353E-03  3.524443221203E-21 -1.479071951598E-20 -4.125409199273E-20 -3.355930117634E-03
  5.379355693784E+02  5.450646029190E+02  2.421570408355E+01  8.909489928229E-14 -1.182393955332E-01  5.877542398537E+02  6.117519988251E-01  8.129574946476E-01 -3.250515570697E-01  1.952924830499E-02 -2.925982254398E+00  4.078634024593E+00 -3.294087271667E-02  5.152192771649E-02 -1.858105499969E-02 -5.393360995849E-02  1.815480994645E-03 -7.207319715710E-07  2.651311081451E-06  7.687296138521E-06  9.133544386446E-02  7.207313245764E-07 -7.084802727181E-03 -8.191524547569E-21 -8.652915828002E-24 -6.705678978762E-21 -3.332727523477E-03
  5.521936364597E+02  5.595365410066E+02  2.429737014665E+01  4.108569618781E-14 -1.253236597947E-01  5.916832686744E+02  5.967692674170E-01  7.844419052207E-01 -3.153270444597E-01  1.911637529941E-02 -3.105467622872E+00  4.121941216246E+00 -3.266322999535E-02  5.242204326047E-02 -1.975881326601E-02 -5.275746841785E-02  2.640790251760E-03  3.444450117370E-06 -1.317272353921E-06 -5.007648939533E-06  8.861007938148E-02 -3.444450034676E-06 -5.826374435251E-03  1.987891704219E-20  2.582950035411E-20  2.706385155484E-20 -3.271252121921E-03
  5.668794455535E+02  5.743794455535E+02  2.437827730702E+01  1.439771681507E-14 -1.289505348199E-01  5.955862450310E+02  5.809979535604E-01  7.531017380159E-01 -3.060434761662E-01  1.976610658871E-02 -3.201419022641E+00  4.132189996828E+00 -3.072806121552E-02  5.180832117722E-02 -2.108025996164E-02 -5.194605742016E-02  1.635524530409E-03 -4.085386592066E-07 -1.674523900828E-06 -1.085106188549E-05  8.590819291414E-02  4.085378751281E-07 -3.317310611965E-04 -1.386563739955E-20 -6.203786187927E-21 -1.460036744579E-20 -3.250742455436E-03
  5.818794455535E+02  5.893794455535E+02  2.445843655787E+01  4.402881994177E-15 -1.258914931362E-01  5.994619054718E+02  5.653186821832E-01  7.290265787564E-01 -2.963236233962E-01  1.934926189158E-02 -3.136400323411E+00  4.080201211936E+00 -3.010067559577E-02  5.015023031883E-02 -2.004955472248E-02 -5.119058489366E-02 -1.642171482629E-03  7.617289899287E-06  1.091366439611E-06 -1.476030845741E-05  8.294545171298E-02 -7.617289931294E-06  2.543814992915E-03 -9.310003903476E-21 -6.656832939196E-22  4.603091650631E-20 -3.112178604951E-03
  5.968794455535E+02  6.043794455535E+02  2.453387435181E+01  3.024324598625E-14 -1.241328322912E-01  6.031260397239E+02  5.492362596652E-01  7.078715679341E-01 -2.870433667806E-01  1.972647693148E-02 -3.101175076828E+00  4.002954614223E+00 -2.797325637793E-02  4.763487802376E-02 -1.966162164691E-02 -4.787411518847E-02 -9.657724636426E-04 -4.622537219322E-07  3.776638368754E-06 -1.935289023987E-05  8.045724545170E-02  4.622532804864E-07  1.185127688694E-03  7.721633337257E-21 -1.885703697263E-20  6.971435330552E-20 -2.936557286827E-03
  6.118794455535E+02  6.193794455535E+02  2.460935357081E+01  4.468591758196E-14 -1.235808694096E-01  6.067916819330E+02  5.337762396270E-01  6.862199292440E-01 -2.781604434905E-01  1.898683709488E-02 -3.092458595355E+00  3.929811090224E+00 -2.589963890092E-02  4.481873664988E-02 -1.891909774984E-02 -4.620204335277E-02 -9.755629368215E-04  3.411862265822E-06  3.069993766224E-06 -1.935286188008E-05  7.472831045280E-02 -3.411861952046E-06  3.049361736165E-03 -3.953500846004E-21  2.654618675366E-21 -1.046692753308E-20 -2.754586577894E-03
  6.268794455535E+02  6.343794455535E+02  2.467401965101E+01  3.704591841625E-14 -1.183598998677E-01  6.099332926219E+02  5.190487566158E-01  6.688439621633E-01 -2.682296961460E-01  1.920408919725E-02 -2.968006498472E+00  3.858871764572E+00 -2.259029134144E-02  4.186505075021E-02 -1.927475940953E-02 -4.135025666261E-02 -1.256172704782E-03 -4.637255384260E-06  6.165479215294E-07 -3.494601934400E-06  6.695017377749E-02  4.637255739933E-06  3.921929530845E-03 -7.359028288358E-21  1.909693702412E-21  1.593295289422E-20 -2.464216813277E-03
  6.418794455535E+02  6.493794455535E+02  2.473490446861E+01  3.459774307324E-14 -1.162514432555E-01  6.128946915217E+02  5.041067809533E-01  6.527277721700E-01 -2.596215932377E-01  1.802524472613E-02 -2.915796340330E+00  3.799487292351E+00 -2.010991930006E-02  3.855208756648E-02 -1.844216826481E-02 -3.779024580494E-02 -9.936957584809E-04 -8.929864396632E-07  1.210174972558E-06  6.304161583731E-06  6.521928514773E-02  8.929864120513E-07  3.870660879824E-03 -3.477363537414E-20  2.000715438894E-20  1.246785958738E-20 -2.319852801736E-03
  6.568794455535E+02  6.643794455535E+02  2.479630230672E+01  2.122940018223E-14 -1.111274882523E-01  6.159018254892E+02  4.874670291106E-01  6.397660093977E-01 -2.511912503977E-01  1.788880900485E-02 -2.795612316565E+00  3.762832223431E+00 -1.855083473199E-02  3.637173549228E-02 -1.782090075978E-02 -3.655790386388E-02 -1.983948087698E-03  4.850944515837E-06  2.370225604442E-06  4.203611112864E-06  6.300661241181E-02 -4.850944699294E-06  4.977956634795E-03  2.109399726737E-20  1.074913954331E-20 -4.302717973609E-21 -2.204091114565E-03
  6.718794455535E+02  6.793794455535E+02  2.485302700731E+01  2.179713585552E-15 -1.068946636055E-01  6.186918660391E+02  4.704132579061E-01  6.289693118203E-01 -2.422979023608E-01  1.624698921639E-02 -2.699906555438E+00  3.726652238821E+00 -1.718395282079E-02  3.430537695827E-02 -1.712142413835E-02 -3.388983210803E-02 -1.678682103132E-03 -4.080899248178E-06  1.095641747818E-06 -5.999505203448E-06  6.092408923246E-02  4.080898875935E-06  7.204973504239E-03 -4.495183816051E-20  1.816684538428E-20  3.052486244987E-20 -2.092706792100E-03
  6.868794455535E+02  6.943794455535E+02  2.491053773602E+01  3.499991384677E-15 -9.752403271834E-02  6.215285676343E+02  4.550401607670E-01  6.137592945633E-01 -2.336018741463E-01  1.553965734518E-02 -2.473332500421E+00  3.699566078620E+00 -1.279140740278E-02  3.129925758875E-02 -1.850785018490E-02 -3.329740057803E-02 -3.141385143480E-03 -1.407585640431E-05 -4.234107112290E-07 -2.661122248577E-06  6.065828003580E-02  1.407585645528E-05  1.106853297818E-02 -1.507260939723E-21 -1.659351798316E-20  1.690921400936E-20 -2.074440765768E-03
  7.018794455535E+02  7.093794455535E+02  2.496674864901E+01  4.967469433477E-14 -8.608690289728E-02  6.243058638481E+02  4.409644872876E-01  5.973865836691E-01 -2.245371799053E-01  1.472787155520E-02 -2.192590005056E+00  3.677531664936E+00 -9.610818774235E-03  2.846560621450E-02 -1.885478744079E-02 -3.301695201042E-02 -4.288646526747E-03 -7.695954542493E-06  3.065364229690E-06 -9.413873169476E-07  5.860529471062E-02  7.695955292824E-06  8.830263396606E-03  1.195336140865E-20  1.639573944739E-20  2.188822535018E-20 -2.028312615484E-03
  7.168794455535E+02  7.243794455535E+02  2.502036351750E+01  1.039288516358E-13 -8.101473458448E-02  6.269583413623E+02  4.281226406834E-01  5.792086090396E-01 -2.152808533269E-01  1.365055029646E-02 -2.072168820332E+00  3.669235243654E+00 -7.840486603670E-03  2.627827139498E-02 -1.843778478967E-02 -3.204098213798E-02 -2.490658227183E-03 -1.515018115280E-06  9.815638867166E-06 -1.060878418904E-07  5.909618181775E-02  1.515018273256E-06  5.682350064239E-03 -4.766490972496E-21 -1.622755584281E-20  1.987181255219E-21 -1.992142767417E-03
  7.318794455535E+02  7.393794455535E+02  2.507754496843E+01  1.326851545302E-13 -7.547088715246E-02  6.297970550883E+02  4.156531495280E-01  5.625265091466E-01 -2.056005038967E-01  1.208722077159E-02 -1.937597537178E+00  3.616127658331E+00 -4.870685482191E-03  2.317575483447E-02 -1.830506935328E-02 -3.154994468152E-02 -1.409273173125E-03 -4.337265299271E-07  8.623117329028E-06  3.148043550474E-06  6.013129608120E-02  4.337262605300E-07  4.644356023149E-03 -6.165132395115E-21 -3.872510604880E-21  1.078797636362E-20 -1.952462330551E-03
  7.468794455535E+02  7.543794455535E+02  2.513313613244E+01  1.395568357057E-13 -7.234278943767E-02  6.325707288446E+02  4.032466329670E-01  5.439070905256E-01 -1.963159125415E-01  1.121007471766E-02 -1.857727218940E+00  3.600465195691E+00 -1.453853591020E-03  2.056250406826E-02 -1.910865047980E-02 -3.042717120518E-02 -1.057383896482E-03 -1.284094152014E-05  4.274006991981E-06  4.838751960750E-06  5.427745318197E-02  1.284094148664E-05  1.351325827832E-03 -1.427717958592E-20 -1.786146408021E-20  6.857092046726E-21 -1.766494461445E-03
  7.618794455535E+02  7.693794455535E+02  2.517931412227E+01  1.140055023765E-13 -7.300057136950E-02  6.348658122432E+02  3.901662099656E-01  5.193656879204E-01 -1.858221324673E-01  1.015720867360E-02 -1.873061795181E+00  3.586189261834E+00  2.068503678105E-03  1.823827848171E-02 -2.030678216025E-02 -2.640472463931E-02  4.169206272151E-04 -1.080761652891E-05  4.369445049921E-06 -2.308940486474E-08  4.936343354051E-02  1.080761677996E-05 -6.642034894062E-04  2.719652861348E-20 -5.038226851826E-21 -3.042130487833E-20 -1.625432697807E-03
  7.768794455535E+02  7.843794455535E+02  2.522570365960E+01  6.373212663631E-14 -7.361029319195E-02  6.371780712917E+02  3.763747116941E-01  5.044947303518E-01 -1.755874231125E-01  7.966895862126E-03 -1.881203476155E+00  3.572896497564E+00  8.417307822953E-03  1.440785830656E-02 -2.282516612969E-02 -2.595039876688E-02  1.041847388308E-03 -6.223014866866E-06  2.025781094083E-06  9.661414563432E-07  4.921464172689E-02  6.223014707871E-06  8.436172361265E-04 -2.182854519225E-20  4.875066804574E-21 -3.794602464793E-21 -1.613484068778E-03
  7.918794455535E+02  7.993794455535E+02  2.527165413239E+01 -5.274699947655E-15 -7.142124385175E-02  6.394523971685E+02  3.630768418129E-01  4.898549299650E-01 -1.646045424564E-01  6.986900313149E-03 -1.824376458625E+00  3.566369250687E+00  1.032211820702E-02  1.281216084079E-02 -2.313427904778E-02 -2.550717485720E-02  1.385545230685E-04 -3.615937593473E-06 -6.551996747731E-08  4.906233764977E-06  4.986608234597E-02  3.615936731917E-06  1.577503994110E-03  1.875978157517E-21  8.013528359719E-21 -2.170184727652E-20 -1.591098414717E-03
  8.068794455535E+02  8.143794455535E+02  2.531925258668E+01 -6.755263449315E-14 -7.064607676650E-02  6.418160068599E+02  3.492621374171E-01  4.842117523601E-01 -1.538237138853E-01  5.157433836856E-03 -1.804555222428E+00  3.543631673583E+00  1.767942656088E-02  8.239907020954E-03 -2.591933358068E-02 -2.555062510158E-02  3.949271647317E-04 -2.341291008240E-06 -1.875389751682E-06  4.941793649059E-07  4.934200450060E-02  2.341290582978E-06  6.442265102098E-04  2.868326022323E-20 -2.772444108909E-20 -3.803218874538E-21 -1.580427085980E-03
  8.218794455535E+02  8.293794455535E+02  2.536414695998E+01 -9.098973050709E-14 -7.018779730192E-02  6.440460084402E+02  3.353736403457E-01  4.762578863864E-01 -1.427807044458E-01  3.308100313406E-03 -1.788391642291E+00  3.526217425944E+00  2.252343016911E-02  4.545707820096E-03 -2.706913798788E-02 -2.453517975766E-02  8.654114190365E-04 -6.290660529456E-07  4.594517796454E-07  1.043522234200E-05  4.712840970456E-02  6.290658370331E-07  1.242989561251E-03 -1.430907989337E-20  2.253801076270E-20  3.566079683810E-20 -1.467485476148E-03
  8.368794455535E+02  8.443794455535E+02  2.540756584517E+01 -1.204154287856E-13 -6.832969599207E-02  6.462070131082E+02  3.205776303607E-01  4.680736329513E-01 -1.312051859920E-01  2.523592491555E-03 -1.738964365217E+00  3.502204066140E+00  2.931628708502E-02  4.635307439421E-04 -2.977981782861E-02 -2.230121705617E-02  6.364801023703E-04 -3.621717481626E-06 -1.814590168313E-07  7.805821354656E-06  4.288596994109E-02  3.621717263757E-06  4.613574340903E-04 -3.136008056764E-21  3.797346812768E-22  3.042965276849E-20 -1.300215892336E-03
  8.518794455535E+02  8.593794455535E+02  2.544449922385E+01 -1.738046234712E-13 -6.937343189548E-02  6.480526519033E+02  3.059587802089E-01  4.607867945705E-01 -1.200807030459E-01  1.090132676924E-03 -1.762852538279E+00  3.497856336239E+00  3.555527013009E-02 -3.613332967926E-03 -3.194193716292E-02 -1.953886710403E-02  1.468520709641E-03  6.305247884547E-06 -4.932797845364E-06  3.767374705969E-06  3.680160522062E-02 -6.305248095521E-06 -1.444362877689E-03  7.633932572522E-21  9.301080873062E-21  1.686405919139E-20 -1.124478106879E-03
  8.668794455535E+02  8.743794455535E+02  2.547656030740E+01 -1.977990586715E-13 -7.105153124829E-02  6.496464892296E+02  2.902981977906E-01  4.570119988714E-01 -1.079864596669E-01 -1.264915685893E-04 -1.806430060480E+00  3.499725491965E+00  4.021122875591E-02 -6.226076301784E-03 -3.398515245556E-02 -1.679678303640E-02  1.517006831468E-03  3.049689572620E-06 -1.479588491302E-06  2.781845688593E-06  3.149094307918E-02 -3.049688792482E-06  7.835416944676E-04 -3.434085634310E-22  1.461630212957E-20  2.925296868377E-20 -9.781336196760E-04
  8.818794455535E+02  8.893794455535E+02  2.550358136941E+01 -1.799307424698E-13 -6.788361437516E-02  6.509950057680E+02  2.726445817057E-01  4.554014517252E-01 -9.649264242009E-02 -5.903741222780E-04 -1.723232543247E+00  3.495375010694E+00  4.612233250630E-02 -9.502231560995E-03 -3.662010094375E-02 -1.467775578370E-02  2.475101460561E-05  6.945460925677E-06 -1.875391503116E-06 -5.799309465840E-06  2.775774306219E-02 -6.945461021047E-06  3.621336815353E-03  1.774387604910E-20 -1.435637514703E-20  2.381758834043E-20 -8.704608133303E-04
  8.968794455535E+02  9.043794455535E+02  2.552862223504E+01 -1.341480638956E-13 -6.423280225524E-02  6.522451806224E+02  2.524740877124E-01  4.559069993320E-01 -8.347454763568E-02 -2.047444949027E-03 -1.631250208530E+00  3.504969370742E+00  4.889396603183E-02 -1.074556438181E-02 -3.814840164950E-02 -1.332112907730E-02 -3.641583274787E-04  4.832806957602E-06 -8.375583997520E-06 -9.058591400442E-06  2.622679005457E-02 -4.832806502047E-06  5.136070815384E-03 -2.664665397847E-21  3.159875583374E-21  1.885240854686E-21 -8.003828477205E-04
  9.118794455535E+02  9.193794455535E+02  2.555274433480E+01 -8.481267019707E-14 -5.821242587036E-02  6.534601417518E+02  2.304364994174E-01  4.563583689392E-01 -7.131918073290E-02 -2.104179889142E-03 -1.478731665318E+00  3.500152619994E+00  5.196107432503E-02 -1.329224529565E-02 -3.866882902944E-02 -1.216070471727E-02 -7.732945322635E-04  8.078398858556E-07 -7.608723435055E-06 -1.110630163404E-05  2.124168742065E-02 -8.078396996445E-07  4.858049163192E-03  2.973534423467E-21  9.534718241507E-21  1.045490388422E-20 -6.740280493984E-04
  9.268794455535E+02  9.343794455535E+02  2.556841463827E+01 -7.343941427207E-14 -5.510437173840E-02  6.542464856754E+02  2.057182410705E-01  4.629076838959E-01 -5.869687661180E-02 -2.624842242050E-03 -1.398475636872E+00  3.505172691859E+00  5.775101136588E-02 -1.620366818484E-02 -4.154734318034E-02 -9.462379220715E-03 -2.232530105622E-04  1.228182509460E-05 -7.278648991006E-06 -7.958166293363E-06  1.974625588605E-02 -1.228182550244E-05  1.874167918831E-03 -6.505073251779E-21  1.616035363525E-21  3.184549229597E-20 -6.259381217631E-04
  9.418794455535E+02  9.493794455535E+02  2.558976645937E+01 -6.476545457342E-14 -5.469637106093E-02  6.553276173801E+02  1.777313346176E-01  4.662389159846E-01 -4.558486751044E-02 -3.192186423369E-03 -1.381339359666E+00  3.509619900224E+00  5.960828179588E-02 -1.710701317745E-02 -4.250126862065E-02 -1.069237619322E-02  7.957896384306E-04 -3.003458295317E-06 -5.885164763506E-06 -4.523165957302E-06  1.982691058069E-02  3.003458141490E-06  7.257977071585E-04 -5.486440075439E-22  5.830134572390E-21 -2.785216252998E-21 -6.061606254253E-04
  9.568794455535E+02  9.643794455535E+02  2.560562384900E+01 -2.741973112684E-14 -5.374221828710E-02  6.561407289502E+02  1.434559544562E-01  4.775283603053E-01 -3.298209917472E-02 -2.500833421169E-03 -1.350381077167E+00  3.480774885046E+00  5.927870691138E-02 -1.794349328986E-02 -4.133521362132E-02 -8.564663054798E-03  7.931941835240E-04 -3.222909053317E-06  1.894387207953E-06 -9.890955382198E-06  1.796294302339E-02  3.222908944803E-06  4.400438902548E-03 -1.028589588806E-20 -3.368272400694E-21  1.219298474927E-20 -5.370531348779E-04
  9.718794455535E+02  9.793794455535E+02  2.562347372032E+01  6.596839972432E-15 -4.646826896846E-02  6.570517070331E+02  1.162107906833E-01  4.945620312005E-01 -1.841358162828E-02 -1.962766900006E-03 -1.159956465279E+00  3.797293259533E+00  2.244006559880E-02  4.931181490647E-03 -2.737124708510E-02 -9.305413286640E-03 -3.674172461567E-03 -2.123137286177E-06  3.508019402990E-06 -1.392862609641E-05  1.869649010251E-02  2.123137445731E-06  1.110612494937E-02  5.058029913998E-21  7.871981708631E-21 -1.893166639491E-20 -5.915377203965E-04
  9.868794455535E+02  9.943794455535E+02  2.564067710495E+01  8.847306929317E-15 -3.291719220977E-02  6.581034055186E+02  4.430621659967E-02  6.321403855487E-01 -5.850835472166E-03  6.725473431582E-05 -8.021884250813E-01  3.482609320474E+00  3.998345791044E-02 -1.849223905560E-02 -2.149121885445E-02 -4.686644879784E-03 -1.388535312147E-03  3.880404135137E-06  1.081492420053E-06 -1.125386352557E-06  9.182786985092E-03 -3.880404338977E-06  7.215157902489E-03  3.238210096788E-20 -6.614559721068E-21 -3.667946414049E-22 -2.568584221584E-05
