                   y                  ym                   U                   V                   W                 U^2                 V^2                 W^2                  UV                  VW                  UW                VISC               SFSxx               SFSyy               SFSzz               SFSxy               SFSyz                dUdX                dVdX                dWdX                dUdY                dVdY                dWdY                dUdZ                dVdZ                dWdZ              SFSxym
 -4.000000000000E+00 -2.000000000000E+00  0.000000000000E+00  0.000000000000E+00  0.000000000000E+00  0.000000000000E+00  0.000000000000E+00  0.000000000000E+00  0.000000000000E+00  0.000000000000E+00  0.000000000000E+00  0.000000000000E+00  0.000000000000E+00  0.000000000000E+00  0.000000000000E+00  0.000000000000E+00  0.000000000000E+00  0.000000000000E+00  0.000000000000E+00  0.000000000000E+00  0.000000000000E+00  0.000000000000E+00  0.000000000000E+00  0.000000000000E+00  0.000000000000E+00  0.000000000000E+00  0.000000000000E+00
  2.220446049250E-16  2.000000000000E+00  1.119540409492E+01 -1.726197049884E-14 -1.109759336300E-01  1.303293595634E+02  1.236545961304E-01  1.626835348476E+00 -3.729047471280E-01 -4.373660100615E-03 -1.228313870660E+00  2.181333564758E+00 -7.408280106389E-03  2.933211939779E-02 -2.192383929292E-02 -1.271633153859E+01  9.840202258028E-02 -2.336071977176E-03 -2.041203542247E-04  6.651948711798E-05  5.052111681000E+01  2.336071976865E-03 -4.323663454659E-01 -6.594049306828E-21  4.042712403540E-21  9.008219747980E-20 -4.592819400134E-02
  4.000000000000E+00  6.000000000000E+00  1.406487977729E+01 -4.577801737219E-14 -1.052600934935E-01  2.039611650180E+02  4.974005926317E-01  1.780690306157E+00 -8.087178048224E-01 -6.141521550597E-03 -1.442191226710E+00  9.010756565262E+00  7.523274316271E-01 -6.417606268445E-01 -1.105668047830E-01 -3.790407782622E+00 -1.740336440882E-01  6.461899974433E-04 -3.067811134581E-04  6.223942442025E-05  7.458421216425E+00 -6.461899976407E-04  3.210835724703E-02  1.731415426852E-20  7.974429694096E-21  4.722299099837E-20 -2.484617890006E-01
  8.000000000000E+00  1.000000000000E+01  1.492422119049E+01 -5.900434278903E-14 -9.470216993109E-02  2.277870291859E+02  6.322736687093E-01  1.690563516508E+00 -7.747888185066E-01 -6.598631798499E-03 -1.370143967698E+00  9.545092568367E+00  3.694354023416E-01 -8.509139499027E-01  4.814785475606E-01 -1.831960561401E+00 -7.494698389520E-02  5.580178171295E-04 -1.539474601288E-04  3.246815327188E-05  3.340175399534E+00 -5.580178171121E-04  3.982629422474E-02  4.416269093246E-20  1.082493073116E-20  1.509052096306E-20 -1.114575405541E-01
  1.200000000000E+01  1.400000000000E+01  1.573563215484E+01 -5.924331684948E-14 -8.558909034693E-02  2.525780094449E+02  7.085710564553E-01  1.663838664643E+00 -8.438475867005E-01 -6.384875326908E-03 -1.295482728558E+00  9.414875916564E+00  3.519232947668E-01 -7.837449875578E-01  4.318216928015E-01 -1.765340740712E+00 -1.162754488437E-02  2.377791707655E-04 -7.688235835193E-05  1.878357092713E-07  2.760774845551E+00 -2.377791708741E-04  3.512783912247E-02  8.213630592144E-20 -2.157944544702E-20 -5.661135134569E-20 -9.522076259890E-02
  1.600000000000E+01  1.800000000000E+01  1.630471027746E+01 -6.093264839450E-14 -7.705322440413E-02  2.705372006466E+02  7.661345813487E-01  1.642166874608E+00 -8.405701206911E-01 -6.856637776800E-03 -1.199182957095E+00  8.870944765970E+00  2.921481398778E-01 -7.065863391445E-01  4.144381992515E-01 -1.249424202181E+00 -7.395769216414E-03  2.132186619350E-04 -4.068126986953E-05 -2.874389299678E-05  2.126422614639E+00 -2.132186616922E-04  2.937580631847E-02 -3.071420935152E-20  9.557319622247E-21 -1.878481738520E-20 -7.197423664505E-02
  2.000000000000E+01  2.200000000000E+01  1.679868300663E+01 -6.919478155963E-14 -7.066609867254E-02  2.867660260610E+02  8.127454342232E-01  1.635353863403E+00 -8.590518725860E-01 -7.068399417396E-03 -1.128080439246E+00  8.509648734820E+00  2.611546233480E-01 -6.471513283159E-01  3.859967049658E-01 -1.069541483719E+00 -6.952043333325E-03  9.556769303662E-05 -1.637395834043E-05 -2.696648579164E-05  1.787258256228E+00 -9.556769388651E-05  2.222037676103E-02  2.561116052634E-20 -1.604652465744E-20 -1.012319176422E-21 -6.035959046293E-02
  2.400000000000E+01  2.600000000000E+01  1.719808853731E+01 -7.469390687562E-14 -6.620850445761E-02  3.002074309563E+02  8.505996056496E-01  1.626823484020E+00 -8.588985852266E-01 -7.240185080128E-03 -1.081317255901E+00  8.104473543370E+00  2.275114416208E-01 -5.904391099799E-01  3.629276683586E-01 -8.616228523922E-01 -5.084342741049E-03  1.334406422864E-04  4.266894787751E-06  5.913890044126E-06  1.500853258639E+00 -1.334406418677E-04  1.305421157733E-02  4.801007924784E-20 -7.896073600602E-21 -6.324801410904E-21 -5.015642384270E-02
  2.800000000000E+01  3.000000000000E+01  1.754917523582E+01 -8.273494852181E-14 -6.431036279465E-02  3.123178675940E+02  8.809391159626E-01  1.618833073402E+00 -8.643114576034E-01 -7.796259681893E-03 -1.073713613288E+00  7.777849811489E+00  2.030407895001E-01 -5.456903686359E-01  3.426495791403E-01 -7.474168054822E-01 -1.282885961398E-03  1.374214308909E-04  1.065820658264E-05 -2.773939656368E-05  1.307670079289E+00 -1.374214309185E-04  3.895845701952E-03 -5.167384360349E-20 -2.293048516826E-20  2.583214888701E-20 -4.343115406907E-02
  3.200000000000E+01  3.400000000000E+01  1.785203126436E+01 -9.966154088335E-14 -6.416376245628E-02  3.229552729547E+02  9.051546917048E-01  1.608244820545E+00 -8.628280849074E-01 -7.727818340300E-03 -1.094796003845E+00  7.481238715277E+00  1.818656570384E-01 -5.066767137572E-01  3.248110567202E-01 -6.432928734038E-01  1.148518340424E-03  3.557643735965E-05  7.842442055098E-06 -4.585853185071E-07  1.154183622626E+00 -3.557643755537E-05 -1.718232470888E-03 -8.195758163574E-20  4.105602215585E-20  8.576937368232E-20 -3.802314544177E-02
  3.600000000000E+01  3.800000000000E+01  1.812627067775E+01 -1.259367881969E-13 -6.499568595160E-02  3.327563168297E+02  9.244884724252E-01  1.599222316348E+00 -8.629356045132E-01 -7.856800972596E-03 -1.130976160778E+00  7.219593704778E+00  1.653510554645E-01 -4.728258820086E-01  3.074748265401E-01 -5.760664554255E-01  1.355186792617E-03  7.409961595603E-05  5.241137402551E-06  6.988769390843E-06  1.045031148281E+00 -7.409961622806E-05 -2.713397546489E-03 -3.906013541471E-21 -2.798300751724E-20 -6.140471427751E-20 -3.414403405549E-02
  4.000000000000E+01  4.200000000000E+01  1.837446809121E+01 -1.605312879155E-13 -6.544701974262E-02  3.417573174733E+02  9.398974602728E-01  1.590379326104E+00 -8.602723423957E-01 -7.779854184279E-03 -1.156747693604E+00  6.967532782957E+00  1.507297182361E-01 -4.416539113849E-01  2.909241931439E-01 -5.167174877273E-01  2.329960624821E-04  7.427860402287E-05  6.693920357617E-06 -4.616723936471E-06  9.509523195580E-01 -7.427860475627E-05  3.806291203313E-04  3.349501504584E-20  2.204447838640E-20 -6.038832460132E-20 -3.080753024847E-02
  4.400000000000E+01  4.600000000000E+01  1.860176456761E+01 -1.925342324807E-13 -6.493087217271E-02  3.501184925120E+02  9.519785905728E-01  1.581919968006E+00 -8.582287056939E-01 -7.739848065105E-03 -1.161523914096E+00  6.749095944859E+00  1.391954911732E-01 -4.155031882163E-01  2.763076970442E-01 -4.704095672810E-01 -1.782618741946E-03 -9.880630773572E-06  8.445408918112E-06  1.915704196868E-05  8.737660710276E-01  9.880630646609E-06  2.699857496357E-03  2.194950980423E-20  1.354495854332E-21 -3.264335181993E-20 -2.811230681713E-02
  4.800000000000E+01  5.000000000000E+01  1.881146666230E+01 -2.212342132407E-13 -6.397677784683E-02  3.579219767317E+02  9.614254008153E-01  1.574278241536E+00 -8.549865861682E-01 -7.651958111884E-03 -1.154042967214E+00  6.548622843855E+00  1.285506438401E-01 -3.929685689903E-01  2.644179251438E-01 -4.290060452022E-01 -2.178754103429E-03 -4.075947151455E-05  4.203422838983E-06  4.186254484266E-05  8.080794905261E-01  4.075947098883E-05  3.003959712211E-03 -3.434768224171E-20 -2.488840137425E-20  5.508369336952E-21 -2.569234432970E-02
  5.200000000000E+01  5.400000000000E+01  1.900571098170E+01 -2.436963825181E-13 -6.318986410848E-02  3.652325985447E+02  9.689572537440E-01  1.565384552808E+00 -8.518833267942E-01 -7.644600007264E-03 -1.147974768229E+00  6.362204939422E+00  1.188065196362E-01 -3.718497766081E-01  2.530432569634E-01 -3.938104468849E-01 -2.339640193727E-03  2.647622537530E-05  1.657782133534E-07  1.989100933447E-05  7.487144665141E-01 -2.647622546984E-05  2.360291434811E-03  2.122221917729E-20  4.040144482852E-20  5.303673307151E-20 -2.361784548686E-02
  5.600000000000E+01  5.800000000000E+01  1.918587203679E+01 -2.703599982778E-13 -6.287325373481E-02  3.720815624181E+02  9.747623418688E-01  1.555948214572E+00 -8.479244277594E-01 -7.554437187374E-03 -1.152559463224E+00  6.185537925078E+00  1.101403945867E-01 -3.529802322265E-01  2.428398376292E-01 -3.616564091417E-01 -1.983987723426E-03  4.185194188958E-05 -5.614612487082E-06  3.411971230447E-06  6.970124269357E-01 -4.185194319126E-05  1.348598859182E-03 -3.041556552562E-20  3.025529435569E-20  6.354667790257E-20 -2.177878458671E-02
  6.000000000000E+01  6.200000000000E+01  1.935430913325E+01 -2.747208609326E-13 -6.263076267282E-02  3.785422080886E+02  9.788689042403E-01  1.548853360996E+00 -8.441040473798E-01 -7.657341698098E-03 -1.158744459314E+00  6.028669173979E+00  1.030978824524E-01 -3.366816898464E-01  2.335838073925E-01 -3.355427995425E-01 -1.686059680870E-03 -7.888416866364E-05 -1.512303292268E-05 -1.356383843041E-05  6.563280288919E-01  7.888417109318E-05 -3.270858040853E-04 -3.716943979676E-20  4.495663778245E-20  3.048045782219E-20 -2.025210443221E-02
  6.400000000000E+01  6.600000000000E+01  1.951378199497E+01 -2.704923764719E-13 -6.301864711358E-02  3.847138658977E+02  9.817173352331E-01  1.544505727119E+00 -8.398289929583E-01 -7.604852729146E-03 -1.176743630888E+00  5.877614915892E+00  9.592313933099E-02 -3.209480639133E-01  2.250249245812E-01 -3.136472147510E-01 -1.947004030401E-04 -5.086913233329E-05 -1.576372149972E-05  1.133927640055E-05  6.191481834816E-01  5.086912990329E-05 -2.480770861880E-03 -1.790064361059E-20  4.661674063470E-20  5.597662143970E-20 -1.893389093623E-02
  6.800000000000E+01  7.000000000000E+01  1.966373933587E+01 -2.724065137234E-13 -6.381087618265E-02  3.905663670034E+02  9.834199068126E-01  1.539457843341E+00 -8.355632702422E-01 -7.584636541596E-03 -1.202966729304E+00  5.740440174445E+00  9.065231266458E-02 -3.072311059721E-01  2.165787933098E-01 -2.927482535804E-01  8.261674746545E-04  1.151261812849E-05 -1.036268009800E-05  1.687675000136E-05  5.836413659860E-01 -1.151261630896E-05 -3.043667232229E-03 -7.102904472519E-21  2.261686874481E-20  2.970347631670E-20 -1.772583020334E-02
  7.200000000000E+01  7.400000000000E+01  1.980572702065E+01 -2.838122896420E-13 -6.446061848722E-02  3.961501401307E+02  9.842313354856E-01  1.533223689118E+00 -8.310765666815E-01 -7.640534762201E-03 -1.226795897537E+00  5.611196245611E+00  8.550447549653E-02 -2.944623877697E-01  2.089579122723E-01 -2.745555179828E-01  9.974849160208E-04  4.756725417012E-05 -8.784392751473E-06 -1.520748668954E-05  5.516977255373E-01 -4.756725459730E-05 -3.250125508587E-03 -3.427498181863E-20 -3.810716123937E-21 -7.652929344625E-22 -1.666874340569E-02
  7.600000000000E+01  7.800000000000E+01  1.993963733414E+01 -3.242994142903E-13 -6.549332611734E-02  4.014479056098E+02  9.844380149466E-01  1.526527909547E+00 -8.262740576730E-01 -7.562449621521E-03 -1.257323845009E+00  5.495149474841E+00  8.081853982838E-02 -2.832891132210E-01  2.024705733995E-01 -2.583039227832E-01  9.023870688709E-04  3.863338914482E-05 -8.908614906754E-06 -2.267620589396E-05  5.229734838829E-01 -3.863338912040E-05 -4.423281437051E-03  1.736542242268E-20 -3.559504628507E-20 -8.507276085312E-21 -1.568205767423E-02
  8.000000000000E+01  8.200000000000E+01  2.006706680625E+01 -3.527033514787E-13 -6.677403382926E-02  4.065227896110E+02  9.839248924699E-01  1.519672735055E+00 -8.212894273934E-01 -7.603408162273E-03 -1.291869874727E+00  5.382671061438E+00  7.731479798706E-02 -2.733027399143E-01  1.959879419291E-01 -2.436607919105E-01  1.351596422540E-03  1.920804546975E-05 -3.112135227367E-06 -1.403816287063E-05  4.984992998868E-01 -1.920804507001E-05 -6.395503004191E-03  4.874019766677E-20 -1.176062043019E-20 -6.793238958382E-20 -1.481079203770E-02
  8.400000000000E+01  8.600000000000E+01  2.018889445044E+01 -3.781852762087E-13 -6.873937647987E-02  4.114042124356E+02  9.829806276353E-01  1.512746437103E+00 -8.164464594762E-01 -7.606891344818E-03 -1.338896447900E+00  5.277464209235E+00  7.331669123372E-02 -2.633317174522E-01  1.900150262217E-01 -2.300070757562E-01  1.854513923510E-03 -3.697087815635E-06  3.854362047891E-06 -1.483672151014E-05  4.758601361718E-01  3.697087567550E-06 -7.411531695695E-03 -6.602233781449E-20 -1.109144102479E-20  1.739272547157E-20 -1.399309955229E-02
  8.800000000000E+01  9.000000000000E+01  2.030519634045E+01 -4.250800967008E-13 -7.057595460807E-02  4.160857319023E+02  9.817783176702E-01  1.505180232350E+00 -8.113014667173E-01 -7.534932831752E-03 -1.384174230836E+00  5.174905934251E+00  6.914277925499E-02 -2.541675023697E-01  1.850247231119E-01 -2.174333424837E-01  1.935241977908E-03 -3.462776920641E-06  5.261254847176E-06 -2.469545843209E-06  4.530193610882E-01  3.462776644251E-06 -6.748456439399E-03  1.080724861504E-19 -2.307703888653E-20  3.159926299096E-20 -1.319445707562E-02
  9.200000000000E+01  9.400000000000E+01  2.041544821437E+01 -4.581575755354E-13 -7.217986651583E-02  4.205423582119E+02  9.800843629373E-01  1.497676394388E+00 -8.061962429863E-01 -7.489519217090E-03 -1.424445803406E+00  5.072178175892E+00  6.556898179038E-02 -2.449735102382E-01  1.794045284456E-01 -2.051764331151E-01  1.864064980234E-03  8.263896299637E-06  4.185111688189E-06 -1.587741167721E-05  4.319979418153E-01 -8.263896218160E-06 -6.233733970076E-03 -1.484971722769E-20  1.836649912728E-20 -3.383586795211E-20 -1.249466426250E-02
  9.600000000000E+01  9.800000000000E+01  2.052117492153E+01 -4.678192515086E-13 -7.368755888031E-02  4.248405188337E+02  9.779540040795E-01  1.489581674466E+00 -8.008979437955E-01 -7.381571918523E-03 -1.463219972771E+00  4.977788772925E+00  6.232709487568E-02 -2.363154548271E-01  1.739883599486E-01 -1.944671685371E-01  1.757159717268E-03  1.223515157381E-05  2.049525568854E-06 -2.026442245976E-05  4.134609978396E-01 -1.223515159038E-05 -5.851112326673E-03 -4.424307637647E-21 -5.254715279193E-20 -1.959805218630E-20 -1.182415435042E-02
  1.000000000000E+02  1.020000000000E+02  2.062225766696E+01 -4.865017567042E-13 -7.511473996752E-02  4.289698928948E+02  9.756315042283E-01  1.482192376689E+00 -7.957103488733E-01 -7.379296210380E-03 -1.499375145952E+00  4.892025872785E+00  5.929393916641E-02 -2.286182818902E-01  1.693243427226E-01 -1.838967525219E-01  1.707430176602E-03  2.435008500775E-05 -7.790446475202E-07  9.475240893454E-06  3.953321359074E-01 -2.435008512585E-05 -4.903976516877E-03  6.021118836809E-20  2.924609566864E-20 -3.891570132142E-21 -1.119746416671E-02
  1.040000000000E+02  1.060000000000E+02  2.071890623245E+01 -4.968156580576E-13 -7.617407800784E-02  4.329358199417E+02  9.735312178167E-01  1.474969662534E+00 -7.904220442611E-01 -7.212767153916E-03 -1.529606123893E+00  4.806074640224E+00  5.575650419470E-02 -2.208563194253E-01  1.650998152257E-01 -1.744162401606E-01  1.398617811742E-03 -8.799663253929E-06 -3.435223936437E-06  2.031138535497E-05  3.781896464188E-01  8.799663586396E-06 -2.946527501562E-03 -5.201568222285E-20  6.964476480876E-21 -8.383502119320E-20 -1.060311660537E-02
  1.080000000000E+02  1.100000000000E+02  2.081132343871E+01 -4.949489328226E-13 -7.663416681832E-02  4.367458610185E+02  9.716008396727E-01  1.467010423510E+00 -7.851021208037E-01 -7.186846626027E-03 -1.548409571729E+00  4.724982404433E+00  5.252170426889E-02 -2.139566835123E-01  1.614349792463E-01 -1.647432308043E-01  7.734209321014E-04  1.039510375373E-05 -5.422901507282E-06 -1.686852515556E-07  3.598743610576E-01 -1.039510413605E-05 -2.387172675880E-03  4.666768469663E-20  1.331721016641E-20 -1.242806880379E-20 -1.001845815810E-02
  1.120000000000E+02  1.140000000000E+02  2.089879808559E+01 -5.073611967476E-13 -7.740732764638E-02  4.403668290004E+02  9.696244053752E-01  1.459070773055E+00 -7.797664964865E-01 -7.173160575970E-03 -1.572481075338E+00  4.652927235525E+00  5.030597363742E-02 -2.080172058748E-01  1.577112322396E-01 -1.556100600183E-01  1.223574778748E-03  3.984071305560E-05 -5.398519070176E-06 -1.516088909516E-05  3.436345041624E-01 -3.984071285924E-05 -3.762319881618E-03 -5.120218482840E-20 -1.385450289494E-21  3.395538648242E-20 -9.504736408670E-03
  1.160000000000E+02  1.180000000000E+02  2.098314367389E+01 -5.153946531708E-13 -7.852351549560E-02  4.438702483038E+02  9.675385209311E-01  1.452144052271E+00 -7.743370519560E-01 -7.221909948546E-03 -1.604648351650E+00  4.583784475964E+00  4.822194547990E-02 -2.025039606154E-01  1.542820151393E-01 -1.485721272699E-01  1.106252489872E-03  2.430258941380E-05 -5.706397721793E-06 -2.343089497401E-06  3.280696133987E-01 -2.430258979239E-05 -3.914921663099E-03 -3.220550127319E-20  1.203296552472E-20  1.093437470291E-20 -9.034933418839E-03
  1.200000000000E+02  1.220000000000E+02  2.106289559690E+01 -5.077421249648E-13 -7.939084174425E-02  4.471953698655E+02  9.653712622558E-01  1.444918575462E+00 -7.688670633242E-01 -7.207858328201E-03 -1.631294962832E+00  4.510532876550E+00  4.601479033266E-02 -1.965205668340E-01  1.505057765043E-01 -1.403111140973E-01  1.130973955644E-03  2.848779841346E-05 -8.984763890404E-06  1.182649397947E-05  3.120404907752E-01 -2.848779875342E-05 -2.539432981721E-03 -2.344042423692E-20  3.739259899385E-20  2.685309219810E-20 -8.578711123628E-03
  1.240000000000E+02  1.260000000000E+02  2.113915226848E+01 -5.095452578393E-13 -7.978357934484E-02  4.503883441936E+02  9.632244018653E-01  1.436346510625E+00 -7.634571298712E-01 -7.231839876693E-03 -1.648983813326E+00  4.445722657810E+00  4.454705949487E-02 -1.918811428128E-01  1.473340833192E-01 -1.341106335847E-01  4.095219987415E-04 -2.120679089835E-05 -1.073997887196E-05  1.819793814699E-05  3.000269183209E-01  2.120679058806E-05 -2.630090673360E-03  1.479559989934E-20  1.668895868450E-20  3.639652078251E-20 -8.178589316227E-03
  1.280000000000E+02  1.300000000000E+02  2.121276384425E+01 -5.123201041642E-13 -8.060585072181E-02  4.534792835306E+02  9.614541702801E-01  1.426240738553E+00 -7.578536396964E-01 -7.250218426872E-03 -1.676256226631E+00  4.382027169238E+00  4.312311562794E-02 -1.870572499243E-01  1.439341342944E-01 -1.282297370525E-01  7.729950274306E-04 -1.219149559594E-05 -6.806009190497E-06  2.472206314825E-05  2.874075733625E-01  1.219149575675E-05 -2.923452968341E-03 -2.601724423558E-20  9.255347932952E-21 -4.707637697532E-20 -7.817240729657E-03
  1.320000000000E+02  1.340000000000E+02  2.128285035249E+01 -5.012600224943E-13 -8.116547904269E-02  4.564310134817E+02  9.600845342320E-01  1.415372079893E+00 -7.524575038155E-01 -7.273738160012E-03 -1.697956368671E+00  4.315680933349E+00  4.147036451733E-02 -1.819525487649E-01  1.404821842505E-01 -1.218009013478E-01  4.866166076507E-04  2.668957821211E-05 -4.335184713776E-06 -3.746802144747E-06  2.758660533290E-01 -2.668957817538E-05 -2.158819382711E-03  2.658405482962E-20  1.381731617763E-20 -1.812823812893E-20 -7.459774513144E-03
  1.360000000000E+02  1.380000000000E+02  2.135084342246E+01 -5.021444024478E-13 -8.172780641355E-02  4.593014583820E+02  9.590355832595E-01  1.403371744667E+00 -7.468831721936E-01 -7.328297018489E-03 -1.719739227449E+00  4.251359466853E+00  3.920910851837E-02 -1.766486922259E-01  1.374395837117E-01 -1.165452538150E-01  2.079961834806E-05  3.010596769828E-05 -7.362062405355E-06 -1.886387738062E-05  2.661956031995E-01 -3.010596770266E-05 -1.612677230505E-03  4.989085740884E-22  9.651933373674E-21  2.487270695206E-21 -7.120965376630E-03
  1.400000000000E+02  1.420000000000E+02  2.141601229338E+01 -4.987440477972E-13 -8.204425471087E-02  4.620617240493E+02  9.581058412932E-01  1.390044385367E+00 -7.413685438544E-01 -7.349453743772E-03 -1.736447760369E+00  4.192742839763E+00  3.782348173453E-02 -1.718466603945E-01  1.340231786608E-01 -1.115156758184E-01  4.804753544609E-05 -2.053111981518E-05 -1.196102839053E-05  1.128630499995E-05  2.551137513611E-01  2.053111950231E-05 -7.439749587380E-04 -5.980490816137E-20  4.400533387758E-20 -1.619386728066E-20 -6.801087450102E-03
  1.440000000000E+02  1.460000000000E+02  2.147830854391E+01 -4.821812162511E-13 -8.206556249623E-02  4.647091601311E+02  9.570953084596E-01  1.376964766462E+00 -7.358419965520E-01 -7.340007687754E-03 -1.746274538121E+00  4.136999228948E+00  3.638485508670E-02 -1.676811040801E-01  1.312962489919E-01 -1.062964128330E-01 -1.316980912126E-04 -7.640916457102E-06 -1.345148984295E-05  1.785988034827E-05  2.444447770054E-01  7.640916295315E-06 -1.667896629125E-04  3.441965142533E-20  1.123928880903E-20  3.989248984447E-20 -6.483981703552E-03
  1.480000000000E+02  1.500000000000E+02  2.153814897744E+01 -4.824971949757E-13 -8.206209416364E-02  4.672607964705E+02  9.560192078887E-01  1.364291943385E+00 -7.304124313916E-01 -7.316306151279E-03 -1.755045025264E+00  4.080079553591E+00  3.453113051419E-02 -1.630068158403E-01  1.284756853257E-01 -1.011446151106E-01 -2.827081447890E-04  3.361840467215E-05 -1.163899015407E-05  1.864236494905E-06  2.348424855369E-01 -3.361840497118E-05  7.601073161658E-04  4.259045392452E-21  1.145640294480E-20  6.660531228826E-21 -6.170047952733E-03
  1.520000000000E+02  1.540000000000E+02  2.159574196075E+01 -4.845820966715E-13 -8.167660612199E-02  4.697198438808E+02  9.549519039133E-01  1.351519364760E+00 -7.248588303082E-01 -7.257819542759E-03 -1.754921938255E+00  4.022733568738E+00  3.295039483243E-02 -1.586156397078E-01  1.256652448765E-01 -9.627927052497E-02 -3.025486823633E-04  1.976545968470E-05 -1.057328853732E-05 -1.476394580951E-05  2.256021016481E-01 -1.976545959233E-05  1.320781330570E-03  4.194824124392E-21  1.985415440306E-20  4.568964129980E-20 -5.872819937070E-03
  1.560000000000E+02  1.580000000000E+02  2.165096253950E+01 -4.825083677514E-13 -8.145280092906E-02  4.720860921433E+02  9.538879955934E-01  1.338113202515E+00 -7.194849750576E-01 -7.238179119453E-03 -1.758719453425E+00  3.969822530662E+00  3.168993114897E-02 -1.547414157482E-01  1.230514845985E-01 -9.160986457916E-02 -4.805584805631E-04  3.019857266773E-05 -1.101575673202E-05 -2.556476938604E-05  2.149168749936E-01 -3.019857322280E-05  3.330879977962E-04  3.114844870350E-20 -2.574776610346E-20  3.783825403006E-20 -5.563490475480E-03
  1.600000000000E+02  1.620000000000E+02  2.170320382959E+01 -4.894555819673E-13 -8.156674720184E-02  4.743297133351E+02  9.527073745538E-01  1.324449304296E+00 -7.138845266321E-01 -7.121882012289E-03 -1.769509289407E+00  3.920793176181E+00  3.071807462479E-02 -1.516202959112E-01  1.209022212863E-01 -8.657976812732E-02 -4.172163694009E-04  3.036531601673E-05 -1.388956580074E-05 -1.546442476453E-05  2.052192444562E-01 -3.036531573077E-05  1.663775986163E-04 -3.520577926942E-20  2.433515192476E-20 -1.662852944657E-20 -5.274626395269E-03
  1.640000000000E+02  1.660000000000E+02  2.175354119713E+01 -4.926408494107E-13 -8.136083407697E-02  4.764969603617E+02  9.514518612820E-01  1.310619766919E+00 -7.085437172234E-01 -7.087263654196E-03 -1.772073943524E+00  3.874767799743E+00  2.922132370565E-02 -1.482802164584E-01  1.190588927517E-01 -8.244937797206E-02 -7.115662565398E-04 -1.421973717801E-05 -1.610690087431E-05 -2.652738232089E-05  1.974441780471E-01  1.421973719437E-05  1.022237875401E-03 -3.510172164004E-20 -1.204503340447E-20  6.281151248752E-21 -5.035342365446E-03
  1.680000000000E+02  1.700000000000E+02  2.180187544055E+01 -4.913039882333E-13 -8.105568339042E-02  4.785811413499E+02  9.501166898222E-01  1.297974087202E+00 -7.029056556960E-01 -7.093744631484E-03 -1.771666661049E+00  3.830451876625E+00  2.788848737612E-02 -1.448841554080E-01  1.169956680323E-01 -7.864156489488E-02 -7.602690148258E-04 -9.532482592201E-06 -1.577631375375E-05 -3.690554201568E-05  1.898187947220E-01  9.532482720695E-06  7.704428390630E-04  8.233344747566E-21  3.180536953916E-20  1.365083171446E-20 -4.806920056691E-03
  1.720000000000E+02  1.740000000000E+02  2.184842919398E+01 -5.064843347965E-13 -8.101791597904E-02  4.805934718204E+02  9.486894172253E-01  1.287230042877E+00 -6.975610280896E-01 -7.086883399853E-03 -1.777171242266E+00  3.787797409655E+00  2.701947325074E-02 -1.416983591105E-01  1.146788858586E-01 -7.530205664940E-02 -3.416685545898E-06  1.775782385930E-05 -1.500999821599E-05 -2.800764297323E-05  1.832772632391E-01 -1.775782418057E-05  1.544043496159E-03 -2.723534795066E-20  6.054097785862E-21  8.940757928582E-21 -4.619837253637E-03
  1.760000000000E+02  1.780000000000E+02  2.189347870212E+01 -5.185085202632E-13 -8.033914067649E-02  4.825435025218E+02  9.470834450750E-01  1.278972162140E+00 -6.920127522334E-01 -7.056776416183E-03 -1.769687101281E+00  3.749258092278E+00  2.641662632670E-02 -1.391780409328E-01  1.127614146078E-01 -7.245307185046E-02 -7.404167573262E-04 -1.154957056263E-06 -1.344787145245E-05 -3.806926298343E-05  1.768235936865E-01  1.154956859610E-06  2.526349159871E-03  4.006514963921E-20 -1.544388965277E-21  1.082661576116E-20 -4.435859592652E-03
  1.800000000000E+02  1.820000000000E+02  2.193680228120E+01 -5.169182697625E-13 -7.981282095142E-02  4.844208412748E+02  9.453339033526E-01  1.272783312028E+00 -6.866778167031E-01 -7.096540511502E-03 -1.764698230410E+00  3.710802234342E+00  2.591499594139E-02 -1.369078374815E-01  1.109928415385E-01 -6.956697323993E-02 -6.261919069356E-04 -1.169533474359E-05 -1.104866119758E-05 -4.689847031076E-05  1.701798950811E-01  1.169533438494E-05  1.320997482931E-03  2.790642415791E-20  4.807538759755E-21  3.488351794873E-20 -4.255527626751E-03
  1.840000000000E+02  1.860000000000E+02  2.197859817644E+01 -5.289785380558E-13 -7.972612850267E-02  4.862344382717E+02  9.435790876691E-01  1.267395547611E+00 -6.811030622383E-01 -7.176348903433E-03 -1.768853788919E+00  3.671981498883E+00  2.531731381174E-02 -1.344442748775E-01  1.091269610651E-01 -6.649224852603E-02  8.180828828487E-05 -2.350695119042E-05 -9.431887869418E-06 -3.067042042861E-05  1.638242767749E-01  2.350695109199E-05 -3.008418989023E-04  2.652067131430E-20 -1.512950819468E-20  1.004346563619E-20 -4.080638539215E-03
  1.880000000000E+02  1.900000000000E+02  2.201871072010E+01 -5.473371316363E-13 -8.000882519714E-02  4.879764423621E+02  9.418005798376E-01  1.263414991645E+00 -6.758613669963E-01 -7.215937403660E-03 -1.782319916744E+00  3.639505980465E+00  2.464368420226E-02 -1.322526692440E-01  1.076089850418E-01 -6.417208445442E-02 -5.666416734691E-05 -3.438911583836E-05 -7.415550738780E-06 -1.633180304001E-05  1.580773343374E-01  3.438911565698E-05 -1.740318210812E-03 -9.168796055654E-21 -1.808933284746E-20  1.183287420182E-20 -3.941674945988E-03
  1.920000000000E+02  1.940000000000E+02  2.205758417872E+01 -5.488686993331E-13 -8.058629436476E-02  4.896669031528E+02  9.398680077563E-01  1.257679118184E+00 -6.703584033122E-01 -7.219538109487E-03 -1.802761614508E+00  3.606184182830E+00  2.377439365490E-02 -1.300236464269E-01  1.062492527726E-01 -6.186479940732E-02  4.028447588027E-04 -3.490539850876E-06 -4.077321786722E-06 -1.811343052570E-05  1.520406055976E-01  3.490539927973E-06 -3.214925119845E-03 -5.041789201846E-21 -3.479416788925E-20  2.809307350729E-20 -3.787851798131E-03
  1.960000000000E+02  1.980000000000E+02  2.209479850943E+01 -5.386184669572E-13 -8.156014786294E-02  4.912898387658E+02  9.378680825251E-01  1.252723019654E+00 -6.652939748841E-01 -7.280371557932E-03 -1.831976329387E+00  3.574568289722E+00  2.324380998705E-02 -1.278275996040E-01  1.045837896160E-01 -5.921969377361E-02  5.618346776204E-04  1.227676556278E-05 -2.940675456530E-06 -2.624880882724E-05  1.477635275752E-01 -1.227676544877E-05 -3.831203318078E-03 -5.895194883465E-21 -1.107167834420E-20  2.459370879051E-20 -3.634002203067E-03
  2.000000000000E+02  2.020600000000E+02  2.213158657483E+01 -5.281196475508E-13 -8.248319293341E-02  4.928938199369E+02  9.356207375165E-01  1.247513793239E+00 -6.597970115624E-01 -7.191007458506E-03 -1.860631051652E+00  3.545208223469E+00  2.157118592014E-02 -1.237229332024E-01  1.021517472810E-01 -5.744638629856E-02  1.070469633708E-03  7.615111885545E-06 -5.052872388557E-06 -2.551842347134E-05  1.425760961424E-01 -7.615112047416E-06 -2.616987992938E-03  1.938144657608E-20  2.541965156005E-20  1.605677482580E-20 -3.557314340635E-03
  2.041200000000E+02  2.062418000000E+02  2.216822377742E+01 -5.190963353607E-13 -8.292020558213E-02  4.944955082528E+02  9.331455972054E-01  1.245615817369E+00 -6.543560666538E-01 -7.191604214473E-03 -1.878057430509E+00  3.522102267140E+00  2.027186106153E-02 -1.197537271263E-01  9.948186606366E-02 -5.645207595392E-02  6.394641874871E-04 -2.911457355389E-06 -7.231822274973E-06 -7.220982041071E-06  1.387678974691E-01  2.911456902149E-06 -1.621229635561E-03 -5.068719539224E-20 -2.931005902298E-20 -3.115131453425E-20 -3.484365052890E-03
  2.083636000000E+02  2.105490540000E+02  2.220509487787E+01 -5.117208543478E-13 -8.327165783047E-02  4.961051146146E+02  9.302522903052E-01  1.244989231038E+00 -6.486748027276E-01 -7.225181453131E-03 -1.893409840506E+00  3.497721165624E+00  1.923185697662E-02 -1.153723331719E-01  9.614047619796E-02 -5.522178761068E-02  1.149494036906E-03 -1.204668820976E-05 -4.882815589533E-06 -8.302567015338E-06  1.349139624986E-01  1.204668905131E-05 -2.639036755480E-03  3.362636967095E-22  3.117713746121E-20  3.894969426723E-20 -3.416432557534E-03
  2.127345080000E+02  2.149855256200E+02  2.224193103864E+01 -5.089667032739E-13 -8.423218768097E-02  4.977148453881E+02  9.269370448500E-01  1.245144623650E+00 -6.429624367172E-01 -7.385782507935E-03 -1.921422118649E+00  3.475354906511E+00  1.794953536534E-02 -1.114198302615E-01  9.347029489663E-02 -5.424074576987E-02  1.683933821290E-03  1.067953004736E-05  9.297661117799E-08 -3.337413966811E-05  1.313449629856E-01 -1.067953045091E-05 -4.402350335616E-03 -1.326755443870E-20 -6.106555784077E-21  5.546521571053E-20 -3.371087606067E-03
  2.172365432400E+02  2.195550913886E+02  2.227914301110E+01 -5.073699192263E-13 -8.571956394509E-02  4.993423740641E+02  9.234488979247E-01  1.244722675172E+00 -6.371330242136E-01 -7.438457265426E-03 -1.962470966616E+00  3.453082834278E+00  1.662845287983E-02 -1.074550076512E-01  9.082655477293E-02 -5.332041805767E-02  2.369454443440E-03  3.235924385803E-05  2.575645185951E-06 -2.468020489629E-05  1.279141585112E-01 -3.235924362418E-05 -5.386816669166E-03  4.524354383508E-20 -7.247855760611E-21  4.481417819446E-20 -3.302126068034E-03
  2.218736395372E+02  2.242617441303E+02  2.231615552189E+01 -5.019648192476E-13 -8.734182061400E-02  5.009625092569E+02  9.200707683732E-01  1.245567538601E+00 -6.311762703953E-01 -7.656416225766E-03 -2.006053979607E+00  3.428893067604E+00  1.510180450778E-02 -1.031065845042E-01  8.800477999570E-02 -5.233429845243E-02  2.563975322880E-03  3.705180286179E-06  3.267911353198E-06 -1.201567674389E-07  1.244188121666E-01 -3.705180368593E-06 -5.388488908640E-03 -1.552291469200E-20  1.069825084802E-20  7.505797328127E-21 -3.233010674523E-03
  2.266498487233E+02  2.291095964542E+02  2.235341884685E+01 -4.993479160257E-13 -8.885845490837E-02  5.025922324875E+02  9.169062606399E-01  1.245993681924E+00 -6.251481736595E-01 -7.816434440457E-03 -2.046658525513E+00  3.402781085342E+00  1.340378689246E-02 -9.854103042428E-02  8.513724353169E-02 -5.124446218235E-02  2.142559817652E-03  9.214053580398E-06  4.923264852714E-06 -4.776454964387E-06  1.217090095235E-01 -9.214053399988E-06 -5.031955021165E-03  6.601127441854E-20  3.127106001885E-20  3.316635794960E-21 -3.174513308331E-03
  2.315693441850E+02  2.341028843478E+02  2.239104804418E+01 -5.000505010067E-13 -9.039736079527E-02  5.042398393892E+02  9.137338593822E-01  1.246667268473E+00 -6.188471169604E-01 -8.100349859849E-03 -2.088463083900E+00  3.374526730557E+00  1.182346194645E-02 -9.390650299421E-02  8.208304104778E-02 -5.021589684504E-02  2.250237877970E-03  2.216705649134E-05  6.287992996684E-06 -1.802689439295E-05  1.170091800850E-01 -2.216705641800E-05 -5.292507529681E-03  9.017454471320E-21  1.316148041208E-20 -1.147292463570E-20 -3.090604495613E-03
  2.366364245106E+02  2.392459708782E+02  2.242760737298E+01 -4.945096068742E-13 -9.223798533475E-02  5.058401728814E+02  9.102774060433E-01  1.247286897774E+00 -6.124778406858E-01 -8.331406472477E-03 -2.135842212313E+00  3.352566126280E+00  1.002797118571E-02 -8.929039445304E-02  7.926242326789E-02 -4.867667501876E-02  2.473945803588E-03  2.022104412530E-05  6.202142536800E-06 -2.114264604681E-05  1.128190769836E-01 -2.022104443558E-05 -6.266090909998E-03  1.609400075133E-20 -1.654829007789E-20 -5.863153794408E-21 -3.009468703074E-03
  2.418555172459E+02  2.445433500046E+02  2.246469658203E+01 -4.787228796247E-13 -9.453154981222E-02  5.074657478646E+02  9.064941262001E-01  1.250333811867E+00 -6.058377748343E-01 -8.601884276286E-03 -2.192916510817E+00  3.331539052543E+00  8.462772151003E-03 -8.457950827986E-02  7.611673612875E-02 -4.781053147687E-02  2.671862351992E-03  1.599052709181E-05  3.867946182070E-06 -1.231838316218E-05  1.114312425580E-01 -1.599052691052E-05 -6.541033778876E-03  2.042081485172E-20 -5.871871224270E-21 -1.892414612352E-22 -2.991323562368E-03
  2.472311827633E+02  2.499996505047E+02  2.250250223059E+01 -4.606227008615E-13 -9.666274907747E-02  5.091218327865E+02  9.023880444430E-01  1.255174199090E+00 -5.992224457547E-01 -8.879236917056E-03 -2.246772830270E+00  3.316878331325E+00  7.311027511557E-03 -8.047783587968E-02  7.316680836937E-02 -4.780994983709E-02  2.355832377290E-03 -7.116008707692E-06  2.825420387229E-07 -4.694301230975E-06  1.080745917620E-01  7.116008952424E-06 -6.545032740786E-03 -2.840009124467E-21  4.707881233551E-20 -8.978891371215E-21 -2.931529320129E-03
  2.527681182462E+02  2.556196400198E+02  2.253950629413E+01 -4.517906939764E-13 -9.907079204750E-02  5.107433844548E+02  8.982263236007E-01  1.260187800108E+00 -5.922886072813E-01 -9.139310053626E-03 -2.306701409985E+00  3.309136716171E+00  5.833033418554E-03 -7.646404601949E-02  7.063101260148E-02 -4.606443921055E-02  2.316051955263E-03  1.657304848568E-06 -2.137039537950E-06 -4.241344466460E-08  1.048729610374E-01 -1.657305022984E-06 -7.538413508801E-03  4.618061170613E-20 -2.456214529226E-20  4.907195023149E-20 -2.876565525641E-03
  2.584711617935E+02  2.614082292204E+02  2.257730431295E+01 -4.492470515964E-13 -1.020236014301E-01  5.124016890948E+02  8.943242647991E-01  1.263844082047E+00 -5.853806403068E-01 -9.349235785802E-03 -2.377496152585E+00  3.304166143401E+00  4.312395754042E-03 -7.168528909816E-02  6.737289334472E-02 -4.612138748325E-02  2.622128569158E-03  7.453548714988E-06 -5.469951778572E-06  1.057992419129E-05  1.028670999752E-01 -7.453548562381E-06 -8.782667106341E-03  4.447880841303E-20  4.378768005139E-20  2.671598562985E-20 -2.874164776157E-03
  2.643452966473E+02  2.673704760971E+02  2.261509608658E+01 -4.424839441612E-13 -1.054821045542E-01  5.140648060251E+02  8.908272182323E-01  1.265437894408E+00 -5.782688325910E-01 -9.605560859497E-03 -2.457358749028E+00  3.289036385525E+00  2.398313238587E-03 -6.636355739751E-02  6.396524416068E-02 -4.561948751310E-02  2.916181011061E-03  1.276292605530E-06 -1.160587630071E-05  2.469716703803E-05  1.005134240549E-01 -1.276292411062E-06 -8.855598125386E-03 -3.501040276459E-20 -3.423832595925E-20  2.932343491958E-20 -2.846676097049E-03
  2.703956555468E+02  2.735115903800E+02  2.265337292290E+01 -4.257420561926E-13 -1.086637259470E-01  5.157492074100E+02  8.873547014847E-01  1.264821866479E+00 -5.710283571153E-01 -9.677919737814E-03 -2.528766086023E+00  3.273572273801E+00  8.096840742959E-04 -6.152771025497E-02  6.071802618155E-02 -4.536198570883E-02  2.441060727674E-03 -6.064698168312E-06 -1.723916212357E-05  3.257813302328E-05  9.880725563314E-02  6.064698502648E-06 -7.394612307934E-03 -2.356291200578E-20 -1.464559369513E-20  1.058391943463E-20 -2.806379241280E-03
  2.766275252132E+02  2.798369380914E+02  2.269207356424E+01 -4.084009334419E-13 -1.111899599497E-01  5.174575998224E+02  8.835035973287E-01  1.265127955323E+00 -5.637986698385E-01 -9.770151728647E-03 -2.586670518548E+00  3.264215147592E+00 -7.390381091225E-04 -5.706600341114E-02  5.780504152065E-02 -4.450540698780E-02  1.750639894569E-03  1.586634017265E-06 -1.825277197163E-05  2.925017587259E-05  9.843515946310E-02 -1.586633615227E-06 -4.959114522402E-03  3.330972191744E-20 -3.734731793907E-21  3.133401105918E-20 -2.788210206835E-03
  2.830463509696E+02  2.863520462341E+02  2.273236580003E+01 -4.091333649185E-13 -1.126188671309E-01  5.192397612539E+02  8.794088464513E-01  1.266214637169E+00 -5.563983724535E-01 -9.663368910248E-03 -2.621150489085E+00  3.261698515801E+00 -1.768253782706E-03 -5.235428154360E-02  5.412253532758E-02 -4.496086389879E-02  1.157828552443E-03  5.195357085295E-06 -1.734875310233E-05  2.569793019396E-05  9.919358998516E-02 -5.195357305147E-06 -2.042551223877E-03  1.809971536369E-20  3.527861122025E-21  3.477285912816E-20 -2.818969840497E-03
  2.896577414987E+02  2.930626076211E+02  2.277405393500E+01 -4.197675737098E-13 -1.128893986264E-01  5.210861246879E+02  8.753095216338E-01  1.265966672949E+00 -5.491139198551E-01 -9.615987641088E-03 -2.630437942999E+00  3.262451442532E+00 -3.777049787077E-03 -4.727737190595E-02  5.105442169217E-02 -4.521859198247E-02  3.845739252539E-04 -7.170762656350E-06 -1.813948754493E-05  1.764017593620E-05  9.932918145339E-02  7.170762755131E-06 -7.704898870041E-04  1.709866334276E-20 -2.046091090299E-20 -1.010837999049E-20 -2.846776156593E-03
  2.964674737436E+02  2.999744858498E+02  2.281687931623E+01 -4.177182616009E-13 -1.133093621035E-01  5.229888593478E+02  8.712639131453E-01  1.265140217634E+00 -5.413834929152E-01 -9.551604356218E-03 -2.642852625219E+00  3.267047971334E+00 -5.176525010236E-03 -4.284347649423E-02  4.802000150479E-02 -4.583945094093E-02  6.963966757797E-04 -1.114577763559E-05 -1.992013654921E-05  1.055785001917E-05  9.949853750104E-02  1.114577749673E-05 -1.566218468113E-03 -4.058656121749E-21  1.875446184406E-20  2.582381281222E-21 -2.869720268465E-03
  3.034814979559E+02  3.070937204253E+02  2.286124576928E+01 -4.005654234233E-13 -1.143003263923E-01  5.249678519549E+02  8.675174917604E-01  1.261001415200E+00 -5.342049469308E-01 -9.330298992131E-03 -2.666560630001E+00  3.274083162594E+00 -6.667733895941E-03 -3.797043860009E-02  4.463817249551E-02 -4.639677883350E-02  8.277096426143E-04 -8.498483989941E-06 -2.169651869202E-05 -5.469137859091E-06  1.005655405896E-01  8.498484218233E-06 -2.313647362558E-03 -5.529410818347E-20 -1.494271626704E-20  3.801470957303E-20 -2.943008670077E-03
  3.107059428946E+02  3.144265320380E+02  2.290766733907E+01 -3.685431855527E-13 -1.154623859892E-01  5.270396147615E+02  8.640204921488E-01  1.255025269177E+00 -5.262784200100E-01 -9.220888927684E-03 -2.694356566716E+00  3.281982495557E+00 -8.286021496325E-03 -3.257311830605E-02  4.085913980191E-02 -4.764866966243E-02  8.138962866074E-04  1.606120832806E-06 -2.261693903749E-05 -6.866022458503E-06  1.022538882660E-01 -1.606120626974E-06 -1.870001425892E-03  7.284710839527E-21 -4.880013043952E-20  1.006549930542E-20 -3.016949208808E-03
  3.181471211814E+02  3.219793279992E+02  2.295633498686E+01 -3.164731382047E-13 -1.160723048283E-01  5.292179586969E+02  8.606480732910E-01  1.253874919719E+00 -5.191161989778E-01 -8.759496193089E-03 -2.708644289175E+00  3.293646363822E+00 -9.611338212500E-03 -2.758949714342E-02  3.720083535613E-02 -4.884643815313E-02  2.611081740554E-04  9.936170992355E-06 -2.033192304954E-05 -1.815236429984E-06  1.007241914845E-01 -9.936170306708E-06 -1.385844323073E-03  5.993235430775E-20 -2.614311903914E-21 -3.490489532110E-20 -3.029466836798E-03
  3.258115348169E+02  3.297587078391E+02  2.300412503633E+01 -2.666162776666E-13 -1.167616440629E-01  5.313597561869E+02  8.572494323494E-01  1.253259885909E+00 -5.113105826046E-01 -8.162475842971E-03 -2.723310179269E+00  3.302252031486E+00 -1.163277912431E-02 -2.249693708026E-02  3.412971620403E-02 -4.835620495293E-02  2.610287167191E-04  4.199176387196E-06 -1.687503301438E-05 -9.170105674783E-07  9.858367256573E-02 -4.199176526994E-06 -7.121899847753E-04  5.303661955188E-20  1.893348421425E-20 -5.637562693150E-20 -3.034871758232E-03
  3.337058808614E+02  3.377714690743E+02  2.305355451453E+01 -2.233510332702E-13 -1.167576300522E-01  5.335843760907E+02  8.536583028772E-01  1.253986006920E+00 -5.039220233045E-01 -7.679571035558E-03 -2.722170041136E+00  3.311807172935E+00 -1.357881153286E-02 -1.721860121781E-02  3.079741275043E-02 -4.865696445397E-02 -1.845546065706E-04 -1.102568841296E-05 -1.514981242230E-05 -1.188244950371E-07  9.938090817273E-02  1.102568885388E-05 -1.898121085683E-03  5.172435205225E-20  7.630357674390E-21 -4.691626477447E-20 -3.056420498911E-03
  3.418370572872E+02  3.460246131465E+02  2.310506139735E+01 -1.839217933045E-13 -1.187162948409E-01  5.359113067000E+02  8.498926808749E-01  1.253393300469E+00 -4.961823799179E-01 -6.793770804228E-03 -2.771225388082E+00  3.329697627725E+00 -1.558716944359E-02 -1.230007445100E-02  2.788724389407E-02 -4.896926084546E-02  8.515987517642E-04 -1.616939736999E-06 -1.591431581489E-05  3.530319591875E-06  9.670847865581E-02  1.616939768859E-06 -3.310425257020E-03  1.879916715930E-20 -2.168126355697E-21  7.206543988854E-21 -3.011924374992E-03
  3.502121690058E+02  3.545253515409E+02  2.315474105520E+01 -1.593631349569E-13 -1.202739710216E-01  5.381626943972E+02  8.456581237942E-01  1.252709666268E+00 -4.890665762662E-01 -5.914930677936E-03 -2.816165134715E+00  3.350309759904E+00 -1.705084117001E-02 -7.485168806523E-03  2.453600997856E-02 -4.756254450202E-02  4.223283740836E-04 -3.554861429025E-08 -1.731108752573E-05  6.367569301486E-06  9.456791233001E-02  3.554881826919E-08 -2.019238655653E-03  1.478327650383E-20  2.346233176023E-20  3.848641952724E-20 -2.998887169336E-03
  3.588385340760E+02  3.632811120872E+02  2.320701903157E+01 -1.447546342052E-13 -1.209375705136E-01  5.405397687458E+02  8.406425751751E-01  1.243007486342E+00 -4.812783598858E-01 -4.915477414748E-03 -2.838544780321E+00  3.375573491603E+00 -1.807085836610E-02 -2.486774216006E-03  2.055763258280E-02 -4.864062504784E-02  5.804589799654E-04 -4.974039281378E-06 -1.661600740576E-05 -1.506053677308E-06  9.518954433652E-02  4.974039254092E-06  9.551450749900E-04 -2.481320341075E-20 -5.076036857796E-20  1.714230534014E-20 -3.057068643247E-03
  3.677236900983E+02  3.722995454498E+02  2.326048315383E+01 -1.382230811290E-13 -1.192456111287E-01  5.429796708905E+02  8.352367581526E-01  1.225174150851E+00 -4.740423684106E-01 -3.970380284904E-03 -2.807118663276E+00  3.399958293996E+00 -1.971138371170E-02  1.868449142371E-03  1.784293456911E-02 -4.892466434227E-02 -6.618459561550E-04 -5.891506725959E-06 -1.567773341726E-05 -2.327353721100E-06  9.468802822698E-02  5.891506757052E-06  2.380610418393E-03  3.179118646566E-20  6.492375242663E-21 -1.198295359882E-20 -3.053579253066E-03
  3.768754008012E+02  3.815885318133E+02  2.331537616543E+01 -1.304457942127E-13 -1.182243426713E-01  5.454897706745E+02  8.289231708448E-01  1.203480232360E+00 -4.663224156250E-01 -3.099302525548E-03 -2.796042964697E+00  3.423187733737E+00 -2.152602312866E-02  6.808992848272E-03  1.471703028086E-02 -4.882750223455E-02  2.137299565303E-04 -7.581921013313E-06 -1.492470708551E-05 -2.871286054024E-06  9.354129793455E-02  7.581920872945E-06  1.171053146335E-03  4.502495526618E-20 -4.743957907132E-20  2.481313229822E-21 -3.047673098442E-03
  3.863016628253E+02  3.911561877677E+02  2.337072031126E+01 -1.111607889070E-13 -1.178436365965E-01  5.480345975872E+02  8.209413694730E-01  1.188718692544E+00 -4.590589041120E-01 -2.385542083800E-03 -2.795947819283E+00  3.453963788129E+00 -2.299857089176E-02  1.112553568273E-02  1.187303520872E-02 -4.850603666998E-02 -2.295427876621E-05 -5.042591800798E-06 -1.408091088826E-05 -4.681022191215E-06  9.007084698957E-02  5.042591890942E-06  8.864293426064E-04  6.913685235919E-20  8.025521027931E-21 -4.272816134611E-20 -2.971614000713E-03
  3.960107127100E+02  4.010108734007E+02  2.342467804107E+01 -9.373617160247E-14 -1.171111985490E-01  5.505230443076E+02  8.120681464378E-01  1.169196340605E+00 -4.514186165459E-01 -1.594213398389E-03 -2.786062503488E+00  3.479281381168E+00 -2.498065708317E-02  1.585404618370E-02  9.126610899686E-03 -4.651483296251E-02  7.379126365270E-04 -1.779180680337E-06 -1.289291532367E-05 -1.148782501183E-05  8.523565721542E-02  1.779180719710E-06  1.626728868160E-03 -8.167339881847E-22 -7.139927872161E-21  4.402261753297E-21 -2.848085294696E-03
  4.060110340913E+02  4.111611996027E+02  2.347726539048E+01 -9.368095304126E-14 -1.157636688341E-01  5.529521572948E+02  8.027398015414E-01  1.150877238112E+00 -4.444739167797E-01 -8.615727536638E-04 -2.761191648704E+00  3.510596343343E+00 -2.619353220375E-02  1.952163021624E-02  6.671901988215E-03 -4.463831716782E-02  7.113798095878E-04  9.065836662181E-06 -1.073906789757E-05 -2.296101209317E-05  8.287837314162E-02 -9.065836738872E-06  1.803380742135E-03 -3.623787837848E-21  1.383177833861E-20  4.150437983708E-20 -2.799995297195E-03
  4.163113651141E+02  4.216160355908E+02  2.353141243616E+01 -9.968949277184E-14 -1.147871516751E-01  5.554629685647E+02  7.929084186913E-01  1.127871057437E+00 -4.367095130879E-01 -2.308077661300E-04 -2.739601559253E+00  3.551069852952E+00 -2.732021799949E-02  2.371931570740E-02  3.600902292856E-03 -4.518887447221E-02  5.510826416129E-04  7.139511005156E-06 -9.002934115827E-06 -1.926289703548E-05  8.355163766439E-02 -7.139510868297E-06 -8.454955276446E-04  2.059769828498E-20  9.667559564261E-21  3.378160606614E-20 -2.843549782440E-03
  4.269207060675E+02  4.323845166585E+02  2.358809136868E+01 -1.082416517528E-13 -1.169363765607E-01  5.580959255823E+02  7.822841691163E-01  1.109091158641E+00 -4.296850903745E-01  1.362295542635E-04 -2.789222431319E+00  3.583296864193E+00 -2.878907220214E-02  2.764149894525E-02  1.147573256782E-03 -4.517516024244E-02  2.097224339789E-03  5.283196279364E-06 -4.592120507351E-06 -5.586930119125E-06  7.995623567719E-02 -5.283196545472E-06 -1.345463405784E-03  1.371677280670E-20  3.891146287021E-21 -2.202108554947E-21 -2.727836958027E-03
  4.378483272495E+02  4.434760521583E+02  2.364063780209E+01 -1.238173383267E-13 -1.166346901685E-01  5.605425660200E+02  7.707486502238E-01  1.086786695632E+00 -4.220193171453E-01  5.269922973159E-04 -2.778696675439E+00  3.626908951169E+00 -2.973485831832E-02  3.127167959052E-02 -1.536821272815E-03 -4.246213479408E-02  5.170914892239E-04 -1.618148614460E-06  2.450636264046E-06 -1.014356192085E-05  7.870979807904E-02  1.618148608864E-06  8.432412460625E-04 -1.877171666193E-20  6.918431388391E-21 -3.409503948260E-21 -2.710164846451E-03
  4.491037770670E+02  4.549003337230E+02  2.369884736980E+01 -1.334789339243E-13 -1.157400601517E-01  5.632634704589E+02  7.579051437034E-01  1.068368883981E+00 -4.144811997066E-01  8.706756435720E-04 -2.757954713799E+00  3.684859676376E+00 -3.056597239492E-02  3.486488839094E-02 -4.298915996699E-03 -4.467498752170E-02  5.064935290882E-06 -1.029910336040E-05  8.630998916916E-06 -8.931887782650E-06  8.138283807940E-02  1.029910313344E-05  1.673102440987E-03  1.013933000029E-20 -1.480975726236E-20 -1.795837994176E-20 -2.833333062465E-03
  4.606968903790E+02  4.666673437347E+02  2.375862466775E+01 -1.318590092438E-13 -1.141966922113E-01  5.660634078919E+02  7.438809901578E-01  1.036860316591E+00 -4.066566809343E-01  8.433274889032E-04 -2.724466824081E+00  3.742865153565E+00 -3.141862944091E-02  3.819405112720E-02 -6.775421686362E-03 -4.589105188077E-02 -8.570741113511E-05 -1.039242533375E-05  1.038079450745E-05 -1.197688396448E-05  8.208390523150E-02  1.039242527277E-05 -7.430948082201E-05 -3.966478652808E-20  1.730505608769E-20 -5.012157603642E-22 -2.895982582187E-03
  4.726377970904E+02  4.787873640468E+02  2.382141392844E+01 -1.115704906934E-13 -1.157987186394E-01  5.690146755698E+02  7.291876402891E-01  1.007338011954E+00 -3.983371025696E-01  7.177047429591E-04 -2.771481507645E+00  3.787527617276E+00 -3.212123421273E-02  4.111166869186E-02 -8.990434478721E-03 -4.657714235485E-02  6.768233980276E-04 -5.781074829887E-06  8.871252102494E-06 -1.096350397425E-05  8.379492424920E-02  5.781075000064E-06 -1.378159955314E-03  8.366904600942E-21 -2.867684519429E-20  4.636948264548E-21 -2.939541781533E-03
  4.849369310031E+02  4.912709849682E+02  2.388736607476E+01 -8.024133961448E-14 -1.162899924932E-01  5.721199260382E+02  7.140575550277E-01  9.739375741063E-01 -3.890593244391E-01  8.076185320412E-04 -2.791783447187E+00  3.847953941358E+00 -3.215718649045E-02  4.321625270731E-02 -1.105906621473E-02 -4.760452474505E-02  3.382332559464E-04  2.856652669486E-07  7.465522231336E-06 -7.136717124470E-06  8.436415640119E-02 -2.856654609476E-07 -3.365309965733E-03  9.766235246958E-21 -2.242072372156E-20  3.099322870482E-20 -2.991600456416E-03
  4.976050389332E+02  5.041291145172E+02  2.395484373903E+01 -4.357811334010E-14 -1.211588429423E-01  5.753043400690E+02  6.973830797469E-01  9.447312083282E-01 -3.801815372175E-01  6.653370396086E-04 -2.923661625945E+00  3.919284015083E+00 -3.310578715484E-02  4.650900715583E-02 -1.340322000078E-02 -4.817069844556E-02  7.712133724597E-04  1.046513803552E-05  3.977869092194E-06 -1.121482258948E-05  8.589171024477E-02 -1.046513769149E-05 -1.943335128672E-03  1.673825196367E-20 -2.189509481920E-21  5.782795771088E-20 -3.050593851538E-03
  5.106531901012E+02  5.173729879527E+02  2.402738212614E+01 -1.158891963874E-14 -1.195234813861E-01  5.787475675468E+02  6.792773275352E-01  9.217301595205E-01 -3.700292509785E-01  1.435675843502E-03 -2.900643368148E+00  3.979827394605E+00 -3.331481920714E-02  4.909597954038E-02 -1.578116033124E-02 -4.995116663460E-02 -1.263262142289E-03  9.682730856533E-06  4.786654275359E-06 -4.511087150689E-06  8.669189598459E-02 -9.682730869069E-06  3.110438504461E-03 -2.621109263720E-20 -1.223896035276E-20  2.729130461704E-20 -3.146028392868E-03
  5.240927858042E+02  5.310141775913E+02  2.410053144945E+01 -7.250349626231E-15 -1.159875126760E-01  5.822292708866E+02  6.608250720955E-01  9.019343517817E-01 -3.610343979031E-01  1.036650971937E-03 -2.825862064344E+00  4.040195845396E+00 -3.419321472256E-02  5.134878938793E-02 -1.715557466436E-02 -5.024124164547E-02 -2.582031633572E-03  1.089636748489E-06  5.699077931818E-06  3.706500513551E-06  8.846050562222E-02 -1.089636870334E-06  2.235304203595E-03  8.057244515313E-21 -7.215654394531E-21  1.439710832500E-20 -3.196960655871E-03
  5.379355693784E+02  5.450646029190E+02  2.418053825111E+01 -1.577254241566E-14 -1.156842669883E-01  5.860522251407E+02  6.426931216008E-01  8.796209352401E-01 -3.503568036370E-01  1.530189333145E-03 -2.834235629712E+00  4.098657097234E+00 -3.394981656831E-02  5.281948967212E-02 -1.886967310509E-02 -5.223721251707E-02 -1.223367258841E-03  3.519496648736E-06  2.712131411684E-06 -8.809809682118E-06  8.926484237244E-02 -3.519496805770E-06 -3.732044684965E-04 -2.049217803039E-20  2.394846648207E-20  2.083173795406E-20 -3.250196775275E-03
  5.521936364597E+02  5.595365410066E+02  2.425961907800E+01 -5.931321984491E-15 -1.167206065840E-01  5.898497210637E+02  6.247896260993E-01  8.558081099818E-01 -3.405320063411E-01  1.175158999352E-03 -2.869925178584E+00  4.147333677623E+00 -3.331002830549E-02  5.353340292684E-02 -2.022337462135E-02 -5.177513577607E-02 -3.564861674189E-06  2.891191312993E-06  2.403989115622E-06 -2.064812176562E-05  8.754903642242E-02 -2.891191241400E-06 -2.844291087801E-03 -1.022899485093E-20 -3.373399900145E-20  1.748068033472E-20 -3.259178230596E-03
  5.668794455535E+02  5.743794455535E+02  2.434117044213E+01  1.501942898755E-14 -1.209550653423E-01  5.937807027010E+02  6.072596809775E-01  8.201024058702E-01 -3.296475248684E-01  1.586505706870E-03 -2.981496886764E+00  4.153706829773E+00 -3.206068654669E-02  5.280033878421E-02 -2.073965223694E-02 -5.223344136902E-02  9.836270949666E-04 -2.363064058334E-06  2.546826546181E-06 -2.586396306248E-05  8.673209037767E-02  2.363063949691E-06 -1.931358612218E-03 -1.614545495699E-20 -5.629675358782E-21  1.552121208373E-20 -3.245167146454E-03
  5.818794455535E+02  5.893794455535E+02  2.442224934221E+01  2.938187193546E-14 -1.203209612838E-01  5.976947369664E+02  5.912565019571E-01  7.870001943129E-01 -3.188731503755E-01  1.387476004027E-03 -2.975793134922E+00  4.077099185495E+00 -3.138638440051E-02  5.021437494671E-02 -1.882799054471E-02 -5.041731809553E-02 -1.346172857058E-03  1.079683430899E-05  2.931797312014E-06 -3.015417835225E-05  8.232579902068E-02 -1.079683427620E-05  3.710708238805E-04 -3.187712506019E-20 -9.729309978681E-21  8.115451048960E-21 -3.000258562874E-03
  5.968794455535E+02  6.043794455535E+02  2.449562436433E+01  4.739680002641E-14 -1.202385234554E-01  6.012493372172E+02  5.754079680978E-01  7.589389407632E-01 -3.082305250467E-01  2.752595812705E-03 -2.982017557412E+00  4.010540433460E+00 -2.880713978687E-02  4.713356744336E-02 -1.832642765846E-02 -4.590104665471E-02 -4.327868212291E-04  2.804954591120E-06  5.144450014672E-06 -2.362407853498E-05  7.907444554025E-02 -2.804954658934E-06 -3.419533006139E-04 -9.256937348345E-21 -2.678483155428E-20  1.341158240985E-20 -2.847474182003E-03
  6.118794455535E+02  6.193794455535E+02  2.457057765572E+01  6.764051760829E-14 -1.208826650020E-01  6.048812200135E+02  5.592964927627E-01  7.309466336369E-01 -2.981190492407E-01  2.731830854327E-03 -3.005908667679E+00  3.959983318459E+00 -2.774205124562E-02  4.556519512087E-02 -1.782314387491E-02 -4.515298512801E-02 -7.890063129052E-04 -1.920501700710E-06  1.815373802404E-06 -1.546607979119E-05  7.534938943913E-02  1.920501761886E-06  1.339325531090E-03  5.629359566485E-21 -2.768740029532E-20  4.474128791599E-20 -2.719920156886E-03
  6.268794455535E+02  6.343794455535E+02  2.463692395568E+01  7.514364362230E-14 -1.176139129725E-01  6.081028818902E+02  5.437122561295E-01  7.067969388078E-01 -2.870774864905E-01  4.488829655841E-03 -2.935291427250E+00  3.892293746703E+00 -2.494928349963E-02  4.277622213974E-02 -1.782693864203E-02 -4.154645611343E-02 -1.190998375396E-03 -6.145650934083E-07 -1.229025647358E-06 -1.893938200155E-06  7.015274608543E-02  6.145652146639E-07  2.278643098624E-03  2.253694901201E-21 -3.438268311731E-21  1.036388781372E-20 -2.531370470844E-03
  6.418794455535E+02  6.493794455535E+02  2.470209454754E+01  6.781408247447E-14 -1.165796581335E-01  6.112728008699E+02  5.283787384362E-01  6.836185143156E-01 -2.768758000989E-01  4.416893092648E-03 -2.912464173781E+00  3.821119976942E+00 -2.132277098577E-02  3.879578137975E-02 -1.747301039352E-02 -3.955894788819E-02 -8.648893331088E-04 -1.254908338695E-05 -1.423720934637E-06 -6.484310926031E-07  6.954451288227E-02  1.254908325910E-05  2.944860030225E-03 -2.351110131018E-22 -3.041477765753E-21  3.264268849324E-20 -2.444259875785E-03
  6.568794455535E+02  6.643794455535E+02  2.476725774317E+01  6.088599589782E-14 -1.121227227267E-01  6.144626084904E+02  5.114828132229E-01  6.637836293462E-01 -2.669539520776E-01  5.738460559400E-03 -2.808898578279E+00  3.785744907130E+00 -2.007338866517E-02  3.718908197827E-02 -1.711569331208E-02 -3.872971233217E-02 -1.689796649531E-03 -5.681144521513E-06 -8.201935335391E-07 -2.157404370756E-06  6.669266721024E-02  5.681144542563E-06  4.324452300764E-03 -1.437845734970E-21  9.409135152549E-21  5.793200698059E-21 -2.344111566338E-03
  6.718794455535E+02  6.793794455535E+02  2.482708233939E+01  6.530571743102E-14 -1.084637701990E-01  6.174035860821E+02  4.941690661299E-01  6.467120773023E-01 -2.566928093100E-01  5.393897242819E-03 -2.729052358058E+00  3.749071800893E+00 -1.793504981961E-02  3.450893321666E-02 -1.657388339649E-02 -3.600371391097E-02 -1.497045365731E-03 -8.288685420102E-06  3.112622584053E-06 -6.364404063539E-06  6.483146986923E-02  8.288685259723E-06  6.278065428332E-03  2.380154988751E-20 -3.453530214901E-21  8.171049757668E-22 -2.224771345100E-03
  6.868794455535E+02  6.943794455535E+02  2.488884221290E+01  6.945996411147E-14 -1.002701932964E-01  6.204515238335E+02  4.778645540397E-01  6.284970088804E-01 -2.467319897590E-01  6.473077081364E-03 -2.538210321855E+00  3.715716192155E+00 -1.484255453558E-02  3.218404737449E-02 -1.734149283690E-02 -3.553452634272E-02 -2.112611664211E-03 -4.513343080395E-06  1.286775853547E-06  4.022368103158E-07  6.369652372236E-02  4.513343102699E-06  9.591156423586E-03 -2.954741183972E-20  2.112488012271E-20  9.512329838465E-21 -2.189884988571E-03
  7.018794455535E+02  7.093794455535E+02  2.494655160251E+01  7.195617308016E-14 -9.041485894911E-02  6.233031061792E+02  4.631294591547E-01  6.076905555606E-01 -2.363642190511E-01  6.492844967174E-03 -2.301325153312E+00  3.697629924628E+00 -1.189149962435E-02  2.961285553015E-02 -1.772135590677E-02 -3.463887193762E-02 -3.315605664295E-03 -9.514646103779E-06  4.060580242923E-06 -6.269062768010E-07  6.128105606768E-02  9.514646148676E-06  7.064634293630E-03  9.338546285116E-21  1.404656308639E-20  2.972558634952E-20 -2.146674337756E-03
  7.168794455535E+02  7.243794455535E+02  2.500372726334E+01  8.721008695293E-14 -8.703162222432E-02  6.261317204999E+02  4.496206537604E-01  5.931299826683E-01 -2.257033076562E-01  7.794670484787E-03 -2.227801218078E+00  3.682107658781E+00 -9.556472240720E-03  2.690243263563E-02 -1.734596039270E-02 -3.385209157540E-02 -1.509398527185E-03 -5.599662461247E-06  9.102338073970E-06  4.417749721039E-06  6.196843837278E-02  5.599662578330E-06  3.300113289975E-03  3.046395861186E-20  2.563671260966E-20 -1.752536819697E-20 -2.102274443361E-03
  7.318794455535E+02  7.393794455535E+02  2.506275812133E+01  1.002900988529E-13 -8.425466107502E-02  6.290582780870E+02  4.356170151249E-01  5.749484372681E-01 -2.155959045502E-01  6.932357890963E-03 -2.163612323275E+00  3.644321779994E+00 -5.618869723395E-03  2.364196735544E-02 -1.802309763322E-02 -3.324991074048E-02 -1.015440310638E-04 -6.799856824171E-07  5.149108983719E-06  6.821129863522E-06  6.162707435573E-02  6.799855253992E-07  1.443605767116E-04 -2.064937959603E-21 -1.835895177262E-20 -4.748545806453E-21 -2.043022057520E-03
  7.468794455535E+02  7.543794455535E+02  2.511929655275E+01  1.039551121689E-13 -8.681378801765E-02  6.318708763464E+02  4.215415021338E-01  5.576624602669E-01 -2.046609446987E-01  7.959139890400E-03 -2.231047300688E+00  3.622464300971E+00 -2.775751771406E-03  2.147568380805E-02 -1.869993203801E-02 -3.159271282353E-02  9.575134630244E-04 -1.324486995160E-05  5.357345432352E-06  6.904623359842E-06  5.636195332142E-02  1.324487002791E-05 -3.613275440077E-03  1.888113973774E-20 -1.306353439197E-20 -1.894004761543E-21 -1.848240858178E-03
  7.618794455535E+02  7.693794455535E+02  2.516843893766E+01  9.831642993942E-14 -9.107119478227E-02  6.343167719864E+02  4.058371774728E-01  5.346522025804E-01 -1.938902199833E-01  7.605007254450E-03 -2.341426200989E+00  3.611620320130E+00  1.224939672139E-03  1.885413727878E-02 -2.007907695094E-02 -2.783678225848E-02  1.836072968352E-03 -9.870206038293E-06  5.462700622924E-06  2.496951890544E-06  5.094507251534E-02  9.870206048881E-06 -3.465901594363E-03  4.223049928052E-21 -4.985199508184E-21  4.326632416164E-21 -1.677977591144E-03
  7.768794455535E+02  7.843794455535E+02  2.521485066302E+01  7.766683939499E-14 -9.327070056047E-02  6.366222329922E+02  3.890488517356E-01  5.164292987746E-01 -1.821039770925E-01  6.531351145281E-03 -2.392694078261E+00  3.589624729651E+00  6.886991581014E-03  1.534127172478E-02 -2.222826330653E-02 -2.619356561424E-02  1.778742949210E-03  4.754852465267E-06  3.642295300782E-06 -3.552072392372E-06  5.100829498405E-02 -4.754852566040E-06 -5.109953217002E-04 -2.451138634827E-20 -6.103618394095E-21 -5.695582151484E-21 -1.664492394820E-03
  7.918794455535E+02  7.993794455535E+02  2.526413555847E+01  5.226541219492E-14 -9.198032041338E-02  6.390655063326E+02  3.721730443851E-01  4.989547616828E-01 -1.708321496052E-01  6.599713848918E-03 -2.357386198949E+00  3.587804771894E+00  9.856117667740E-03  1.335129171963E-02 -2.320740938634E-02 -2.710339517462E-02  8.569591142442E-04  2.727550982725E-06  7.937927324935E-06 -9.654327188909E-06  5.280660988918E-02 -2.727551136618E-06  6.783813418525E-04 -1.210170593812E-20  5.478185743272E-21  8.736055388893E-21 -1.691975983694E-03
  8.068794455535E+02  8.143794455535E+02  2.531389054404E+01  3.231052231323E-14 -9.201562641263E-02  6.415366425730E+02  3.548231395276E-01  4.894810049763E-01 -1.591376302448E-01  5.276427843842E-03 -2.360110807251E+00  3.563959738807E+00  1.609519640246E-02  9.108424634123E-03 -2.520362103532E-02 -2.668895884830E-02  1.119251850279E-03 -1.181577464306E-06  5.096219234081E-06 -4.543264009230E-06  4.990369055429E-02  1.181577261468E-06  1.436803571821E-03 -1.140825741775E-20 -1.988906640939E-20  1.237303239374E-21 -1.594158842415E-03
  8.218794455535E+02  8.293794455535E+02  2.535768073369E+01  1.652594236225E-14 -8.933407768719E-02  6.437117906200E+02  3.377665678749E-01  4.808757812212E-01 -1.473230037484E-01  4.510639426270E-03 -2.289141201493E+00  3.530742751614E+00  2.164927814863E-02  5.122790292905E-03 -2.677206843904E-02 -2.404670818443E-02  7.164124309707E-04  4.577845178642E-06 -4.674917458541E-06  2.148447847014E-06  4.476039162470E-02 -4.577845276361E-06  4.438153089535E-03 -2.253835831732E-20  5.867518295758E-21  3.912875701082E-20 -1.412208564513E-03
  8.368794455535E+02  8.443794455535E+02  2.539778834778E+01  6.117429624207E-15 -8.369385180359E-02  6.457097235094E+02  3.202297177521E-01  4.715061500933E-01 -1.354824287073E-01  3.786101829636E-03 -2.142871312213E+00  3.507207160673E+00  3.014659821574E-02 -9.446307255678E-05 -3.005213514322E-02 -2.138336716392E-02 -2.768769143174E-04 -9.849896972971E-07 -9.027102530822E-06  1.436343710643E-06  4.136331053383E-02  9.849895702057E-07  5.398661580522E-03  2.459202835133E-20 -7.018394609645E-21  4.171292573893E-21 -1.279684774456E-03
  8.518794455535E+02  8.593794455535E+02  2.543521410823E+01  2.802876420543E-15 -7.922704403036E-02  6.475766394296E+02  3.028954238792E-01  4.626468435849E-01 -1.234718652558E-01  2.900845493061E-03 -2.026544242277E+00  3.501829534481E+00  3.476946332299E-02 -3.797208361635E-03 -3.097225496092E-02 -1.965763929292E-02 -3.272765812637E-04  6.591483017917E-06 -9.072208546468E-06 -4.902774338449E-06  3.744875711608E-02 -6.591483054913E-06  4.001463441580E-03  3.501287784015E-21  1.615666133375E-20 -1.856030147509E-20 -1.125393269188E-03
  8.668794455535E+02  8.743794455535E+02  2.546800642365E+01  6.233537557659E-15 -7.624120755400E-02  6.492090825801E+02  2.846631578745E-01  4.584757092798E-01 -1.110452102712E-01  1.946117647910E-03 -1.948434184367E+00  3.508915491203E+00  4.182888797073E-02 -7.057036213990E-03 -3.477185175596E-02 -1.667878288225E-02  5.011395326772E-05  4.097871158004E-06 -5.123774732466E-06 -4.497002264118E-06  3.187397449850E-02 -4.097871073868E-06  4.635854202343E-03  5.174843553298E-21 -4.593039128670E-21  4.973587867022E-21 -9.720242927739E-04
  8.818794455535E+02  8.893794455535E+02  2.549499098603E+01  9.774768668092E-15 -7.054356043114E-02  6.505539242172E+02  2.653491796574E-01  4.568493597240E-01 -9.896385702426E-02  6.652478525739E-04 -1.798466144566E+00  3.512123058617E+00  4.701616022866E-02 -9.881236518520E-03 -3.713492371027E-02 -1.461910746143E-02 -6.897838945015E-04  6.381783523665E-06 -3.423524892572E-06 -5.014206024409E-06  2.833390636434E-02 -6.381783535541E-06  5.645073761318E-03  6.121297549595E-21  6.237934848130E-21  4.542935546877E-21 -8.830730693659E-04
  8.968794455535E+02  9.043794455535E+02  2.552112139862E+01  1.582206703617E-14 -6.562493984299E-02  6.518594553811E+02  2.448247844842E-01  4.584883659575E-01 -8.564126114089E-02 -3.959650409000E-04 -1.673802603528E+00  3.511562174033E+00  5.122401887485E-02 -1.207635511924E-02 -3.914766375525E-02 -1.390552605653E-02 -7.739238581625E-04  2.268467800154E-07 -7.731731656950E-06 -1.064142254278E-05  2.755610549185E-02 -2.268468200809E-07  5.585084277914E-03 -7.322223327158E-22  6.773375942099E-21  1.938013632072E-20 -8.450536681062E-04
  9.118794455535E+02  9.193794455535E+02  2.554663661393E+01  2.805287989752E-14 -6.002599857740E-02  6.531438822962E+02  2.228078761138E-01  4.616726389050E-01 -7.284205879717E-02 -1.026348474745E-03 -1.530787669630E+00  3.510764629203E+00  5.453934979625E-02 -1.451874686487E-02 -4.002060293273E-02 -1.292485399999E-02 -8.862546285702E-04  5.152465109402E-06 -7.414765839557E-06 -9.258232796759E-06  2.284933579893E-02 -5.152465056713E-06  3.434598008090E-03  4.283224670052E-21 -1.458593723025E-20  2.582844106018E-20 -7.182152401558E-04
  9.268794455535E+02  9.343794455535E+02  2.556392845690E+01  3.749387779417E-14 -5.918839004238E-02  6.540125997959E+02  1.984259458504E-01  4.716802246059E-01 -5.988845035596E-02 -1.363370008028E-03 -1.506511790634E+00  3.512140473083E+00  5.943440359870E-02 -1.704516484216E-02 -4.238923875604E-02 -1.001839153401E-02  5.796229668134E-04  7.064459213407E-06 -3.716509031664E-06 -3.878183365906E-06  2.008475687326E-02 -7.064459299800E-06 -1.089180216624E-03 -5.616223503711E-21 -6.444518624139E-21  1.758372184162E-20 -6.286658426384E-04
  9.418794455535E+02  9.493794455535E+02  2.558429877474E+01  4.210799258465E-14 -6.206493194672E-02  6.550435471982E+02  1.713960880359E-01  4.769136229191E-01 -4.662286531748E-02 -2.520964515699E-03 -1.574834589419E+00  3.521736880419E+00  6.133155673832E-02 -1.790925367393E-02 -4.342230306531E-02 -1.044809165937E-02  1.562247174625E-03 -5.944662322140E-06 -2.382997562593E-06  3.552422289977E-06  1.879553120308E-02  5.944662330083E-06  7.286119597818E-05  1.194511956839E-20 -1.295554343905E-20  8.501362943616E-21 -6.049932585002E-04
  9.568794455535E+02  9.643794455535E+02  2.559922418098E+01  3.944540802210E-14 -5.904297367024E-02  6.558077219131E+02  1.382319921410E-01  4.871566796292E-01 -3.374032688387E-02 -2.115603735441E-03 -1.488490377950E+00  3.492922263521E+00  6.098448473208E-02 -1.890304706649E-02 -4.208143766641E-02 -8.491742831431E-03  1.637844738199E-04  1.136435435184E-06  2.822286588893E-07  3.410936738772E-06  1.650546626442E-02 -1.136435760101E-06  4.382959674635E-03 -1.532561250455E-20  8.233255958906E-21  1.375797568540E-20 -5.247209736338E-04
  9.718794455535E+02  9.793794455535E+02  2.561527539344E+01  2.642340888916E-14 -5.387733291173E-02  6.566203674586E+02  1.138037065175E-01  5.002915659884E-01 -1.864986444532E-02 -1.979106063845E-03 -1.350680788038E+00  3.796753513228E+00  2.401313537444E-02  3.590601313124E-03 -2.760373668965E-02 -9.234084304843E-03 -3.485120261095E-03 -1.506163694759E-06  8.660447779635E-07  9.722843241022E-06  1.815233152600E-02  1.506163847457E-06  7.997650960603E-03 -5.267449289490E-21 -4.407256396964E-21  9.826564697182E-21 -6.190617669291E-04
  9.868794455535E+02  9.943794455535E+02  2.563323939821E+01  8.458219006556E-15 -4.402347228440E-02  6.577073059910E+02  4.434510049748E-02  6.341649371377E-01 -5.936097888069E-03 -1.056284160884E-04 -1.089170382842E+00  3.481666991837E+00  4.209113473037E-02 -1.926864410228E-02 -2.282249062603E-02 -5.024367926669E-03 -2.521900236782E-04 -1.284037876136E-05 -3.970884458115E-07  1.792622120680E-05  9.592579815257E-03  1.284037852990E-05  5.236401949477E-03  8.777463257058E-21 -8.727170626628E-22 -2.763557317802E-20 -2.286804193661E-05
