                   y                  ym                   U                   V                   W                 U^2                 V^2                 W^2                  UV                  VW                  UW                VISC               SFSxx               SFSyy               SFSzz               SFSxy               SFSyz                dUdX                dVdX                dWdX                dUdY                dVdY                dWdY                dUdZ                dVdZ                dWdZ              SFSxym
 -4.000000000000E+00 -2.000000000000E+00  0.000000000000E+00  0.000000000000E+00  0.000000000000E+00  0.000000000000E+00  0.000000000000E+00  0.000000000000E+00  0.000000000000E+00  0.000000000000E+00  0.000000000000E+00  0.000000000000E+00  0.000000000000E+00  0.000000000000E+00  0.000000000000E+00  0.000000000000E+00  0.000000000000E+00  0.000000000000E+00  0.000000000000E+00  0.000000000000E+00  0.000000000000E+00  0.000000000000E+00  0.000000000000E+00  0.000000000000E+00  0.000000000000E+00  0.000000000000E+00  0.000000000000E+00
  2.220446049250E-16  2.000000000000E+00  1.062417280094E+01 -1.636002097682E-15 -8.907851920237E-02  1.173166852038E+02  1.103175576865E-01  1.390886414433E+00 -3.339343638318E-01 -3.831226854001E-03 -9.274851707995E-01  2.064581992341E+00 -6.331258779872E-03  2.608921983601E-02 -1.975796105948E-02 -1.141585346022E+01  8.008078002577E-02 -2.067712180466E-03 -1.930432447030E-04 -2.524690107988E-05  4.789539899267E+01  2.067712180478E-03 -3.392703566241E-01 -2.005303793355E-20  3.450253780077E-21 -5.145925297539E-20 -4.086494789663E-02
  4.000000000000E+00  6.000000000000E+00  1.332398898945E+01 -3.906270272525E-15 -8.024549465532E-02  1.829398044631E+02  4.437675454563E-01  1.482691732043E+00 -7.199128441567E-01 -5.763127226298E-03 -1.042228047922E+00  8.506164519974E+00  6.689317867592E-01 -5.720232012011E-01 -9.690858557730E-02 -3.360500720477E+00 -1.608833978057E-01  5.074611772620E-04 -3.102436934022E-04 -3.095351032894E-05  7.011987860467E+00 -5.074611775774E-04  3.848014602026E-02  1.127937577989E-21 -2.084880384061E-20  6.454304238126E-20 -2.201865333769E-01
  8.000000000000E+00  1.000000000000E+01  1.412958091431E+01 -5.670754375335E-15 -7.004217735080E-02  2.040716819318E+02  5.647727625925E-01  1.390323199721E+00 -6.904997074917E-01 -5.747364784019E-03 -9.650485025935E-01  9.011519305970E+00  3.319315707361E-01 -7.589994315760E-01  4.270678608409E-01 -1.624404432695E+00 -6.564628061327E-02  4.603557951342E-04 -1.822866715443E-04 -3.579939183166E-06  3.128588278035E+00 -4.603557948985E-04  3.921342179641E-02 -3.308300468587E-20  6.279301310194E-21  3.139004830166E-20 -9.866170836148E-02
  1.200000000000E+01  1.400000000000E+01  1.488837632731E+01 -7.796360273228E-15 -6.057535072340E-02  2.259886423276E+02  6.340822859339E-01  1.357913148594E+00 -7.514041372860E-01 -6.004612592661E-03 -8.725962681566E-01  8.898446312526E+00  3.147858922585E-01 -6.996448257401E-01  3.848589334876E-01 -1.561540146478E+00 -1.008562997406E-02  2.863546853031E-04 -1.000754555414E-04 -1.412011491826E-05  2.578901302882E+00 -2.863546859135E-04  3.392669884020E-02  7.795130404318E-20  4.596843047212E-21 -1.069779467321E-20 -8.420742342042E-02
  1.600000000000E+01  1.800000000000E+01  1.541903522430E+01  3.338331492029E-16 -5.338354204583E-02  2.418131381504E+02  6.867684953476E-01  1.332670089860E+00 -7.482684741050E-01 -6.134390675713E-03 -7.925106867901E-01  8.385250324053E+00  2.601694326720E-01 -6.299743879470E-01  3.698049552722E-01 -1.106253270184E+00 -4.902102486521E-03  2.206523574903E-04 -5.017113812340E-05  1.474987783621E-05  1.983269477567E+00 -2.206523571978E-04  2.773595609348E-02 -2.240600177218E-20  2.879563473937E-20 -3.137564332369E-20 -6.364764184964E-02
  2.000000000000E+01  2.200000000000E+01  1.588009670727E+01  1.886874004843E-14 -4.694418530198E-02  2.561225308321E+02  7.297346885501E-01  1.317657498158E+00 -7.641004074613E-01 -6.001139499568E-03 -7.151550719148E-01  8.051461287339E+00  2.329791532179E-01 -5.768869132577E-01  3.439077600543E-01 -9.472063530814E-01 -7.350675780180E-03  1.161962522654E-04 -2.892141537758E-05 -1.564412905909E-05  1.668942753536E+00 -1.161962525241E-04  2.287812438887E-02 -1.640806545308E-20 -1.525308660259E-20  2.089377617802E-21 -5.351803228323E-02
  2.400000000000E+01  2.600000000000E+01  1.625346987627E+01  3.626451475630E-14 -4.173808658089E-02  2.679899113765E+02  7.647157905877E-01  1.304040916858E+00 -7.633447742250E-01 -6.035538220012E-03 -6.472996307294E-01  7.701274399800E+00  2.029437792691E-01 -5.290744263190E-01  3.261306470416E-01 -7.671927491619E-01 -6.063129023423E-03  3.575886509563E-05 -1.954121582697E-05 -8.517305158443E-05  1.411473497373E+00 -3.575886477307E-05  1.833088689865E-02 -6.944356562584E-21  1.286833654713E-20  2.684251181107E-20 -4.482358042210E-02
  2.800000000000E+01  3.000000000000E+01  1.658565725175E+01  5.618518678375E-14 -3.757362824292E-02  2.788117598440E+02  7.927449622768E-01  1.296146254198E+00 -7.671175766796E-01 -5.920060294907E-03 -5.896734936903E-01  7.423256239953E+00  1.819329718471E-01 -4.908779185021E-01  3.089449466617E-01 -6.730556375800E-01 -7.068968117659E-03 -2.645272175381E-05 -9.529941017540E-07 -5.862354603426E-05  1.240920154498E+00  2.645272147991E-05  1.571579388138E-02  3.738888744224E-20  2.245448925931E-22 -4.118280637528E-20 -3.921113866200E-02
  3.200000000000E+01  3.400000000000E+01  1.687417639037E+01  8.187550521825E-14 -3.398044556690E-02  2.883842804248E+02  8.148815038902E-01  1.287925445767E+00 -7.654199116208E-01 -5.878562258761E-03 -5.394609635733E-01  7.155655654592E+00  1.640575627357E-01 -4.580473163267E-01  2.939897535921E-01 -5.828772005550E-01 -6.020756690617E-03  1.011533414809E-04  7.563923222325E-06 -6.237910949956E-05  1.102441097502E+00 -1.011533407515E-04  1.367190323650E-02 -4.970719003539E-20 -9.531995914938E-21  4.895315104587E-20 -3.465917574298E-02
  3.600000000000E+01  3.800000000000E+01  1.713703944279E+01  1.072337143850E-13 -3.084940508328E-02  2.972675663773E+02  8.324268568317E-01  1.279219990789E+00 -7.649871116328E-01 -5.742124560219E-03 -4.934236333068E-01  6.930436248145E+00  1.496803000405E-01 -4.299941498161E-01  2.803138497791E-01 -5.270538070642E-01 -5.385297208197E-03  4.125435709098E-05  4.766641421696E-06 -6.224800898711E-05  1.001796114005E+00 -4.125435737157E-05  1.113269817561E-02  9.685958137031E-21  1.449036592130E-20 -7.643350958408E-20 -3.129608054796E-02
  4.000000000000E+01  4.200000000000E+01  1.737493753237E+01  1.278988440041E-13 -2.838166514619E-02  3.054267400819E+02  8.467030755540E-01  1.267892586774E+00 -7.624473114127E-01 -5.653284698983E-03 -4.563987940358E-01  6.723351156146E+00  1.377639209319E-01 -4.054927984355E-01  2.677288775011E-01 -4.751935620443E-01 -4.465833117240E-03  2.674417197878E-05  6.825180018912E-06 -2.187958819400E-05  9.133166363468E-01 -2.674417127061E-05  1.054372840067E-02 -1.018371671570E-20 -3.212786496194E-20 -1.420099451837E-21 -2.840379403967E-02
  4.400000000000E+01  4.600000000000E+01  1.759369052138E+01  1.395642155085E-13 -2.556578637322E-02  3.130353863051E+02  8.580160210203E-01  1.257174287120E+00 -7.597274427269E-01 -5.396370280872E-03 -4.110560636246E-01  6.524128760882E+00  1.270862551765E-01 -3.827359001753E-01  2.556496449965E-01 -4.345114278571E-01 -4.441615346810E-03  9.373106490850E-05  1.052645757043E-05  1.815473885312E-05  8.402075268091E-01 -9.373106494658E-05  1.198131339827E-02  5.064101499760E-20 -4.212810261676E-20  5.777248319133E-20 -2.602490178413E-02
  4.800000000000E+01  5.000000000000E+01  1.779511252861E+01  1.544850023368E-13 -2.240784543889E-02  3.201271076441E+02  8.661909186706E-01  1.247390111976E+00 -7.569493037769E-01 -5.239019014643E-03 -3.586945532305E-01  6.356272041017E+00  1.182269848352E-01 -3.646022950166E-01  2.463753101858E-01 -3.987387809319E-01 -5.411225948598E-03  1.245651219924E-05  1.260125130604E-05 -2.755893207853E-05  7.802924002745E-01 -1.245651214311E-05  1.221064287742E-02  4.045607659678E-20  1.135495670477E-20 -6.939634585994E-21 -2.403469410510E-02
  5.200000000000E+01  5.400000000000E+01  1.798377483870E+01  1.798489528600E-13 -1.946915366673E-02  3.268446871103E+02  8.717008508472E-01  1.237584878619E+00 -7.532192493145E-01 -5.061171691171E-03 -3.080532678887E-01  6.204591926265E+00  1.099445797662E-01 -3.478013420127E-01  2.378567622470E-01 -3.706529434135E-01 -5.499771131765E-03  2.746198924028E-05  1.805700720288E-05 -4.122819618308E-05  7.328111466759E-01 -2.746198858216E-05  1.012874405157E-02  6.332250077391E-20  5.180021675446E-20  4.383133733980E-21 -2.242284863050E-02
  5.600000000000E+01  5.800000000000E+01  1.816153012617E+01  2.014858800636E-13 -1.737509692385E-02  3.332390678737E+02  8.753756816787E-01  1.227638693136E+00 -7.496236413805E-01 -4.988596060182E-03 -2.717816411973E-01  6.064591261620E+00  1.029997008423E-01 -3.326326386710E-01  2.296329378279E-01 -3.468810447434E-01 -3.894207260084E-03  1.132249192392E-04  2.106762866171E-05 -6.199796065703E-05  6.926978310651E-01 -1.132249192535E-04  8.490553969820E-03 -5.202994207302E-20  2.358523134351E-20  2.463658047674E-22 -2.108939038352E-02
  6.000000000000E+01  6.200000000000E+01  1.833028874030E+01  2.056473284486E-13 -1.529786534413E-02  3.393686137115E+02  8.779027403632E-01  1.219268474057E+00 -7.454865265126E-01 -4.866738488785E-03 -2.346916325166E-01  5.933912853688E+00  9.733804647591E-02 -3.191881431978E-01  2.218500967181E-01 -3.273683539006E-01 -3.513533573391E-03  4.069162107955E-05  1.561148646405E-05 -5.558914149035E-05  6.595849586769E-01 -4.069162217630E-05  5.514449631890E-03  2.202978419807E-20  3.241176758303E-20  3.948516794550E-20 -1.990141128276E-02
  6.400000000000E+01  6.600000000000E+01  1.849130082060E+01  2.144265962706E-13 -1.469696046617E-02  3.452694480191E+02  8.795592261524E-01  1.211015035941E+00 -7.413022178422E-01 -4.826281875833E-03 -2.250963550899E-01  5.814122538793E+00  9.225198434389E-02 -3.067487877591E-01  2.144968034121E-01 -3.102978586655E-01 -1.430135058889E-03 -2.226238900233E-05  1.080703228792E-05  1.460711899141E-05  6.298931550775E-01  2.226238914451E-05  1.400633595823E-03 -4.520034692023E-20  1.789106275925E-20  4.423690842429E-20 -1.887740533283E-02
  6.800000000000E+01  7.000000000000E+01  1.864506370505E+01  2.302424148328E-13 -1.450541120095E-02  3.509564337473E+02  8.799988002812E-01  1.201716369819E+00 -7.370820056817E-01 -4.551435777615E-03 -2.245951871475E-01  5.703018219540E+00  8.777131716448E-02 -2.954972848052E-01  2.077259676436E-01 -2.944908064473E-01 -7.849012118740E-04 -4.039789279776E-05  1.036693462780E-05  2.266949066423E-05  6.049064326978E-01  4.039789282410E-05  3.203420699256E-04  2.652996597820E-20  5.450304122735E-21 -1.410668874734E-20 -1.800729200213E-02
  7.200000000000E+01  7.400000000000E+01  1.879369745730E+01  2.517497182941E-13 -1.434421700332E-02  3.565035355050E+02  8.791005624332E-01  1.191156645861E+00 -7.326862914861E-01 -4.348800540822E-03 -2.247923115383E-01  5.603622971414E+00  8.347174660228E-02 -2.851605582119E-01  2.016888116105E-01 -2.814934522552E-01 -8.996870605551E-04 -2.775180709054E-05  9.480013077154E-06 -1.217850422891E-05  5.834351254577E-01  2.775180716402E-05 -2.315171696767E-04 -1.858832977060E-20 -5.848046858521E-21  1.719465616960E-20 -1.719322027515E-02
  7.600000000000E+01  7.800000000000E+01  1.893677774729E+01  2.942207085604E-13 -1.464159604125E-02  3.618893179532E+02  8.772196720730E-01  1.179998601748E+00 -7.279922244382E-01 -4.099094935018E-03 -2.338682216174E-01  5.507881827595E+00  7.872357132933E-02 -2.753888791485E-01  1.966653078188E-01 -2.688451750968E-01 -4.501564155887E-04  2.038674199629E-05  9.983258790710E-06 -2.644860780108E-05  5.615139477418E-01 -2.038674119610E-05 -1.133712793112E-03  5.008324474303E-21 -5.340449162762E-21  4.067464870147E-21 -1.643519957975E-02
  8.000000000000E+01  8.200000000000E+01  1.907448499064E+01  3.217797683401E-13 -1.499730762520E-02  3.671154547106E+02  8.746114185716E-01  1.168366006901E+00 -7.233156999236E-01 -3.851232392503E-03 -2.441776857454E-01  5.415569203613E+00  7.478002335209E-02 -2.669347023464E-01  1.921546789954E-01 -2.569253821135E-01  2.184686878320E-04 -1.072029008102E-06  1.044980336465E-05  3.115260035673E-05  5.397932711310E-01  1.072028391086E-06 -1.753636636004E-03  1.649469335174E-20 -1.158934239814E-20 -1.192126559202E-20 -1.569976210776E-02
  8.400000000000E+01  8.600000000000E+01  1.920677238167E+01  3.502753480785E-13 -1.541871194269E-02  3.721744745805E+02  8.713777103092E-01  1.156887903386E+00 -7.184154188336E-01 -3.555849593584E-03 -2.556830903911E-01  5.330720001034E+00  7.160809998803E-02 -2.593486468932E-01  1.877405468980E-01 -2.451483393129E-01  5.544971922809E-04 -1.306624483030E-05  6.676090930125E-06  5.110728389064E-05  5.196892704055E-01  1.306624532443E-05 -1.840889964779E-03  1.903781348962E-20 -5.034045926004E-21  4.410438643433E-20 -1.499599525633E-02
  8.800000000000E+01  9.000000000000E+01  1.933437080208E+01  4.093504910041E-13 -1.578819666358E-02  3.770886319537E+02  8.677280922367E-01  1.145473948304E+00 -7.136968570818E-01 -3.306432212429E-03 -2.661822376811E-01  5.244063478791E+00  6.842944277481E-02 -2.515931812017E-01  1.831637384308E-01 -2.344575144192E-01  1.152121442322E-04  9.033782161408E-07  1.244341683773E-06  9.744377867784E-06  5.024809433836E-01 -9.033781827847E-07 -1.717848406597E-03  4.946213361490E-20 -2.579785986898E-20  7.342649788378E-22 -1.435845514724E-02
  9.200000000000E+01  9.400000000000E+01  1.945799266878E+01  4.465929535902E-13 -1.624836441530E-02  3.818787135065E+02  8.638532449354E-01  1.131984817933E+00 -7.085550551124E-01 -2.992632668216E-03 -2.793806694407E-01  5.161022395495E+00  6.552070135563E-02 -2.438475666135E-01  1.783268652590E-01 -2.247700310603E-01  4.029866266968E-04  3.313384369396E-06 -3.510051363003E-06 -2.113177637082E-05  4.869462312374E-01 -3.313383969871E-06 -1.460219498714E-03  2.286784721220E-20 -1.180392351953E-20  1.969760852881E-20 -1.378040934076E-02
  9.600000000000E+01  9.800000000000E+01  1.957783577558E+01  4.629076959713E-13 -1.650047606994E-02  3.865515317094E+02  8.598262047776E-01  1.116862878014E+00 -7.034531199148E-01 -2.698836388494E-03 -2.869697160766E-01  5.081506002960E+00  6.278608107767E-02 -2.362128724133E-01  1.734267913343E-01 -2.163294377655E-01  5.110373879812E-04  2.106958489721E-05 -6.844865272799E-06  5.230110075006E-06  4.725799714572E-01 -2.106958482027E-05 -2.705346994360E-03  8.628385404611E-20  2.655780005997E-21 -5.297547099885E-20 -1.324926080262E-02
  1.000000000000E+02  1.020000000000E+02  1.969432782052E+01  5.034442631298E-13 -1.752028970552E-02  3.911216634097E+02  8.555469673258E-01  1.102336878036E+00 -6.982369716166E-01 -2.439113349978E-03 -3.104943741784E-01  4.996085136246E+00  5.978285759824E-02 -2.286666680729E-01  1.688838104776E-01 -2.077419556161E-01  1.576613951223E-03 -6.644793026647E-06 -9.511807566983E-06  1.583800737938E-05  4.581408240710E-01  6.644793429704E-06 -6.112358704113E-03  5.196920536682E-20 -7.129664522657E-21 -3.925316281929E-20 -1.268830254108E-02
  1.040000000000E+02  1.060000000000E+02  1.980694134559E+01  5.209834577635E-13 -1.950235954308E-02  3.955636447079E+02  8.508176260881E-01  1.089072527763E+00 -6.931572305462E-01 -2.085088806327E-03 -3.532111653087E-01  4.920250465278E+00  5.738730131445E-02 -2.223957758705E-01  1.650084745500E-01 -1.984170144034E-01  2.168912759155E-03 -6.933394619445E-06 -1.229137152860E-05  2.579448724890E-06  4.429217106490E-01  6.933394347147E-06 -8.969334294732E-03  3.198628742335E-22 -2.124393488148E-20  6.434155593794E-21 -1.215348583304E-02
  1.080000000000E+02  1.100000000000E+02  1.991574682673E+01  5.074563778444E-13 -2.197852946937E-02  3.998766904103E+02  8.457606696782E-01  1.075422438692E+00 -6.877638348958E-01 -1.740627424494E-03 -4.068915193072E-01  4.846216282340E+00  5.511112752563E-02 -2.164974301637E-01  1.613863026385E-01 -1.902120749675E-01  2.593151015731E-03 -1.393439289336E-06 -1.265483780468E-05  5.051019800024E-06  4.280300462805E-01  1.393439511300E-06 -1.020579683256E-02  7.544999321497E-21  3.680147042385E-22  1.343563678775E-20 -1.165308672985E-02
  1.120000000000E+02  1.140000000000E+02  2.002091324373E+01  5.146309119593E-13 -2.459556110544E-02  4.040650604755E+02  8.406179949684E-01  1.061267253562E+00 -6.823405148829E-01 -1.372337584342E-03 -4.626425239529E-01  4.772932794038E+00  5.270104238549E-02 -2.104581373558E-01  1.577570949688E-01 -1.826506515159E-01  3.121978087075E-03 -2.360749398968E-05 -1.088370141439E-05 -1.670993631124E-05  4.142610618853E-01  2.360749366838E-05 -1.148803208994E-02 -6.869369207517E-20  1.616183414245E-20 -8.813570250387E-21 -1.123000038773E-02
  1.160000000000E+02  1.180000000000E+02  2.012285889825E+01  5.170514387013E-13 -2.778178608436E-02  4.081416398953E+02  8.354926075135E-01  1.047753040323E+00 -6.767486618560E-01 -1.043789584516E-03 -5.292345306682E-01  4.704609767490E+00  5.086579411513E-02 -2.045735387121E-01  1.537077446015E-01 -1.762102839091E-01  3.637845725103E-03 -4.947448530178E-05 -9.110121765435E-06 -2.429610986230E-05  4.029479413726E-01  4.947448572616E-05 -1.355738982199E-02 -7.566272387853E-20  1.941758224345E-21  3.840527511775E-21 -1.082716526138E-02
  1.200000000000E+02  1.220000000000E+02  2.022228072775E+01  5.052617433240E-13 -3.140766817158E-02  4.121370952316E+02  8.304437153938E-01  1.035095497902E+00 -6.711856298073E-01 -7.520102377164E-04 -6.055675283249E-01  4.640038754014E+00  4.906985789396E-02 -1.991855825168E-01  1.501157246170E-01 -1.703204948011E-01  4.335015693197E-03 -2.530606092053E-05 -5.053878990672E-06  2.096840787107E-06  3.916651890981E-01  2.530606097967E-05 -1.479264303341E-02  1.112664761371E-20  4.827839633626E-20 -4.245140400883E-22 -1.043673979190E-02
  1.240000000000E+02  1.260000000000E+02  2.031867583355E+01  5.136306253003E-13 -3.519476961673E-02  4.160290088101E+02  8.254781583251E-01  1.024969528918E+00 -6.655858790665E-01 -3.549475252428E-04 -6.869194564172E-01  4.581312264745E+00  4.687815003449E-02 -1.943245380852E-01  1.474463880509E-01 -1.637426641161E-01  4.857631475760E-03  5.575840031451E-06 -2.455229574562E-06  2.847725728873E-05  3.802754228370E-01 -5.575839377863E-06 -1.531946658859E-02 -1.865563846196E-20 -6.939383374884E-21 -5.280599842651E-21 -1.005719953123E-02
  1.280000000000E+02  1.300000000000E+02  2.041250246009E+01  5.167952454865E-13 -3.911578467120E-02  4.198347314984E+02  8.204853314253E-01  1.014823609275E+00 -6.598834734596E-01 -2.951010890160E-05 -7.723284724840E-01  4.514158479106E+00  4.477861700644E-02 -1.887409884342E-01  1.439623714278E-01 -1.577184479198E-01  4.909522418075E-03  2.557125408094E-05 -3.969828202220E-06  1.225477735120E-05  3.677362433030E-01 -2.557125472543E-05 -1.744823222168E-02  2.454442748878E-20 -3.569266199467E-20 -3.596592755641E-20 -9.655349314303E-03
  1.320000000000E+02  1.340000000000E+02  2.050259161667E+01  5.052995383226E-13 -4.396350210374E-02  4.235016840311E+02  8.152456355090E-01  1.005537757930E+00 -6.544535859357E-01  2.048695235423E-04 -8.769460655941E-01  4.448802419521E+00  4.290293234003E-02 -1.836620302184E-01  1.407590978797E-01 -1.511289190398E-01  5.552116420775E-03  1.517995580161E-05 -6.664967416876E-06  4.919289579656E-06  3.561458414444E-01 -1.517995495832E-05 -2.015478859282E-02 -3.209309346840E-20 -3.956237055727E-20  5.081210330389E-20 -9.270168757555E-03
  1.360000000000E+02  1.380000000000E+02  2.059057371750E+01  5.352552163070E-13 -4.920168821996E-02  4.270992758188E+02  8.097001172343E-01  9.973386947534E-01 -6.486933256010E-01  6.318990013224E-04 -9.901719087041E-01  4.392988566516E+00  4.143063469068E-02 -1.794304447084E-01  1.379998100220E-01 -1.458330437474E-01  5.890107530891E-03 -6.971801975168E-06 -8.731849980833E-06 -6.431862213561E-06  3.472654299685E-01  6.971801248661E-06 -2.099240886036E-02  9.459714443140E-21 -4.518398406163E-20 -7.570205115634E-20 -8.968948410895E-03
  1.400000000000E+02  1.420000000000E+02  2.067615712961E+01  5.747717406190E-13 -5.447928603398E-02  4.306134220507E+02  8.039226220164E-01  9.897254863034E-01 -6.431042992902E-01  9.556709229043E-04 -1.105591387735E+00  4.336144143184E+00  4.032333665314E-02 -1.757801732736E-01  1.354568366228E-01 -1.410270383268E-01  5.673485744860E-03 -3.765128888021E-06 -8.599030548903E-06 -3.861590417841E-05  3.372638314322E-01  3.765130368050E-06 -2.052308585595E-02 -5.724459352877E-20  1.741921752270E-20  3.703370180508E-20 -8.657719288918E-03
  1.440000000000E+02  1.460000000000E+02  2.075916920802E+01  5.784194292517E-13 -5.953790245103E-02  4.340384758565E+02  7.979731633060E-01  9.814982692568E-01 -6.372934156948E-01  1.394045810317E-03 -1.216590697127E+00  4.281397629626E+00  3.929148644593E-02 -1.717958546805E-01  1.325043682334E-01 -1.357623342952E-01  5.399184645050E-03  2.855072785020E-05 -7.012502924265E-06 -2.131102059409E-05  3.268131201947E-01 -2.855072791231E-05 -1.939841858181E-02  1.295739584093E-20  4.519933335855E-22 -9.864229003106E-21 -8.324499226811E-03
  1.480000000000E+02  1.500000000000E+02  2.083960927427E+01  5.862062941545E-13 -6.419200036934E-02  4.373713678636E+02  7.919222507929E-01  9.727218336051E-01 -6.318278354750E-01  1.882496189883E-03 -1.318772385465E+00  4.229555373436E+00  3.830036475247E-02 -1.681359661504E-01  1.298356013956E-01 -1.308292687362E-01  4.800954850896E-03  2.258619636166E-05 -6.862289372388E-06 -1.704888836644E-05  3.179948418188E-01 -2.258619589268E-05 -1.851949850861E-02  1.971644352800E-20  1.495707937835E-20  9.196073119095E-21 -8.050035453655E-03
  1.520000000000E+02  1.540000000000E+02  2.091821719231E+01  5.913349520696E-13 -6.878312702107E-02  4.406369620333E+02  7.859745890780E-01  9.635262612105E-01 -6.260448047616E-01  2.261195315744E-03 -1.420898755828E+00  4.182015728959E+00  3.700529238660E-02 -1.649369906881E-01  1.279316983055E-01 -1.266809394647E-01  4.394457817193E-03 -1.917071252540E-05 -7.665862485188E-06 -5.234643791864E-05  3.097525728786E-01  1.917071230813E-05 -1.766590843217E-02 -1.522451181968E-20  2.834959080007E-21 -1.696863423060E-20 -7.789576935132E-03
  1.560000000000E+02  1.580000000000E+02  2.099445614665E+01  5.815392854769E-13 -7.309540818251E-02  4.438143890321E+02  7.803695834517E-01  9.549603127783E-01 -6.205195334134E-01  2.749017968339E-03 -1.518530563247E+00  4.134503904810E+00  3.573184011929E-02 -1.616111091489E-01  1.258792690252E-01 -1.227254815164E-01  4.181563705317E-03 -6.033852459341E-06 -5.737951760290E-06 -5.209329717957E-05  3.018431565320E-01  6.033852761923E-06 -1.628882372303E-02  1.108941713747E-20  4.174874935345E-20  1.263972255830E-20 -7.557289546334E-03
  1.600000000000E+02  1.620000000000E+02  2.106912521733E+01  5.816814853861E-13 -7.697160291858E-02  4.469380984623E+02  7.751014889009E-01  9.471284520889E-01 -6.148284879330E-01  3.116003618817E-03 -1.606857747857E+00  4.084649352267E+00  3.433133126252E-02 -1.578412591628E-01  1.235099278980E-01 -1.192122680482E-01  4.355963806572E-03  1.702704052313E-05 -1.227107560000E-06 -2.643163564044E-05  2.934896408205E-01 -1.702704075676E-05 -1.476742861467E-02  1.247924376971E-20  1.585276510768E-21 -1.185079793493E-20 -7.320683350909E-03
  1.640000000000E+02  1.660000000000E+02  2.114131864141E+01  5.744829218816E-13 -8.044827753456E-02  4.499693961663E+02  7.699690856730E-01  9.396585122485E-01 -6.092902459841E-01  3.541110149756E-03 -1.686852148898E+00  4.037803110826E+00  3.344548593729E-02 -1.548535179268E-01  1.214080319890E-01 -1.149094863313E-01  3.904568359642E-03 -1.503991096909E-05  9.302791036930E-07 -1.604820234459E-05  2.856614404888E-01  1.503991092127E-05 -1.437416606111E-02 -2.690077947193E-21  2.424551803847E-20 -3.231971314706E-20 -7.068874630867E-03
  1.680000000000E+02  1.700000000000E+02  2.121206216438E+01  5.541808817400E-13 -8.413972628189E-02  4.529483341300E+02  7.649852628262E-01  9.321485296384E-01 -6.037178590165E-01  3.890243041724E-03 -1.771450955572E+00  3.993508885959E+00  3.206929637245E-02 -1.515684453494E-01  1.194991489751E-01 -1.112204343240E-01  4.023085531710E-03 -1.840515478811E-05 -2.159455216242E-07 -2.062547327761E-05  2.809026049553E-01  1.840515457988E-05 -1.483354410233E-02 -1.820233981651E-20 -8.045115149671E-22 -2.900779756622E-22 -6.865309716633E-03
  1.720000000000E+02  1.740000000000E+02  2.128178002120E+01  5.522870633046E-13 -8.789301671608E-02  4.558912923734E+02  7.601363444937E-01  9.246357954241E-01 -5.982014971148E-01  4.280230813103E-03 -1.857769045099E+00  3.948827511391E+00  3.097061992370E-02 -1.481608617312E-01  1.171902418043E-01 -1.082583600816E-01  4.181368988024E-03 -4.619389859411E-06 -7.153574378012E-07 -9.179614725195E-06  2.747606168959E-01  4.619389912960E-06 -1.467780716403E-02  3.035507040417E-20 -3.898622022741E-20  4.283683088381E-20 -6.660899124580E-03
  1.760000000000E+02  1.780000000000E+02  2.134944990246E+01  5.484009473385E-13 -9.148625255008E-02  4.587554310591E+02  7.551946817246E-01  9.179663740403E-01 -5.925097662237E-01  4.583688241695E-03 -1.942361825388E+00  3.903716549056E+00  2.981534563636E-02 -1.449687242712E-01  1.151533786360E-01 -1.047952871265E-01  4.025644904697E-03 -3.091245824554E-05 -7.570855792530E-07  1.036149312196E-05  2.675251019606E-01  3.091245815747E-05 -1.422346863676E-02  8.875783835811E-21 -4.590800390750E-21  3.153702865895E-20 -6.446997059105E-03
  1.800000000000E+02  1.820000000000E+02  2.141552580648E+01  5.268827827735E-13 -9.494295574550E-02  4.615627124107E+02  7.500839474720E-01  9.110961710968E-01 -5.871385573245E-01  5.006586094286E-03 -2.024336219680E+00  3.863628790765E+00  2.948422077111E-02 -1.425883038403E-01  1.131040830696E-01 -1.018162203765E-01  3.802040484105E-03 -1.069099570160E-05 -7.454579038595E-07  9.008447780326E-07  2.612797138840E-01  1.069099580681E-05 -1.407153495356E-02  3.644803624454E-20 -7.775580550041E-22 -2.761670134962E-21 -6.274285457428E-03
  1.840000000000E+02  1.860000000000E+02  2.148008869181E+01  5.172744420301E-13 -9.847612904469E-02  4.643136726112E+02  7.449069935428E-01  9.044384009667E-01 -5.814789685738E-01  5.306448918391E-03 -2.108037562776E+00  3.823281379207E+00  2.876719466659E-02 -1.397972834195E-01  1.110300887510E-01 -9.900199060626E-02  3.472356009003E-03  2.337400480372E-05 -1.896199065825E-06 -2.193066750722E-05  2.559363001902E-01 -2.337400484659E-05 -1.465495772854E-02  4.667629165853E-20  2.582740791328E-20 -2.448380880237E-20 -6.092165332989E-03
  1.880000000000E+02  1.900000000000E+02  2.154351243671E+01  5.128555381299E-13 -1.022950333410E-01  4.670274262288E+02  7.397622239460E-01  8.984625634927E-01 -5.761976404690E-01  5.688772443304E-03 -2.198142419294E+00  3.786693780716E+00  2.786437235090E-02 -1.370215445768E-01  1.091571722232E-01 -9.597822964637E-02  3.519099131126E-03  6.516848693391E-06 -6.219041975821E-06 -1.740929247974E-05  2.507598326241E-01 -6.516848809581E-06 -1.521860171607E-02  3.425327988661E-20 -2.068664715166E-20  3.931556637243E-20 -5.900214930588E-03
  1.920000000000E+02  1.940000000000E+02  2.160540417362E+01  4.954067249023E-13 -1.060764730435E-01  4.696814296826E+02  7.346918594166E-01  8.914425144962E-01 -5.704753568523E-01  6.033984594144E-03 -2.286766084477E+00  3.743098606670E+00  2.708535620053E-02 -1.338725085310E-01  1.067871523297E-01 -9.298266902882E-02  3.686391024479E-03  6.084651141295E-06 -1.068792489784E-05  1.483333154150E-05  2.427047279408E-01 -6.084651190024E-06 -1.489977892658E-02 -1.628157995156E-20 -9.456589744221E-21  4.902493181705E-20 -5.698511150765E-03
  1.960000000000E+02  1.980000000000E+02  2.166479409321E+01  4.792205706335E-13 -1.096566310102E-01  4.722389060915E+02  7.296612983451E-01  8.851362890387E-01 -5.653748370154E-01  6.419907561971E-03 -2.370446550513E+00  3.703021169220E+00  2.638238352965E-02 -1.308664928110E-01  1.044841092809E-01 -8.942206541470E-02  3.150360261206E-03  4.920631420642E-06 -1.394015195165E-05  3.554462328586E-06  2.370152834613E-01 -4.920631732700E-06 -1.511981515827E-02 -6.322702085557E-20  2.378915693351E-20  2.389214921018E-21 -5.506782862592E-03
  2.000000000000E+02  2.020600000000E+02  2.172392452763E+01  4.655956384325E-13 -1.135784074881E-01  4.747892257099E+02  7.241191055075E-01  8.787772778046E-01 -5.596097019062E-01  6.820334500617E-03 -2.461916205796E+00  3.669175186152E+00  2.502699759117E-02 -1.266169708820E-01  1.015899732900E-01 -8.715838924365E-02  3.358579089278E-03 -1.883871856158E-06 -1.822720252863E-05 -2.538135480298E-05  2.312334066725E-01  1.883871835183E-06 -1.544707515756E-02  2.993125562729E-20 -3.466186440722E-20  7.893840654629E-21 -5.401994278722E-03
  2.041200000000E+02  2.062418000000E+02  2.178383577670E+01  4.448694537751E-13 -1.175945725020E-01  4.773829613663E+02  7.183465371423E-01  8.733687246277E-01 -5.541029668773E-01  7.241391429334E-03 -2.556011472591E+00  3.638397203063E+00  2.333192604681E-02 -1.220328072005E-01  9.870088115263E-02 -8.586209356180E-02  3.390198676773E-03 -2.016303268601E-05 -2.174009874033E-05 -1.226002173894E-05  2.272064516562E-01  2.016303271341E-05 -1.609714541359E-02 -8.421733757692E-21 -3.685431670744E-20  1.083227018385E-20 -5.296464026875E-03
  2.083636000000E+02  2.105490540000E+02  2.184433958053E+01  4.257242799029E-13 -1.220702131123E-01  4.800071952656E+02  7.125447100488E-01  8.671111055354E-01 -5.481217078778E-01  7.490234765415E-03 -2.661190730947E+00  3.605414504422E+00  2.129150433055E-02 -1.173871341009E-01  9.609562977081E-02 -8.378139578708E-02  3.805105888433E-03  2.332704343161E-06 -2.187791442476E-05 -1.534671699301E-05  2.227911481198E-01 -2.332705337655E-06 -1.798693701246E-02  5.780399452863E-20  4.920225583402E-20  3.218928819212E-20 -5.186232663321E-03
  2.127345080000E+02  2.149855256200E+02  2.190555472437E+01  4.078447163325E-13 -1.273974723833E-01  4.826684084579E+02  7.066925152963E-01  8.598434367357E-01 -5.422456012949E-01  7.890062051319E-03 -2.785126338042E+00  3.569400665063E+00  1.957195494006E-02 -1.124991055007E-01  9.292715055820E-02 -8.203758238366E-02  4.713458972138E-03  1.154408762207E-05 -2.243799679062E-05 -3.788711514828E-05  2.167789162635E-01 -1.154408741616E-05 -2.060894048531E-02 -6.166042120571E-21  8.300236971057E-21  3.297744644432E-20 -5.064466865946E-03
  2.172365432400E+02  2.195550913886E+02  2.196637881491E+01  3.910777049421E-13 -1.336768281687E-01  4.853192311234E+02  7.007361099170E-01  8.521557358049E-01 -5.360290612490E-01  8.169289628745E-03 -2.930417978792E+00  3.537102245918E+00  1.798014961336E-02 -1.073415194344E-01  8.936136982119E-02 -8.006962495443E-02  5.436489113991E-03  2.597396794785E-06 -2.492633678318E-05 -3.056508318844E-05  2.106716992608E-01 -2.597397135394E-06 -2.351199716250E-02 -5.505367138725E-20  2.324875293532E-20  1.809400305310E-20 -4.955988518039E-03
  2.218736395372E+02  2.242617441303E+02  2.202766594452E+01  3.834695709119E-13 -1.409851643251E-01  4.879961637370E+02  6.946636296337E-01  8.449248643950E-01 -5.298181369209E-01  8.513170301100E-03 -3.101038632494E+00  3.505917424268E+00  1.653529715525E-02 -1.023506469114E-01  8.581534975657E-02 -7.850575569731E-02  6.134895323821E-03  1.007188546485E-05 -2.752480803661E-05 -1.875497687884E-05  2.056536058560E-01 -1.007188512544E-05 -2.443971871166E-02 -3.439879821259E-20  2.025781688141E-20 -4.718673830807E-21 -4.855355818362E-03
  2.266498487233E+02  2.291095964542E+02  2.208913413424E+01  3.839970771913E-13 -1.482401374720E-01  4.906859157601E+02  6.885053390398E-01  8.386298761286E-01 -5.233329508987E-01  8.841554403852E-03 -3.271801664389E+00  3.471062219157E+00  1.476629009778E-02 -9.724992434310E-02  8.248363424562E-02 -7.676057483120E-02  6.038700955231E-03  1.090892158098E-05 -3.011911690326E-05 -2.186974256288E-05  1.987742019763E-01 -1.090892184535E-05 -2.381103635159E-02  5.652350339377E-20  1.937544634115E-20  1.644696714768E-20 -4.718324297290E-03
  2.315693441850E+02  2.341028843478E+02  2.214987136842E+01  3.871281004098E-13 -1.556593078647E-01  4.933510122437E+02  6.821927828413E-01  8.315829864032E-01 -5.168821850103E-01  9.275700857677E-03 -3.446309038053E+00  3.433230307428E+00  1.266508496423E-02 -9.196448288912E-02  7.929939792249E-02 -7.425841246238E-02  6.204175658108E-03  5.768833161532E-06 -3.078823739557E-05 -7.234666317902E-06  1.909710624114E-01 -5.768833076709E-06 -2.274267612775E-02 -1.844064951156E-20 -5.781076977766E-21  8.759619266521E-21 -4.572888254803E-03
  2.366364245106E+02  2.392459708782E+02  2.221004501070E+01  3.867172785702E-13 -1.626445154228E-01  4.959995032478E+02  6.756071214631E-01  8.237390998178E-01 -5.101181234420E-01  9.639940382587E-03 -3.611886794332E+00  3.396831769938E+00  1.066034059757E-02 -8.645045927717E-02  7.579011868042E-02 -7.200678270144E-02  5.668026729816E-03  2.563867701028E-05 -2.790831310656E-05  4.444498580469E-06  1.830394523408E-01 -2.563867681125E-05 -2.040485760651E-02 -5.237613305334E-20  1.249668727905E-20 -1.902218328213E-20 -4.420452913870E-03
  2.418555172459E+02  2.445433500046E+02  2.226926035656E+01  3.831630221440E-13 -1.689504616191E-01  4.986125748414E+02  6.687271508431E-01  8.144174347196E-01 -5.033957237498E-01  1.001256806739E-02 -3.763877895195E+00  3.366237108719E+00  8.845787578653E-03 -8.161704365902E-02  7.277125607950E-02 -6.954303683097E-02  4.918275905105E-03  2.816474408632E-05 -2.386744172169E-05 -7.587252394841E-07  1.764116361217E-01 -2.816474404645E-05 -1.747424063431E-02  7.110835536048E-21 -1.565818819050E-20  2.807548098019E-20 -4.279780466906E-03
  2.472311827633E+02  2.499996505047E+02  2.232859105552E+01  3.826042260791E-13 -1.743916520756E-01  5.012370833953E+02  6.614858677704E-01  8.039390778022E-01 -4.963565347215E-01  1.031905565005E-02 -3.896737252422E+00  3.333220183174E+00  6.956248703772E-03 -7.672465763635E-02  6.976840893189E-02 -6.754631823558E-02  4.295333163273E-03  1.269567653417E-05 -1.983196264772E-05  2.859438532802E-06  1.707204158217E-01 -1.269567665038E-05 -1.502543744308E-02  2.116235659954E-20 -5.111981530368E-21  6.772309879838E-21 -4.162425148612E-03
  2.527681182462E+02  2.556196400198E+02  2.238739441747E+01  3.873730503035E-13 -1.793587924080E-01  5.038432858788E+02  6.540619573922E-01  7.951283623340E-01 -4.891859426840E-01  1.044770758459E-02 -4.020198057442E+00  3.307592607493E+00  5.256771680855E-03 -7.170933561657E-02  6.645256393616E-02 -6.582859209098E-02  4.154636869909E-03  1.294592387816E-05 -1.590867189773E-05  1.539153609882E-05  1.674530382277E-01 -1.294592368820E-05 -1.220675171482E-02  5.307625411396E-20  2.966896314952E-20  2.655381843873E-20 -4.092881054776E-03
  2.584711617935E+02  2.614082292204E+02  2.244793655005E+01  3.916297402114E-13 -1.830812598668E-01  5.065353312052E+02  6.468204988608E-01  7.861573740308E-01 -4.818972790424E-01  1.065584866102E-02 -4.118133832578E+00  3.284994109531E+00  3.921316511425E-03 -6.668008491268E-02  6.275876840068E-02 -6.538555157990E-02  3.476002563059E-03  2.036564288811E-05 -1.129895803895E-05  1.141723587520E-05  1.658931534091E-01 -2.036564299970E-05 -9.570102888481E-03 -1.843633512706E-20 -1.195734581801E-20  7.672188450005E-20 -4.063713607363E-03
  2.643452966473E+02  2.673704760971E+02  2.250920123486E+01  3.893052662648E-13 -1.863500138843E-01  5.092721910202E+02  6.399428017949E-01  7.781829461133E-01 -4.745904174713E-01  1.047264996979E-02 -4.207132365956E+00  3.257798927997E+00  2.086717670993E-03 -6.143252832202E-02  5.934581065034E-02 -6.419148521674E-02  2.908087450976E-03  1.030082098707E-05 -5.049041109801E-06  3.336493083085E-06  1.610607640823E-01 -1.030082110501E-05 -9.183332454566E-03  2.516041426072E-20  2.794152437367E-20  3.800297049320E-20 -3.957492965276E-03
  2.703956555468E+02  2.735115903800E+02  2.256978032643E+01  3.784297990713E-13 -1.899886926309E-01  5.119811410838E+02  6.331319065275E-01  7.691429210002E-01 -4.670833936652E-01  1.046266459554E-02 -4.303966069269E+00  3.228156733453E+00  2.892702526343E-04 -5.594383622909E-02  5.565456597774E-02 -6.242863072316E-02  2.960190678202E-03  9.924999937447E-06 -3.581781998442E-07  7.438385763949E-06  1.565068976751E-01 -9.925000066915E-06 -1.031464250339E-02  2.475352018460E-20 -7.615559900037E-21 -3.999023074575E-20 -3.866097319891E-03
  2.766275252132E+02  2.798369380914E+02  2.263115810433E+01  3.652843560039E-13 -1.943366955930E-01  5.147371154713E+02  6.256972590106E-01  7.586161251558E-01 -4.595217311439E-01  1.004588548628E-02 -4.416600504171E+00  3.205892812451E+00 -4.398829267423E-04 -5.121941444686E-02  5.165929737418E-02 -6.141299762621E-02  3.594670003007E-03  5.717985979139E-06  2.999262298196E-07  1.025671068668E-05  1.518370063478E-01 -5.717986279279E-06 -1.043122569372E-02 -2.390634927494E-20 -5.171569155162E-21  2.876969794705E-20 -3.793068998586E-03
  2.830463509696E+02  2.863520462341E+02  2.269160470522E+01  3.584783442312E-13 -1.983171166123E-01  5.174535975069E+02  6.176866679334E-01  7.503751683783E-01 -4.513786831966E-01  9.896365903778E-03 -4.519264974634E+00  3.180575600862E+00 -1.844501887038E-03 -4.611346183093E-02  4.795796371961E-02 -5.976907939128E-02  3.477055439383E-03  2.410582595528E-06  1.421243243757E-06  1.397773776160E-05  1.461999755087E-01 -2.410582451930E-06 -7.051090869566E-03  1.354755943306E-20 -1.370389980399E-20  2.517654356096E-20 -3.683999431695E-03
  2.896577414987E+02  2.930626076211E+02  2.275195984549E+01  3.540773646504E-13 -2.001409686064E-01  5.201716618710E+02  6.093353932620E-01  7.414573215503E-01 -4.435974781582E-01  9.336371708779E-03 -4.573239364419E+00  3.158429664134E+00 -3.487902842216E-03 -4.156475455357E-02  4.505265739517E-02 -5.820734849897E-02  2.225952988308E-03  4.148446519325E-07  6.024542017364E-06  2.170447571223E-05  1.415588436751E-01 -4.148448858449E-07 -3.810695250580E-03  1.097834095001E-20 -3.075146252736E-20 -2.557135767521E-20 -3.599696973417E-03
  2.964674737436E+02  2.999744858498E+02  2.281208215039E+01  3.492949679496E-13 -2.015428619580E-01  5.228865980921E+02  6.007932077810E-01  7.345328916665E-01 -4.352271380358E-01  9.157081160824E-03 -4.615904884817E+00  3.149217946375E+00 -4.686114918408E-03 -3.723086991648E-02  4.191698483517E-02 -5.716844672384E-02  1.819280060768E-03  2.682537076584E-06  1.155902205453E-05  2.010248741920E-05  1.390360308691E-01 -2.682537053971E-06 -3.222685515883E-03  4.616593931528E-20  9.251519807205E-21 -2.082244931178E-20 -3.554836222299E-03
  3.034814979559E+02  3.070937204253E+02  2.287383686735E+01  3.450011295166E-13 -2.029961781707E-01  5.256791362096E+02  5.922360846352E-01  7.279695323986E-01 -4.271172077627E-01  8.497652819340E-03 -4.657681107957E+00  3.136166819377E+00 -5.641888734904E-03 -3.262643683616E-02  3.826832557275E-02 -5.680413040600E-02  1.816388322008E-03 -1.359387759206E-06  1.560967799981E-05  1.759124449640E-05  1.363667641204E-01  1.359387509702E-06 -2.419943018970E-03  6.825769268760E-20  2.196010281840E-20  3.222119680748E-20 -3.515644355556E-03
  3.107059428946E+02  3.144265320380E+02  2.293522002120E+01  3.340685506004E-13 -2.037920249884E-01  5.284612686889E+02  5.836080339604E-01  7.222600780361E-01 -4.184953292117E-01  8.005281007084E-03 -4.685978999515E+00  3.122947620895E+00 -6.603324026580E-03 -2.827149762575E-02  3.487482165337E-02 -5.539652108394E-02  1.507520514896E-03 -4.383424959736E-06  1.673397188534E-05  6.679778502719E-06  1.324431357193E-01  4.383424953556E-06 -2.241564494428E-03 -5.384426571952E-21  4.999075141114E-21  3.544245842493E-20 -3.440103595376E-03
  3.181471211814E+02  3.219793279992E+02  2.299705828670E+01  3.125178657526E-13 -2.051365068087E-01  5.312720446592E+02  5.751899924977E-01  7.145982746768E-01 -4.100711871588E-01  7.244404784241E-03 -4.727389665030E+00  3.115557841007E+00 -7.063243561926E-03 -2.423001268842E-02  3.129325625052E-02 -5.475091794113E-02  1.231018610158E-03  2.469232868621E-07  1.445347103401E-05 -4.506725165885E-07  1.281959033852E-01 -2.469237950307E-07 -1.540658480068E-03 -2.354586992186E-20  1.875962123008E-20  6.612814693102E-22 -3.354861293470E-03
  3.258115348169E+02  3.297587078391E+02  2.305808624073E+01  2.883479519970E-13 -2.053401040303E-01  5.340560873907E+02  5.673691275695E-01  7.072605566380E-01 -4.012400906114E-01  6.650390357350E-03 -4.742987085135E+00  3.112170989636E+00 -8.139041704921E-03 -2.016403036344E-02  2.830307206883E-02 -5.268825773774E-02  8.371571471493E-04 -5.645070194822E-06  1.141176997396E-05  2.226794548544E-06  1.246892106654E-01  5.645070268788E-06  9.501567466952E-04  3.131920092500E-20  2.894730014708E-20 -2.863117861070E-20 -3.283566303485E-03
  3.337058808614E+02  3.377714690743E+02  2.312008408233E+01  2.647140701084E-13 -2.042769558520E-01  5.368797487577E+02  5.600862912123E-01  6.989987130263E-01 -3.922149215687E-01  5.901880809113E-03 -4.727801168389E+00  3.113995708910E+00 -8.612451579006E-03 -1.610181669045E-02  2.471426826957E-02 -5.242639951711E-02  3.243679696363E-04 -1.224512709396E-05  1.361211909842E-05  2.366672030559E-07  1.216366541864E-01  1.224512683303E-05  5.549581749466E-03 -2.718096319973E-20  6.649986590799E-21  5.893628792335E-20 -3.238430143648E-03
  3.418370572872E+02  3.460246131465E+02  2.318168960686E+01  2.464238281023E-13 -1.997262028535E-01  5.396894108885E+02  5.529995276737E-01  6.917935163664E-01 -3.830431957575E-01  5.372455331409E-03 -4.631924205273E+00  3.126608761036E+00 -8.861586902487E-03 -1.249686431197E-02  2.135845121430E-02 -5.153921789751E-02 -1.736326902762E-03 -1.856374042548E-05  1.735399484890E-05  5.148884348477E-06  1.203918702592E-01  1.856374043271E-05  9.260057772904E-03  3.085128940435E-20 -1.531155793723E-22  2.803081133361E-20 -3.258756576303E-03
  3.502121690058E+02  3.545253515409E+02  2.324612814813E+01  2.360677463694E-13 -1.945831304554E-01  5.426267197858E+02  5.462415691795E-01  6.840233568716E-01 -3.735379033628E-01  4.284093985069E-03 -4.520237875140E+00  3.134870169478E+00 -9.200887906098E-03 -9.133745003364E-03  1.833463290983E-02 -5.266929467529E-02 -1.704689570654E-03 -1.850611913908E-05  1.789151570837E-05  4.600635534833E-06  1.201294866261E-01  1.850611897974E-05  1.103193843726E-02  3.724315533908E-20  8.410917086947E-21  2.297856749793E-20 -3.297916925541E-03
  3.588385340760E+02  3.632811120872E+02  2.331123243270E+01  2.285411651592E-13 -1.878418637072E-01  5.456005781080E+02  5.398910229461E-01  6.758576788326E-01 -3.639319508821E-01  3.727607790734E-03 -4.370972287845E+00  3.142878024742E+00 -9.325285642772E-03 -5.390819312755E-03  1.471610495588E-02 -5.284935658733E-02 -2.365702362421E-03 -9.210632006805E-06  1.781253070932E-05  9.722856064045E-06  1.173749494511E-01  9.210631917307E-06  1.237768334275E-02 -8.359538057814E-20 -9.882230302562E-21  5.618230015097E-20 -3.307400237247E-03
  3.677236900983E+02  3.722995454498E+02  2.337649835628E+01  2.270170556170E-13 -1.808658449174E-01  5.485870397375E+02  5.332176945572E-01  6.698877708531E-01 -3.536871320137E-01  2.661767538808E-03 -4.210039669364E+00  3.157551936053E+00 -9.662767855550E-03 -1.751187413366E-03  1.141395526905E-02 -5.285807356864E-02 -1.845789770489E-03 -3.166129674642E-06  1.897195978603E-05  9.166418648969E-06  1.144196369487E-01  3.166129693720E-06  1.256703786811E-02  1.115274660915E-20 -9.953200174400E-21  9.230265660626E-21 -3.280341817990E-03
  3.768754008012E+02  3.815885318133E+02  2.344214875398E+01  2.271537726436E-13 -1.734849744702E-01  5.515951274665E+02  5.263060368079E-01  6.683752079581E-01 -3.440234930429E-01  1.765868706068E-03 -4.042995093738E+00  3.170860705985E+00 -9.690878726297E-03  1.633336678486E-03  8.057542048824E-03 -5.227606095903E-02 -2.064451337741E-03  2.313117067371E-06  1.948594234689E-05 -1.164045204161E-06  1.130037379017E-01 -2.313116986008E-06  9.521593731514E-03  5.419197884857E-21  8.548455024934E-21  1.965490535278E-20 -3.286527219049E-03
  3.863016628253E+02  3.911561877677E+02  2.350969722404E+01  2.157284096730E-13 -1.696079797742E-01  5.546960735958E+02  5.186674435652E-01  6.640993376725E-01 -3.330258555765E-01  6.239226156954E-04 -3.955110078805E+00  3.192854139740E+00 -1.014831286747E-02  5.061338132237E-03  5.086974735374E-03 -5.277534656587E-02 -8.448842027338E-04  5.441655159363E-06  1.745628283984E-05 -1.321719485951E-05  1.117456581371E-01 -5.441655317078E-06  7.624918860661E-03 -3.091373162775E-20  1.809869326054E-20  6.731267942739E-20 -3.305048796128E-03
  3.960107127100E+02  4.010108734007E+02  2.357780196895E+01  2.031672839224E-13 -1.641581299012E-01  5.578324119797E+02  5.100814487536E-01  6.600692499061E-01 -3.231858323959E-01 -3.022826757005E-04 -3.836600925244E+00  3.231194870031E+00 -1.017516537397E-02  7.809495360448E-03  2.365670013224E-03 -5.303318679661E-02 -1.258749386788E-03 -1.551177611996E-06  1.334265212028E-05 -2.543892905552E-05  1.152215252568E-01  1.551177497047E-06  8.977476196596E-03  1.823811589901E-20  1.978796980496E-20  3.487721502399E-20 -3.396010185500E-03
  4.060110340913E+02  4.111611996027E+02  2.365372592622E+01  2.088775356383E-13 -1.583903761564E-01  5.613444588251E+02  5.013892869437E-01  6.542596232033E-01 -3.121994473424E-01 -1.387044077291E-03 -3.708848590851E+00  3.270924931296E+00 -1.016579152915E-02  1.103120953867E-02 -8.654180086444E-04 -5.592139172608E-02 -1.648756863182E-03 -4.002939334034E-06  1.029638919289E-05 -2.668317271318E-05  1.201382709948E-01  4.002939425127E-06  8.370908999101E-03 -1.203195617531E-20  2.196079930905E-21  1.182122985388E-20 -3.556153229053E-03
  4.163113651141E+02  4.216160355908E+02  2.373245496549E+01  2.199158471069E-13 -1.534538523939E-01  5.649970860976E+02  4.925383137181E-01  6.443904687909E-01 -3.014632597542E-01 -1.841279002313E-03 -3.606435767311E+00  3.317510977545E+00 -1.041172388502E-02  1.392158909399E-02 -3.509865207729E-03 -5.763968522176E-02 -1.864937330981E-03 -7.486342224962E-06  5.790780730159E-06 -1.776803857675E-05  1.205116418849E-01  7.486342262377E-06  9.597389301900E-03 -2.663740216091E-20 -1.833589992530E-20 -1.277343801595E-20 -3.612080780641E-03
  4.269207060675E+02  4.323845166585E+02  2.381351602043E+01  2.253595666561E-13 -1.456938236986E-01  5.687648665386E+02  4.836843189049E-01  6.350602428172E-01 -2.907384304393E-01 -2.295302025872E-03 -3.431901539185E+00  3.366286644594E+00 -1.090695679025E-02  1.721971962608E-02 -6.312762835711E-03 -5.794384649513E-02 -3.045811158450E-03 -7.161927299788E-06  2.282755386734E-06 -1.724701334813E-05  1.184326976516E-01  7.161927401103E-06  1.161837758081E-02 -4.789815216637E-21  1.514264288865E-20  6.755388509965E-21 -3.619216224910E-03
  4.378483272495E+02  4.434760521583E+02  2.389421915143E+01  2.348713399695E-13 -1.376044256954E-01  5.725264108512E+02  4.747508377163E-01  6.295140094626E-01 -2.795623403151E-01 -2.220362732002E-03 -3.252114561848E+00  3.394186840201E+00 -1.175765617082E-02  1.988437329491E-02 -8.126717123132E-03 -5.740509133420E-02 -3.565823744967E-03 -2.390554682589E-06  9.356404563899E-07 -1.670292283075E-05  1.134826853436E-01  2.390554560289E-06  1.240320494461E-02  3.075120557796E-20  8.087554378457E-21  1.659424602369E-21 -3.536924110837E-03
  4.491037770670E+02  4.549003337230E+02  2.397315073583E+01  2.472479905998E-13 -1.282479875203E-01  5.762274206817E+02  4.651205698700E-01  6.232163217209E-01 -2.687696812864E-01 -2.537815651335E-03 -3.037608850597E+00  3.432655793470E+00 -1.196146915712E-02  2.231751889521E-02 -1.035604973758E-02 -5.575085702939E-02 -4.038346718232E-03 -2.041157422609E-05 -4.027421189222E-06 -1.243578467979E-05  1.095222632203E-01  2.041157445523E-05  8.538208298375E-03 -2.763638978881E-20  8.761223743750E-21  3.190630880096E-20 -3.461193770661E-03
  4.606968903790E+02  4.666673437347E+02  2.405284952144E+01  2.487819603103E-13 -1.252432531274E-01  5.799768463311E+02  4.551122147559E-01  6.207800763868E-01 -2.576362930414E-01 -2.312904726049E-03 -2.973549338897E+00  3.471991644644E+00 -1.285537214673E-02  2.472434163315E-02 -1.186896948714E-02 -5.509584634150E-02 -1.520246717170E-03 -1.825979753534E-05 -2.985035490117E-06 -5.024328417767E-06  1.066970706853E-01  1.825979761879E-05  6.192782697052E-03  2.711911790108E-21 -2.022138924563E-20  1.007664784946E-20 -3.387975205185E-03
  4.726377970904E+02  4.787873640468E+02  2.413236381754E+01  2.288306673777E-13 -1.190218338394E-01  5.837271210561E+02  4.453570205031E-01  6.124476524184E-01 -2.469406668793E-01 -2.032463903285E-03 -2.831726857088E+00  3.512034203751E+00 -1.395228433254E-02  2.697757785840E-02 -1.302529352676E-02 -5.353043081911E-02 -2.300864744194E-03 -6.047784831473E-06  3.457203528779E-06 -4.298168125110E-06  1.051508687491E-01  6.047784679059E-06  7.835542033095E-03  9.912956560338E-22 -1.073336880373E-20  1.274434825676E-20 -3.367060526854E-03
  4.849369310031E+02  4.912709849682E+02  2.421453993367E+01  1.890378525012E-13 -1.131467427509E-01  5.876243405992E+02  4.348058150004E-01  6.029235966356E-01 -2.361606699961E-01 -2.219133648208E-03 -2.697818635477E+00  3.550571701458E+00 -1.472280024775E-02  2.889289813672E-02 -1.417009788926E-02 -5.371237529453E-02 -2.301867837046E-03 -1.855336631437E-07  4.045816839814E-06 -6.467486238714E-06  1.028120510212E-01  1.855336110946E-07  7.933465625937E-03 -1.744251274394E-20  1.473567793506E-20  4.262493087997E-20 -3.296239840189E-03
  4.976050389332E+02  5.041291145172E+02  2.429520876890E+01  1.264196687149E-13 -1.064282311826E-01  5.914695086716E+02  4.234070251572E-01  5.883254564845E-01 -2.261713948109E-01 -1.598293130567E-03 -2.544696317305E+00  3.580494738134E+00 -1.573381318632E-02  3.108091078011E-02 -1.534709759383E-02 -5.171454548652E-02 -2.114592158749E-03 -2.548800664396E-06  3.632139867648E-06 -1.588498931961E-05  9.836806344068E-02  2.548800347279E-06  4.203548453485E-03 -4.513973720644E-21  1.223264948632E-20 -2.343580079583E-20 -3.187101759891E-03
  5.106531901012E+02  5.173729879527E+02  2.437502377135E+01  7.647182424334E-14 -1.063576519555E-01  5.952899109467E+02  4.116641763893E-01  5.752870005052E-01 -2.158271598744E-01 -2.016456582312E-03 -2.547984226286E+00  3.606736474972E+00 -1.509444636280E-02  3.225249402064E-02 -1.715804765830E-02 -5.036364375594E-02  1.117165357896E-03 -3.287239678935E-06  7.007063411838E-06 -1.505564834280E-05  9.724823882937E-02  3.287239515931E-06  1.551876265392E-03 -1.654211742519E-20 -1.177872899738E-20  8.732781747723E-21 -3.152911084968E-03
  5.240927858042E+02  5.310141775913E+02  2.445865243388E+01  6.349182522329E-14 -1.039026597573E-01  5.993123577045E+02  3.991596003847E-01  5.559971936177E-01 -2.057713116496E-01 -1.442759153455E-03 -2.493925469716E+00  3.654847894285E+00 -1.637584430822E-02  3.474100172545E-02 -1.836515741796E-02 -5.111570306406E-02  2.088820934843E-04  3.541255117470E-06  5.732764666657E-06 -1.404618260098E-05  9.795638756558E-02 -3.541255158055E-06  4.718430001978E-03 -1.421274028164E-21 -3.442330489276E-22  8.747253421719E-21 -3.231059795734E-03
  5.379355693784E+02  5.450646029190E+02  2.454456725984E+01  5.735963555982E-14 -9.820542482733E-02  6.034649056974E+02  3.863425010141E-01  5.307282691180E-01 -1.966729227158E-01 -1.658372313612E-03 -2.357233896943E+00  3.695175181111E+00 -1.575795469151E-02  3.524636625164E-02 -1.948841155949E-02 -5.183903023130E-02 -1.314864533646E-03  4.017797379661E-06  5.128419417209E-06 -9.792841055022E-06  9.791318346547E-02 -4.017797405868E-06  5.202919978504E-03  6.271785228656E-21 -5.394630741334E-21  2.491234593386E-20 -3.228077387806E-03
  5.521936364597E+02  5.595365410066E+02  2.463311649467E+01  3.705426937506E-14 -9.456323870352E-02  6.077601267934E+02  3.746413473323E-01  5.207089143711E-01 -1.866612995427E-01 -9.410923192326E-04 -2.279194875974E+00  3.699605083747E+00 -1.464035894075E-02  3.449958832420E-02 -1.985922938478E-02 -5.088351966326E-02 -1.056834074392E-03  1.099489814845E-05  3.908622635499E-06  1.885068406258E-06  9.308183881829E-02 -1.099489820295E-05  4.239808692363E-03 -2.453937672493E-21  2.038328245612E-21 -2.642680018285E-20 -3.059316233681E-03
  5.668794455535E+02  5.743794455535E+02  2.471539752323E+01  1.271243758409E-14 -9.036139801021E-02  6.117762242107E+02  3.626943687554E-01  5.070487786585E-01 -1.775049145616E-01 -7.139824535365E-04 -2.185500251304E+00  3.704036150571E+00 -1.272006440695E-02  3.369523065540E-02 -2.097516624972E-02 -4.700106771520E-02 -6.920564432143E-04  2.339798191928E-06 -7.831445140216E-06  1.603674178162E-05  8.944697159985E-02 -2.339798302142E-06  2.418261290326E-03  1.457945768767E-20  3.142005185889E-21 -9.482837460820E-21 -2.927681218386E-03
  5.818794455535E+02  5.893794455535E+02  2.480080390521E+01 -3.960951936814E-17 -8.999704517320E-02  6.159638070936E+02  3.514776232768E-01  4.926187724675E-01 -1.681341626383E-01 -3.002456164447E-04 -2.183716494213E+00  3.635707265058E+00 -1.236527986450E-02  3.167579319997E-02 -1.931051333498E-02 -4.582091239122E-02 -5.412863308287E-04  2.912806781044E-06 -1.370510881123E-05  7.600822030336E-06  8.426033185669E-02 -2.912806807178E-06  4.246143342718E-03  3.075499876127E-21 -4.440833270293E-21  2.034178317633E-20 -2.689597352399E-03
  5.968794455535E+02  6.043794455535E+02  2.487334330901E+01 -7.536452943195E-15 -8.237021003259E-02  6.195310130280E+02  3.403287021973E-01  4.826995292664E-01 -1.597443698974E-01  2.511170773907E-04 -2.002130470409E+00  3.559123470814E+00 -9.183994023626E-03  2.888110162087E-02 -1.969710759782E-02 -4.011259583307E-02 -2.342002423322E-03  4.897001615675E-06 -9.620044535981E-06  9.875950027049E-06  7.960309379030E-02 -4.897001671934E-06  1.037780078183E-02 -1.008138647673E-20  2.310622549348E-21  9.135639010944E-21 -2.464607604485E-03
  6.118794455535E+02  6.193794455535E+02  2.495004479549E+01 -2.240780246539E-14 -7.055813705488E-02  6.233153215150E+02  3.308740090630E-01  4.645095001397E-01 -1.522699992286E-01  4.383991381286E-04 -1.724590410752E+00  3.497702241887E+00 -8.072974472095E-03  2.636376048619E-02 -1.829078601333E-02 -3.897742684255E-02 -4.189100801142E-03  1.869574487683E-05 -4.681357887777E-06 -4.958542166501E-06  7.726812759969E-02 -1.869574486547E-05  9.292769636468E-03 -4.076839291376E-20  5.022679275028E-21  4.651387592066E-21 -2.317259281602E-03
  6.268794455535E+02  6.343794455535E+02  2.501827026405E+01 -3.355003543500E-14 -6.501607398517E-02  6.266920721771E+02  3.220333572425E-01  4.512099384227E-01 -1.446169522281E-01  4.994919929359E-04 -1.596805128033E+00  3.452430626489E+00 -5.577697148185E-03  2.339159454086E-02 -1.781389739159E-02 -3.516007737271E-02 -2.830700988943E-03  1.425562547704E-05 -5.823052179626E-06 -6.362235730304E-06  7.247481101998E-02 -1.425562547503E-05  1.072478183985E-02  1.416867031912E-20  1.196553131179E-20  2.057599454184E-20 -2.143942341699E-03
  6.418794455535E+02  6.493794455535E+02  2.508600244867E+01 -3.094558174525E-14 -5.053014319210E-02  6.300590839111E+02  3.139275763961E-01  4.334379968445E-01 -1.382701520983E-01  5.513634656334E-04 -1.241215179499E+00  3.415366563897E+00 -1.343873789216E-03  1.982780350987E-02 -1.848392971978E-02 -3.364761704568E-02 -4.269719247884E-03 -1.270576220904E-06 -1.135904265392E-05  6.811291535456E-06  6.990775222538E-02  1.270576307378E-06  1.689108773963E-02 -3.127444425534E-20 -1.087270955430E-20  1.220685522685E-20 -2.043094290504E-03
  6.568794455535E+02  6.643794455535E+02  2.514935894502E+01 -3.001120879587E-14 -3.336184073186E-02  6.332072878142E+02  3.067203434604E-01  4.209498182006E-01 -1.313788707094E-01  5.318140312717E-04 -8.115903949957E-01  3.396720210158E+00  3.664557363483E-03  1.702581950863E-02 -2.069037687132E-02 -3.169008981315E-02 -5.022580746383E-03  5.473892668487E-06 -1.298757396744E-05  1.212079105083E-05  6.610548392889E-02 -5.473892703950E-06  1.541453836528E-02  1.010071876783E-20  7.173903637003E-21  5.916590973089E-21 -1.937536947079E-03
  6.718794455535E+02  6.793794455535E+02  2.520993257860E+01 -3.936461804669E-14 -2.159560145169E-02  6.362318354210E+02  3.004652082556E-01  4.182919892375E-01 -1.250252648536E-01  6.604757915030E-05 -5.124221475255E-01  3.373090002488E+00  1.096607428406E-02  1.258830202845E-02 -2.355437631343E-02 -2.999503900677E-02 -3.138587310575E-03 -7.187335676134E-06 -1.272005130263E-05  3.942867598665E-06  6.149325460805E-02  7.187335691097E-06  1.109589499956E-02 -5.410934954179E-21 -4.270271759176E-21 -1.665979914345E-20 -1.771577184494E-03
  6.868794455535E+02  6.943794455535E+02  2.526459092676E+01 -4.375820307952E-14 -1.256087708037E-02  6.389552751662E+02  2.949846344347E-01  4.114402335347E-01 -1.184414651520E-01 -4.371847822519E-04 -2.865596125315E-01  3.373256633123E+00  1.625120404785E-02  9.403952961924E-03 -2.565515701188E-02 -2.700259796489E-02 -2.569279162403E-03 -3.974962144229E-06 -1.201685810179E-05  9.690260378180E-07  5.624605948116E-02  3.974962180455E-06  9.696863015905E-03  1.296587546066E-20 -2.670335113767E-20 -2.200971331378E-20 -1.614160210788E-03
  7.018794455535E+02  7.093794455535E+02  2.531532317165E+01 -3.745519172593E-14 -3.420578534888E-03  6.414914747727E+02  2.903236022180E-01  4.094547723244E-01 -1.122621661789E-01 -5.189268014100E-04 -5.610635807555E-02  3.359474080564E+00  2.039183996089E-02  5.886649731691E-03 -2.627848969295E-02 -2.451433490798E-02 -2.267973580119E-03 -1.911238154678E-06 -9.519749050027E-06 -2.870150289670E-06  5.244809174947E-02  1.911238217996E-06  6.740915298797E-03  4.044261565048E-22 -1.221155172196E-20  2.827919585203E-20 -1.445968912813E-03
  7.168794455535E+02  7.243794455535E+02  2.536289413742E+01 -4.109579574788E-14  3.671466861024E-05  6.438754884372E+02  2.849065164685E-01  4.044371609125E-01 -1.055856276112E-01 -8.312960117157E-04  3.385098717741E-02  3.365458571308E+00  2.657747027941E-02  2.102393445404E-03 -2.867986372233E-02 -2.251348013408E-02 -4.455622693105E-04 -1.569440948102E-06 -1.063659328342E-05 -7.118348669422E-07  4.933920611519E-02  1.569440915656E-06  3.045393883283E-03  1.076811020714E-20 -7.859786046016E-21  9.396981279628E-22 -1.388385940131E-03
  7.318794455535E+02  7.393794455535E+02  2.540780385982E+01 -4.955736746896E-14  2.202933307135E-03  6.461394244354E+02  2.788181852969E-01  4.018431595335E-01 -9.939054915694E-02 -7.929385125160E-04  9.159708982965E-02  3.387619676246E+00  3.210532877764E-02 -1.134530746916E-03 -3.097079803381E-02 -2.183467127729E-02  2.510241756461E-04 -9.929213955740E-07 -1.395769712039E-05 -4.415906626928E-06  4.506415670495E-02  9.929213932175E-07  4.600419836286E-04 -2.911652830413E-20  2.098391567644E-21  1.025250633945E-21 -1.311065898114E-03
  7.468794455535E+02  7.543794455535E+02  2.544737147705E+01 -5.543208947412E-14  9.067761305833E-04  6.481355946632E+02  2.719420864688E-01  3.942208482379E-01 -9.236364528277E-02 -3.075063871603E-04  5.798478321396E-02  3.412122723003E+00  3.622620494895E-02 -3.284336673022E-03 -3.294186827508E-02 -2.021656822756E-02  1.038416017870E-03 -4.928558615115E-06 -1.133116835990E-05  3.090721500052E-06  4.259545609191E-02  4.928558587445E-06 -6.900779750255E-03  7.833910589076E-21 -1.517204816036E-20  1.322731559901E-20 -1.261967517962E-03
  7.618794455535E+02  7.693794455535E+02  2.548765110864E+01 -5.987838350152E-14 -1.071419804100E-02  6.501750290269E+02  2.642887142488E-01  3.886630777968E-01 -8.610475641203E-02 -8.173059275405E-04 -2.384961022398E-01  3.438585714288E+00  3.963930832907E-02 -5.403841158113E-03 -3.423546716886E-02 -2.015940252147E-02  3.696646158284E-03 -7.942592009183E-06 -1.347470414743E-05  6.674997405722E-06  4.098267254439E-02  7.942592042482E-06 -1.182151736258E-02  2.507686685536E-21  1.602087673416E-20  1.941648701968E-20 -1.208516525033E-03
  7.768794455535E+02  7.843794455535E+02  2.552420426666E+01 -5.661094278538E-14 -2.125008595666E-02  6.520290217519E+02  2.565665486326E-01  3.860752529318E-01 -7.959922954506E-02 -4.342909647305E-04 -5.096411737126E-01  3.436488391922E+00  4.717853409660E-02 -9.623735970895E-03 -3.755479812766E-02 -1.839970398644E-02  3.877988093506E-03 -1.203788540042E-06 -1.755669261510E-05  1.132505888209E-05  3.759989713606E-02  1.203788593109E-06 -1.307810137962E-02 -1.266780929628E-20 -4.635531740979E-21  2.940177756191E-20 -1.090669399351E-03
  7.918794455535E+02  7.993794455535E+02  2.555814764628E+01 -5.265500998182E-14 -3.517951834624E-02  6.537481252993E+02  2.484492044934E-01  3.799353574591E-01 -7.353079730137E-02 -6.547647130078E-04 -8.687678024028E-01  3.447597340144E+00  4.959792906915E-02 -1.138495144732E-02 -3.821297762266E-02 -1.644855519267E-02  3.967265167933E-03 -3.185052771478E-06 -1.346978080220E-05  1.531247491422E-05  3.327546921894E-02  3.185052670216E-06 -1.480586734501E-02 -1.804196868945E-20 -5.064824818672E-21  1.954702755897E-20 -9.552605684625E-04
  8.068794455535E+02  8.143794455535E+02  2.558662292848E+01 -5.034050838219E-14 -4.893896925051E-02  6.551958113966E+02  2.403579691107E-01  3.738989463496E-01 -6.730261201684E-02 -8.132089965094E-04 -1.223751608699E+00  3.456394375754E+00  5.433966148015E-02 -1.425320406491E-02 -4.008645741827E-02 -1.423178572439E-02  4.399234664378E-03  7.232217485792E-06 -1.023707409843E-05  1.213024132211E-05  2.874062953288E-02 -7.232217392660E-06 -1.616539462066E-02  1.427262803116E-20  6.367647285547E-22  4.319580479144E-21 -8.540430049014E-04
  8.218794455535E+02  8.293794455535E+02  2.561208277700E+01 -4.150001985577E-14 -6.543171049354E-02  6.564924897839E+02  2.323411052687E-01  3.666881516387E-01 -6.165712088662E-02 -1.202865258015E-03 -1.650626859332E+00  3.472748528944E+00  5.922358231031E-02 -1.673394456372E-02 -4.248963774813E-02 -1.334375153417E-02  5.000127232231E-03  7.502265079970E-06 -1.068007090010E-05  4.252716370990E-06  2.802098769034E-02 -7.502265099141E-06 -1.990619432006E-02  7.953263290042E-21 -9.569692879687E-21 -7.055544220925E-21 -8.319179084408E-04
  8.368794455535E+02  8.443794455535E+02  2.563918053029E+01 -3.977553009182E-14 -8.630174206580E-02  6.578782622129E+02  2.237026062891E-01  3.585688549827E-01 -5.617939909152E-02 -9.050541674445E-04 -2.187167372021E+00  3.484599896457E+00  6.723612701703E-02 -2.068368672184E-02 -4.655244029484E-02 -1.313243030660E-02  6.472671516897E-03  3.499043243751E-06 -7.691546223089E-06 -3.550073611983E-06  2.803955579363E-02 -3.499043168675E-06 -1.764935199181E-02  1.368961706231E-20  9.190667882499E-21  9.207848737413E-21 -8.015110471213E-04
  8.518794455535E+02  8.593794455535E+02  2.566464175330E+01 -5.113733742013E-14 -9.859607151905E-02  6.591817115437E+02  2.145968776264E-01  3.508431619499E-01 -5.036473926432E-02 -1.622090787738E-03 -2.504021653384E+00  3.495309924951E+00  6.957863674844E-02 -2.248006254857E-02 -4.709857420111E-02 -1.227529458848E-02  3.849008592677E-03 -1.736595003379E-06 -5.257761288466E-06 -6.346933800995E-06  2.306313192795E-02  1.736594958107E-06 -1.251434161837E-02 -6.447721379659E-21  3.901071180193E-21 -1.423895317872E-20 -6.698993653018E-04
  8.668794455535E+02  8.743794455535E+02  2.568236806473E+01 -6.004683324642E-14 -1.097853131611E-01  6.600900366419E+02  2.031179063450E-01  3.470452197875E-01 -4.495146910285E-02 -1.292513982806E-03 -2.792118074811E+00  3.509415295752E+00  7.638095936021E-02 -2.528973963446E-02 -5.109121972467E-02 -9.321090193148E-03  3.986805476638E-03 -3.298009462079E-06 -7.508215512926E-06  5.802496245448E-06  1.967748151206E-02  3.298009606330E-06 -1.185181355818E-02  2.017107272262E-20 -1.842145979940E-21  7.368744637354E-21 -5.883247330921E-04
  8.818794455535E+02  8.893794455535E+02  2.570151933071E+01 -5.761161050536E-14 -1.208364957471E-01  6.610762826870E+02  1.907972400762E-01  3.453976227959E-01 -3.961015846529E-02 -1.800039796191E-03 -3.081764445968E+00  3.529670045177E+00  8.241452062136E-02 -2.829452004853E-02 -5.412000057462E-02 -9.630859271382E-03  4.011935703216E-03  5.410117041474E-06 -8.719623529947E-06  1.238215463372E-05  1.898928659581E-02 -5.410117023103E-06 -1.331888182023E-02 -7.331597687419E-21 -1.214603760490E-20 -1.980622512812E-20 -5.669230023552E-04
  8.968794455535E+02  9.043794455535E+02  2.571803291987E+01 -5.365885282401E-14 -1.347157021144E-01  6.619160071707E+02  1.778573583954E-01  3.450837274482E-01 -3.423302871573E-02 -2.355746473778E-03 -3.439743270889E+00  3.542095397517E+00  8.319765879794E-02 -2.838694628586E-02 -5.481071251353E-02 -8.529459714218E-03  3.802278139792E-03  6.979062727039E-06 -8.833677231458E-06  8.095084577389E-06  1.568571357135E-02 -6.979062636147E-06 -1.360976618769E-02  4.989623626236E-21  1.966303182494E-22  4.373792556095E-21 -4.599406961603E-04
  9.118794455535E+02  9.193794455535E+02  2.573093930623E+01 -5.394114495350E-14 -1.463207752938E-01  6.625782283293E+02  1.640042140036E-01  3.483764168747E-01 -2.924432864528E-02 -2.098530330272E-03 -3.743507375794E+00  3.534399465065E+00  8.721069289207E-02 -3.076098692747E-02 -5.644970596664E-02 -6.308231818154E-03  3.354162155457E-03  1.407531909961E-05 -8.269583562570E-06  2.791675758018E-06  1.210031647744E-02 -1.407531916273E-05 -1.497396390671E-02 -1.011150905337E-20 -1.360231689718E-20 -1.570874949349E-20 -3.440423911599E-04
  9.268794455535E+02  9.343794455535E+02  2.574068160361E+01 -5.084554941433E-14 -1.628051075647E-01  6.630757957557E+02  1.494830513572E-01  3.567230103422E-01 -2.409848233885E-02 -2.151259749039E-03 -4.173196808460E+00  3.550296919815E+00  8.992530898015E-02 -3.139869719136E-02 -5.852661178747E-02 -4.906204738769E-03  4.400552702258E-03  7.714455986051E-06 -4.357891505661E-06  1.464333943526E-05  9.888143480173E-03 -7.714455799181E-06 -1.720518541874E-02 -2.139443655356E-20  8.032370822410E-21  3.452955933930E-20 -2.994026496207E-04
  9.418794455535E+02  9.493794455535E+02  2.574946054382E+01 -3.965998449790E-14 -1.785635912474E-01  6.635254595134E+02  1.317661425977E-01  3.691654527219E-01 -1.876424885105E-02 -2.198904800216E-03 -4.579900019155E+00  3.570080999258E+00  8.950617615597E-02 -3.083406742399E-02 -5.867210872904E-02 -4.578398186771E-03  3.738435214873E-03 -5.536082576881E-06 -4.960357602364E-06  1.565063362361E-05  7.259678462773E-03  5.536082483814E-06 -1.654068702423E-02  3.333193445522E-20 -4.119519708301E-21  2.087581225594E-20 -2.343447540715E-04
  9.568794455535E+02  9.643794455535E+02  2.575429109050E+01 -2.927889903905E-14 -1.938130473427E-01  6.637831543705E+02  1.099816023220E-01  3.894953710044E-01 -1.420343426311E-02 -2.205783986587E-03 -4.977098304615E+00  3.518685630048E+00  8.754859765377E-02 -3.144345782878E-02 -5.610513982495E-02 -2.943871193991E-03  3.200544673159E-03 -5.157223262674E-06 -2.795427455511E-06  1.544449136148E-05  4.396354713430E-03  5.157223265193E-06 -1.758641871795E-02 -1.186938870941E-20  1.443337063166E-21  8.625091485944E-21 -1.683094138289E-04
  9.718794455535E+02  9.793794455535E+02  2.575771902666E+01 -1.909124623436E-14 -2.115714046888E-01  6.639535625430E+02  1.007213858837E-01  4.122268503852E-01 -7.864417928889E-03 -1.441640727848E-03 -5.432762501929E+00  3.813610717272E+00  4.661345968997E-02 -8.640581126046E-03 -3.797287856319E-02 -2.775303179345E-03  1.265111611147E-03  2.618759166261E-06  4.904531884732E-07  3.970669080459E-07  7.839359138744E-03 -2.618758964291E-06 -1.398072558514E-02  8.608320327588E-21 -1.018205590755E-20  3.850188544540E-20 -2.283295901487E-04
  9.868794455535E+02  9.943794455535E+02  2.576898966726E+01 -5.680115593732E-15 -2.200466931362E-01  6.647133980625E+02  4.576221182866E-02  5.517870420156E-01 -2.033167761343E-03  2.962252613497E-04 -5.650466445230E+00  3.526721252580E+00  5.906440140042E-02 -2.214412350703E-02 -3.692027789772E-02  2.527561020290E-04  5.757059728534E-03  1.725784307170E-06 -1.027830820262E-06  1.141811404209E-06  6.015814986676E-03 -1.725784286184E-06 -4.528874309310E-03  5.429955165208E-21 -7.294007288990E-21 -1.484391584063E-20  1.202266193961E-04
