                   y                  ym                   U                   V                   W                 U^2                 V^2                 W^2                  UV                  VW                  UW                VISC               SFSxx               SFSyy               SFSzz               SFSxy               SFSyz                dUdX                dVdX                dWdX                dUdY                dVdY                dWdY                dUdZ                dVdZ                dWdZ              SFSxym
 -4.000000000000E+00 -2.000000000000E+00  0.000000000000E+00  0.000000000000E+00  0.000000000000E+00  0.000000000000E+00  0.000000000000E+00  0.000000000000E+00  0.000000000000E+00  0.000000000000E+00  0.000000000000E+00  0.000000000000E+00  0.000000000000E+00  0.000000000000E+00  0.000000000000E+00  0.000000000000E+00  0.000000000000E+00  0.000000000000E+00  0.000000000000E+00  0.000000000000E+00  0.000000000000E+00  0.000000000000E+00  0.000000000000E+00  0.000000000000E+00  0.000000000000E+00  0.000000000000E+00  0.000000000000E+00
  2.220446049250E-16  2.000000000000E+00  1.062510190529E+01  4.128825464393E-15 -1.094126404616E-01  1.173773294726E+02  1.103572204429E-01  1.391852467349E+00 -3.341240938501E-01 -3.685760754591E-03 -1.143541860147E+00  2.064846019791E+00 -6.334403058447E-03  2.613264668614E-02 -1.979824363111E-02 -1.142238319823E+01  9.050099310900E-02 -2.082481433099E-03 -2.052631514815E-04 -7.989447462396E-05  4.789917131219E+01  2.082481433380E-03 -4.368691161628E-01 -3.406701425099E-20  6.757561405815E-22 -1.162835055180E-20 -4.088487991450E-02
  4.000000000000E+00  6.000000000000E+00  1.332477052924E+01  1.127729564824E-14 -1.091181131392E-01  1.830293678779E+02  4.433005679785E-01  1.481591876036E+00 -7.205297992747E-01 -4.330035896844E-03 -1.437105309102E+00  8.501393701159E+00  6.702882348056E-01 -5.708013931386E-01 -9.948684165811E-02 -3.360735631133E+00 -1.518193662144E-01  4.732962806206E-04 -3.311309500710E-04  7.278367058370E-05  7.011295971329E+00 -4.732962807855E-04  1.721710154613E-02 -2.131778754752E-20 -1.589519354143E-20  4.238800603905E-20 -2.201385037978E-01
  8.000000000000E+00  1.000000000000E+01  1.412998079097E+01  2.050537425404E-14 -1.007955672848E-01  2.041669705147E+02  5.626302021099E-01  1.386978633347E+00 -6.909711938771E-01 -4.196513192791E-03 -1.413083021186E+00  8.999408420721E+00  3.318598182461E-01 -7.569339109345E-01  4.250740926908E-01 -1.622288493881E+00 -6.345765940241E-02  3.938423206815E-04 -2.009118878571E-04  4.902737439614E-05  3.129104788453E+00 -3.938423206694E-04  3.502755154092E-02 -4.112140350564E-20  1.997120722294E-21 -3.756500863238E-20 -9.860996262959E-02
  1.200000000000E+01  1.400000000000E+01  1.488956316671E+01  3.228902865568E-14 -9.137445984058E-02  2.261182856235E+02  6.303906864661E-01  1.351701323689E+00 -7.516711658826E-01 -4.290663435378E-03 -1.347221139960E+00  8.885385003887E+00  3.155860101321E-01 -6.978706731962E-01  3.822846630531E-01 -1.561510413826E+00 -1.107800894214E-02  3.562169457046E-04 -1.254466239696E-04 -3.498777669006E-05  2.581501711672E+00 -3.562169458150E-04  3.183792948264E-02  2.016864084519E-20  1.362094482476E-20  1.953263040520E-20 -8.424022287712E-02
  1.600000000000E+01  1.800000000000E+01  1.542108710129E+01  4.655308820725E-14 -8.516124575792E-02  2.419722169394E+02  6.816126043615E-01  1.324145001044E+00 -7.485122752741E-01 -4.387098971130E-03 -1.298432715834E+00  8.376682715933E+00  2.616847581883E-01 -6.285761510479E-01  3.668913928391E-01 -1.105568466958E+00 -3.855583546452E-03  1.841195724023E-04 -9.173599319800E-05 -6.002636142291E-05  1.984596864730E+00 -1.841195721300E-04  2.311926264380E-02 -9.559686963680E-20  6.999588422711E-21 -2.552025731148E-20 -6.369318070284E-02
  2.000000000000E+01  2.200000000000E+01  1.588193288533E+01  5.977276413989E-14 -7.992054261092E-02  2.562741002724E+02  7.233311382478E-01  1.307519557877E+00 -7.639765664129E-01 -4.220762640349E-03 -1.254297139028E+00  8.044878686653E+00  2.353048672402E-01 -5.762767546045E-01  3.409718873562E-01 -9.468656009674E-01 -4.819663055277E-03  5.032104814680E-05 -7.011135066262E-05 -6.521417289945E-05  1.670191969258E+00 -5.032104844523E-05  2.013988489903E-02  4.696192920226E-20  1.190505788691E-21 -3.392510449352E-20 -5.358971099558E-02
  2.400000000000E+01  2.600000000000E+01  1.625592179400E+01  6.547718993157E-14 -7.476235281566E-02  2.681629466511E+02  7.575292174026E-01  1.292103806584E+00 -7.631190477092E-01 -4.158522970710E-03 -1.196780280564E+00  7.688638764116E+00  2.051244056957E-01 -5.284546805848E-01  3.233302748907E-01 -7.688590994975E-01 -4.742147147460E-03  2.776265717155E-05 -4.182364089235E-05 -8.366340852664E-05  1.412613878964E+00 -2.776265715731E-05  1.963494602577E-02  1.979894439135E-20  3.277767270824E-20 -4.803848270456E-21 -4.497332188140E-02
  2.800000000000E+01  3.000000000000E+01  1.658828109233E+01  7.571338145560E-14 -6.995389823398E-02  2.789922241656E+02  7.848745820425E-01  1.282320344282E+00 -7.667085362884E-01 -3.996374137509E-03 -1.139467001525E+00  7.409725000104E+00  1.831305262880E-01 -4.890782373517E-01  3.059477110706E-01 -6.746708667168E-01 -6.074725918154E-03  4.979417891213E-05 -1.871470576118E-05 -3.394743404727E-05  1.243349207296E+00 -4.979417816430E-05  1.889106284477E-02  2.401155120052E-20  2.377990633850E-20  4.132668885520E-20 -3.944273757100E-02
  3.200000000000E+01  3.400000000000E+01  1.687792378634E+01  9.355122521556E-14 -6.544781112175E-02  2.886076564011E+02  8.066402299408E-01  1.273149596042E+00 -7.649282412527E-01 -3.820537489217E-03 -1.084586902417E+00  7.145920479351E+00  1.656678933138E-01 -4.568958446308E-01  2.912279513162E-01 -5.873348337010E-01 -6.704317788113E-03  1.369904583446E-04 -1.251826901872E-05 -4.062811480679E-05  1.105180451498E+00 -1.369904585539E-04  1.811966106699E-02  2.850048445945E-21  6.662643413188E-21 -5.141680524170E-20 -3.481005473388E-02
  3.600000000000E+01  3.800000000000E+01  1.714088701919E+01  9.988233330704E-14 -6.092853708192E-02  2.974929353742E+02  8.240405108036E-01  1.266049929714E+00 -7.642787165395E-01 -3.695415110871E-03 -1.023617856445E+00  6.919697995802E+00  1.508941360057E-01 -4.295609245938E-01  2.786667885885E-01 -5.290565877363E-01 -7.399255614211E-03  1.201302721037E-04 -1.151282804578E-05 -7.052801479547E-05  1.002874559814E+00 -1.201302723035E-04  1.617714390753E-02 -2.266511877571E-20  1.566313539962E-20  3.227576356914E-20 -3.138465587360E-02
  4.000000000000E+01  4.200000000000E+01  1.737928150183E+01  1.077686183927E-13 -5.734034050128E-02  3.056716913061E+02  8.380859475239E-01  1.257175706919E+00 -7.616856564280E-01 -3.618662388311E-03 -9.761052978517E-01  6.715788239007E+00  1.384689014382E-01 -4.054038479624E-01  2.669349465243E-01 -4.772713328145E-01 -6.185526529006E-03 -1.837509735170E-05 -1.026510326624E-05 -5.164275240038E-06  9.187116971842E-01  1.837509670808E-05  1.356203630025E-02  1.164419995256E-19 -3.963410007621E-21  5.431378720446E-21 -2.858065791813E-02
  4.400000000000E+01  4.600000000000E+01  1.760012243716E+01  1.274202531681E-13 -5.418599069415E-02  3.133578304853E+02  8.491054176500E-01  1.247331171255E+00 -7.589446542872E-01 -3.323537839005E-03 -9.309549380578E-01  6.528067088008E+00  1.271670636604E-01 -3.831841867486E-01  2.560171230840E-01 -4.382132020105E-01 -4.756635445665E-03  3.439670765694E-05 -5.283201970066E-06  2.011051431766E-05  8.484034209067E-01 -3.439670808152E-05  1.145255532636E-02 -1.141834770560E-21  7.983008351523E-21 -2.822893232742E-20 -2.624759687975E-02
  4.800000000000E+01  5.000000000000E+01  1.780339629740E+01  1.603213100471E-13 -5.154966037946E-02  3.205217296360E+02  8.572245543171E-01  1.236162223844E+00 -7.556203958709E-01 -3.237767768173E-03 -8.923443551618E-01  6.357201174702E+00  1.180962561486E-01 -3.649173311880E-01  2.468210750358E-01 -4.022404115119E-01 -4.911461989509E-03  1.195907386252E-04  2.835093725965E-06 -3.609745287223E-05  7.862133985088E-01 -1.195907378360E-04  7.684280274210E-03  2.035350409292E-20 -4.995870400318E-21  2.831474754565E-20 -2.422641299632E-02
  5.200000000000E+01  5.400000000000E+01  1.799338582282E+01  2.114139393064E-13 -5.032181514788E-02  3.272978070564E+02  8.627752326051E-01  1.225604272709E+00 -7.522223812718E-01 -3.043004473350E-03 -8.763672436845E-01  6.209658516801E+00  1.106371546177E-01 -3.482509051521E-01  2.376137505314E-01 -3.728052219276E-01 -3.632545684239E-03  7.079848061302E-05  4.276878880332E-06 -2.673126037709E-05  7.388503855155E-01 -7.079848187082E-05  2.308545915941E-03  6.773864006257E-20  5.205002860641E-20  4.395482625080E-20 -2.259401745457E-02
  5.600000000000E+01  5.800000000000E+01  1.817280372156E+01  2.683618006635E-13 -5.054832658769E-02  3.337626954950E+02  8.663873811310E-01  1.215630205999E+00 -7.482022204295E-01 -2.945598522239E-03 -8.845862419088E-01  6.061243969814E+00  1.033039326140E-01 -3.325205304714E-01  2.292165978607E-01 -3.504115044260E-01 -5.658096384898E-04  3.404034475877E-05  3.625617915182E-06 -1.960942254718E-05  7.002501954182E-01 -3.404034325570E-05 -1.165735606980E-03  1.431883233457E-20 -3.385990341849E-20  4.264981042848E-20 -2.126084058094E-02
  6.000000000000E+01  6.200000000000E+01  1.834340896515E+01  3.218065516032E-13 -5.106282427224E-02  3.399718568169E+02  8.685626198872E-01  1.205522417665E+00 -7.441851312070E-01 -2.677314355717E-03 -8.993197133459E-01  5.930279647644E+00  9.712459568823E-02 -3.183753189521E-01  2.212507232696E-01 -3.303431575105E-01  2.317589466391E-04  2.060582507543E-05  3.799343869721E-06 -2.129139323139E-05  6.673667953293E-01 -2.060582436152E-05 -2.986787531672E-03 -4.833249397637E-21  2.889994742844E-20 -2.992307214714E-20 -2.006086961505E-02
  6.400000000000E+01  6.600000000000E+01  1.850653088166E+01  3.817429939865E-13 -5.203210568420E-02  3.459601286385E+02  8.693435676517E-01  1.194321599781E+00 -7.398335862841E-01 -2.546838723560E-03 -9.246902889787E-01  5.804264673199E+00  9.156864159187E-02 -3.052701266087E-01  2.137014850190E-01 -3.126465825338E-01  9.795359870251E-04 -1.852280508343E-05  2.798949881627E-06 -9.679030040000E-06  6.354323277398E-01  1.852280629744E-05 -3.888351892902E-03  5.917592071091E-20 -1.254127155792E-20  2.450304285052E-21 -1.897660816873E-02
  6.800000000000E+01  7.000000000000E+01  1.866113051782E+01  4.438355539575E-13 -5.288038791286E-02  3.516862241359E+02  8.687117571364E-01  1.182399681174E+00 -7.353464879935E-01 -2.157015989402E-03 -9.495042176726E-01  5.691032234130E+00  8.742117267901E-02 -2.940576045926E-01  2.066364319139E-01 -2.948341957300E-01  1.042718978192E-03  1.651651517484E-06  5.921986435120E-07  1.465397278239E-06  6.073091970452E-01 -1.651650675014E-06 -2.415163654033E-03  5.025461687483E-20  3.571564351000E-20 -1.615620656667E-20 -1.799495316917E-02
  7.200000000000E+01  7.400000000000E+01  1.881015011299E+01  4.676037647366E-13 -5.317791620951E-02  3.572536694248E+02  8.669272316294E-01  1.168874184581E+00 -7.308892057905E-01 -1.860985149404E-03 -9.640291279955E-01  5.591108174047E+00  8.271419775503E-02 -2.838842777391E-01  2.011700799870E-01 -2.806081791884E-01 -1.220972371801E-04  3.804587898995E-05 -3.733294854619E-06  8.037315310322E-06  5.838577244583E-01 -3.804587920723E-05 -1.900836321356E-04  4.360334051572E-21  2.615813102322E-20  1.844004067090E-20 -1.709994516285E-02
  7.600000000000E+01  7.800000000000E+01  1.895313328279E+01  4.642743192211E-13 -5.305608710786E-02  3.626365079914E+02  8.642174687543E-01  1.155228480735E+00 -7.260492787744E-01 -1.530148675251E-03 -9.697544994835E-01  5.493189972112E+00  7.854994027005E-02 -2.747462414917E-01  1.961963012188E-01 -2.665617781420E-01 -5.778938776623E-04  1.719691359137E-05 -1.112447326188E-05 -4.992202300505E-07  5.588091020356E-01 -1.719691417925E-05  4.700626961636E-04  8.956125251225E-21 -6.560711813391E-21  2.877364373899E-20 -1.623937543727E-02
  8.000000000000E+01  8.200000000000E+01  1.908952357510E+01  4.616762088368E-13 -5.303691888964E-02  3.678108449815E+02  8.608708076550E-01  1.142515168010E+00 -7.214566877948E-01 -1.323312272699E-03 -9.788865466890E-01  5.393776627556E+00  7.526606325434E-02 -2.665058293620E-01  1.912397661042E-01 -2.534488460966E-01 -1.070476748805E-04 -5.714523044534E-05 -1.730639765140E-05 -2.552575078016E-06  5.355701632198E-01  5.714523102949E-05  1.791274304878E-03 -1.099524093294E-20 -3.763712840407E-21  3.371449392002E-21 -1.545236733529E-02
  8.400000000000E+01  8.600000000000E+01  1.922079930804E+01  4.587490491648E-13 -5.213737620976E-02  3.728240116004E+02  8.572622954265E-01  1.129822162604E+00 -7.164162065742E-01 -9.131230745374E-04 -9.722866273609E-01  5.300050530164E+00  7.173871933588E-02 -2.582059816440E-01  1.864672623061E-01 -2.411865026491E-01 -1.179545180173E-03 -5.533978280320E-05 -2.002194988759E-05 -8.203063367466E-06  5.139143392473E-01  5.533978223102E-05  4.997888623343E-03 -7.165188016129E-20 -2.846023240831E-20  1.701748738621E-20 -1.470802797983E-02
  8.800000000000E+01  9.000000000000E+01  1.934645445758E+01  4.698433494118E-13 -5.045447939863E-02  3.776536080795E+02  8.533566316460E-01  1.117580894583E+00 -7.115902498078E-01 -7.111405515447E-04 -9.494631092183E-01  5.210326592355E+00  6.783441620825E-02 -2.498079866914E-01  1.819735704829E-01 -2.291495062510E-01 -1.932878337162E-03  1.928777629308E-05 -2.288834999317E-05 -2.811054470436E-06  4.937240512881E-01 -1.928777601646E-05  5.791813204146E-03 -1.160588947322E-20 -5.715591867655E-21 -7.835054189784E-20 -1.403191069461E-02
  9.200000000000E+01  9.400000000000E+01  1.946766212990E+01  4.845343079309E-13 -4.918889013577E-02  3.823420380576E+02  8.493348882790E-01  1.104292436614E+00 -7.063589651507E-01 -4.485024413542E-04 -9.346579577485E-01  5.123941534742E+00  6.468687122430E-02 -2.412902110561E-01  1.766033398327E-01 -2.195364037920E-01 -1.430072508488E-03  3.425557792803E-05 -2.721907027859E-05 -2.886736094820E-06  4.769803557047E-01 -3.425557823332E-05  5.702320832122E-03 -2.683969814827E-20 -2.523198566878E-20 -2.387641959062E-20 -1.343250698615E-02
  9.600000000000E+01  9.800000000000E+01  1.958494290606E+01  4.928790940199E-13 -4.758467859843E-02  3.869050729465E+02  8.452253936562E-01  1.089193951585E+00 -7.013215811806E-01 -3.481121016721E-04 -9.114398872236E-01  5.038674670097E+00  6.194396327587E-02 -2.333988933186E-01  1.714549300465E-01 -2.104209268934E-01 -1.521960883336E-03 -1.548416374817E-05 -3.168957021393E-05  8.364511717753E-06  4.616992005971E-01  1.548416435386E-05  4.261789563902E-03  1.559740608891E-20 -1.125471917684E-20  3.494376407634E-20 -1.289332681543E-02
  1.000000000000E+02  1.020000000000E+02  1.969854239490E+01  5.134956019420E-13 -4.698945983344E-02  3.913499340188E+02  8.408383906891E-01  1.076287403035E+00 -6.958993933617E-01 -8.566837979908E-05 -9.082305639339E-01  4.955616263398E+00  5.927944881089E-02 -2.262345927740E-01  1.669551439647E-01 -2.019917060693E-01 -3.264229810902E-04 -2.204971718466E-05 -3.494994111222E-05  1.232923714439E-05  4.468114839414E-01  2.204971680010E-05  2.172125116567E-04  3.972271411449E-20  8.080105733757E-21  2.376494894853E-23 -1.235732437246E-02
  1.040000000000E+02  1.060000000000E+02  1.980833373473E+01  5.314092771149E-13 -4.735510102970E-02  3.956716539725E+02  8.362137746941E-01  1.065629117210E+00 -6.909769781314E-01  6.727918831064E-05 -9.236393331025E-01  4.883483235688E+00  5.741655976442E-02 -2.201860315984E-01  1.627694718333E-01 -1.938904809542E-01 -1.284786253399E-05 -6.202640111580E-06 -3.587578388207E-05 -1.231900186337E-05  4.313728666550E-01  6.202641128371E-06 -1.638989132953E-03  7.861746368014E-20  1.665045446828E-21 -7.084355775750E-20 -1.185401806288E-02
  1.080000000000E+02  1.100000000000E+02  1.991415100435E+01  5.304055655334E-13 -4.774873351807E-02  3.998590792770E+02  8.314801544630E-01  1.054063209636E+00 -6.854883983957E-01  3.291040397238E-04 -9.408899056343E-01  4.807757338309E+00  5.480157243283E-02 -2.136569848106E-01  1.588554123817E-01 -1.854762172635E-01 -3.178853580045E-04  1.204053274838E-05 -3.353702450443E-05 -2.804293181794E-05  4.187040282684E-01 -1.204053275085E-05 -1.811174270902E-04 -2.193553038741E-20 -9.930227382673E-21 -7.328934301153E-21 -1.138908956802E-02
  1.120000000000E+02  1.140000000000E+02  2.001765669334E+01  5.298462340172E-13 -4.749557667369E-02  4.039771659975E+02  8.267586308084E-01  1.042394645771E+00 -6.802823679171E-01  5.574643250793E-04 -9.437492206275E-01  4.737364340945E+00  5.276288695050E-02 -2.077525091790E-01  1.549896222294E-01 -1.789366156238E-01 -7.634836231086E-04  6.620654788449E-06 -2.916212273590E-05 -3.701247653735E-05  4.073924169227E-01 -6.620654105687E-06  1.929863888473E-04  2.210615851361E-20  1.132992820628E-20 -9.600053539495E-21 -1.099757117627E-02
  1.160000000000E+02  1.180000000000E+02  2.011787362650E+01  5.238544019866E-13 -4.775413875115E-02  4.079806965966E+02  8.221137623295E-01  1.032271456015E+00 -6.748042628407E-01  8.598544684520E-04 -9.551202894295E-01  4.669687458947E+00  5.122001377980E-02 -2.022742209408E-01  1.510542071616E-01 -1.723111047417E-01 -4.104162677179E-05 -2.765600911434E-05 -2.651884112388E-05 -3.854529819757E-05  3.949545503053E-01  2.765600876828E-05 -2.357283791511E-03  4.758055717817E-21 -2.076213447455E-20 -1.082819903646E-20 -1.058113564977E-02
  1.200000000000E+02  1.220000000000E+02  2.021512692289E+01  5.056250002022E-13 -4.875614547735E-02  4.118843089223E+02  8.174488469573E-01  1.022684199215E+00 -6.695394528187E-01  1.084810631905E-03 -9.817923024026E-01  4.604784321856E+00  4.899635560191E-02 -1.965052796615E-01  1.475089240613E-01 -1.661117129951E-01  7.427966896309E-04 -2.921692704923E-05 -2.623743580464E-05 -2.284359528996E-05  3.838576061911E-01  2.921692734182E-05 -3.377739050709E-03 -3.966597012571E-20 -2.063212563877E-20 -6.938130786527E-20 -1.018481188052E-02
  1.240000000000E+02  1.260000000000E+02  2.030978904214E+01  4.939294644587E-13 -4.945064934899E-02  4.157010712068E+02  8.126248622926E-01  1.014110363779E+00 -6.640062540838E-01  1.436906022933E-03 -1.002736639617E+00  4.541280158829E+00  4.657263071399E-02 -1.910524302063E-01  1.444797994957E-01 -1.599960303553E-01  5.454412985062E-04  1.354792985660E-05 -2.693037790873E-05  3.431823458374E-06  3.738431320232E-01 -1.354793048987E-05 -2.777160076188E-03 -5.512049947733E-20 -6.369095524973E-21 -8.457278138154E-21 -9.823667028052E-03
  1.280000000000E+02  1.300000000000E+02  2.040205941222E+01  4.685568299097E-13 -5.009227371337E-02  4.194403668888E+02  8.073783099077E-01  1.005977026671E+00 -6.586385175816E-01  1.635146420663E-03 -1.023155039903E+00  4.483412259727E+00  4.499625897906E-02 -1.865417182979E-01  1.415454593196E-01 -1.542518209017E-01  4.467694405276E-04  2.143344054355E-05 -2.802411377298E-05  7.757102128395E-06  3.626785171847E-01 -2.143344010748E-05 -3.841890369488E-03 -1.473975658558E-20  7.571663749951E-21 -6.503920382651E-21 -9.464055273704E-03
  1.320000000000E+02  1.340000000000E+02  2.049114099438E+01  4.296987031240E-13 -5.139673752184E-02  4.230640605323E+02  8.017558901012E-01  9.981243589615E-01 -6.533532032047E-01  1.831823445719E-03 -1.055690466770E+00  4.426744161421E+00  4.375770587955E-02 -1.829466329479E-01  1.391889270705E-01 -1.483651956826E-01  8.684748327856E-04 -4.915725992039E-06 -2.847985821811E-05 -1.489662006374E-05  3.529671202161E-01  4.915725353757E-06 -5.455228094343E-03 -2.105916741686E-21 -4.230046260950E-21 -3.090950605982E-20 -9.131358569196E-03
  1.360000000000E+02  1.380000000000E+02  2.057856936075E+01  4.142242145353E-13 -5.292287412409E-02  4.266375586649E+02  7.962258463442E-01  9.891192282747E-01 -6.478472028718E-01  2.080803547762E-03 -1.091692799616E+00  4.369778922961E+00  4.191302061784E-02 -1.785889564135E-01  1.366759357991E-01 -1.438343636833E-01  1.600159361535E-03  1.987009983817E-05 -2.835443500175E-05 -8.959277062354E-06  3.451507607572E-01 -1.987009925834E-05 -6.500820292537E-03  1.577951968870E-20  5.868618612543E-21 -3.098971953373E-20 -8.837311601687E-03
  1.400000000000E+02  1.420000000000E+02  2.066368562288E+01  4.010327752750E-13 -5.466549803242E-02  4.301304804973E+02  7.907936106104E-01  9.798362304050E-01 -6.424823437526E-01  2.233698650656E-03 -1.132175554109E+00  4.317174539117E+00  4.049480709615E-02 -1.746036874538E-01  1.341088803587E-01 -1.391754805530E-01  1.885882194612E-03  4.782545842464E-06 -2.721724574056E-05  6.009434383464E-06  3.368772823768E-01 -4.782546484045E-06 -8.117733150104E-03 -4.274477617021E-20  1.845936892717E-20 -7.860690159323E-21 -8.554045942817E-03
  1.440000000000E+02  1.460000000000E+02  2.074690970448E+01  3.838429325544E-13 -5.693944334093E-02  4.335624476488E+02  7.853218345511E-01  9.699074759451E-01 -6.369873830256E-01  2.499275404580E-03 -1.183651994959E+00  4.268461157927E+00  3.903599082947E-02 -1.708894456348E-01  1.318534548067E-01 -1.347877952003E-01  2.212667283475E-03  1.562567926580E-05 -2.361759578163E-05  2.997385933408E-06  3.278162234326E-01 -1.562567917094E-05 -9.455598174889E-03 -1.907871206087E-20  2.713435202408E-21  4.870194581910E-21 -8.285697362709E-03
  1.480000000000E+02  1.500000000000E+02  2.082757344935E+01  3.868367749969E-13 -5.936980186371E-02  4.368996108741E+02  7.799093784051E-01  9.602275151749E-01 -6.316565623273E-01  2.743284122424E-03 -1.237525014219E+00  4.224009166744E+00  3.769875635982E-02 -1.673555001377E-01  1.296567437809E-01 -1.302195343005E-01  2.409147779908E-03  3.473284361912E-05 -1.943868239772E-05  6.482976016905E-06  3.204069314649E-01 -3.473284394932E-05 -1.058966400031E-02 -4.108606669537E-20  5.046073172826E-21  4.188785500792E-21 -8.054665648556E-03
  1.520000000000E+02  1.540000000000E+02  2.090714148273E+01  3.818725119106E-13 -6.219687045014E-02  4.402016190852E+02  7.747173865812E-01  9.500774494125E-01 -6.261342745127E-01  3.006728322733E-03 -1.299809442665E+00  4.177064939449E+00  3.639950392013E-02 -1.637366320645E-01  1.273371281416E-01 -1.272441224413E-01  2.873960800117E-03 -4.906784302447E-06 -1.491340540537E-05  6.895392787186E-06  3.138605511382E-01  4.906784123640E-06 -1.180661039058E-02  2.108787582516E-21  2.061010331881E-20 -6.615148901197E-20 -7.833222400109E-03
  1.560000000000E+02  1.580000000000E+02  2.098448663491E+01  3.672367760004E-13 -6.526857337660E-02  4.434213975428E+02  7.697809475275E-01  9.404744155543E-01 -6.208112422399E-01  3.244745892144E-03 -1.367222944195E+00  4.131411559141E+00  3.567415085748E-02 -1.606801588460E-01  1.250060079885E-01 -1.236098466069E-01  3.108802738356E-03 -4.142749256729E-06 -9.234702355237E-06  6.273554593137E-06  3.070932182445E-01  4.142748747105E-06 -1.171185623461E-02 -6.904993323121E-20 -8.457266628819E-22 -1.067511977040E-20 -7.613507313856E-03
  1.600000000000E+02  1.620000000000E+02  2.106071918369E+01  3.710857474891E-13 -6.808031991570E-02  4.466082046021E+02  7.650567946013E-01  9.321164634574E-01 -6.154445027699E-01  3.431084451042E-03 -1.428742989390E+00  4.082810084280E+00  3.442619723762E-02 -1.572757507554E-01  1.228495535170E-01 -1.201478016873E-01  3.736503912002E-03  2.217024576197E-05 -5.407280180900E-06  7.043156781692E-06  2.993215579842E-01 -2.217024566352E-05 -1.190699608664E-02 -5.471741171721E-20  3.206362291781E-20 -1.989564755871E-20 -7.385767767862E-03
  1.640000000000E+02  1.660000000000E+02  2.113423290649E+01  3.671281132110E-13 -7.122422177568E-02  4.496927313053E+02  7.605120873436E-01  9.237508098434E-01 -6.102229442022E-01  3.636280669138E-03 -1.497897635468E+00  4.033245852941E+00  3.311742416558E-02 -1.540551135783E-01  1.209376894125E-01 -1.157951205172E-01  4.028451757140E-03 -5.079055485286E-06 -4.805118110984E-06 -7.907363758632E-07  2.907852472105E-01  5.079055212900E-06 -1.309818577431E-02  3.739099988443E-20 -1.420581359451E-20 -5.306943917609E-21 -7.124564567019E-03
  1.680000000000E+02  1.700000000000E+02  2.120613698677E+01  3.495992025963E-13 -7.464774485453E-02  4.527216328601E+02  7.560941953301E-01  9.160506847568E-01 -6.049088159860E-01  3.741768835208E-03 -1.574018786254E+00  3.989013577370E+00  3.225127586862E-02 -1.510204826758E-01  1.187692068084E-01 -1.121492937613E-01  4.426150148010E-03 -1.527305756774E-05 -5.439654921686E-06 -8.829113729698E-07  2.840965409106E-01  1.527305738840E-05 -1.391054847247E-02  2.300688596840E-21 -6.313233431443E-21 -3.424666498713E-21 -6.900380938336E-03
  1.720000000000E+02  1.740000000000E+02  2.127626123214E+01  3.483822160153E-13 -7.820776785918E-02  4.556848893217E+02  7.517103073210E-01  9.092973744031E-01 -5.995566505358E-01  3.943095457503E-03 -1.653586775983E+00  3.947846785608E+00  3.143085507312E-02 -1.481739745473E-01  1.167431194726E-01 -1.086563668180E-01  4.467085425641E-03 -5.799867222522E-06 -5.040892785594E-06  5.160490628201E-06  2.784698397797E-01  5.799866719146E-06 -1.361595217192E-02 -9.163701735411E-21 -1.160747380511E-20 -4.102366169868E-20 -6.705970284586E-03
  1.760000000000E+02  1.780000000000E+02  2.134538392988E+01  3.415544307164E-13 -8.143440481122E-02  4.586127638165E+02  7.473735590914E-01  9.031038243935E-01 -5.942855682350E-01  4.080170970810E-03 -1.727631024021E+00  3.903574529390E+00  3.042485560661E-02 -1.450354951356E-01  1.146106395297E-01 -1.058792193216E-01  3.982975451141E-03 -4.278420480857E-07 -4.371843634492E-06  7.843775674645E-06  2.732013383712E-01  4.278417200186E-07 -1.188125281289E-02  1.050755515639E-20 -3.417403482372E-20 -1.649751917473E-20 -6.531030401507E-03
  1.800000000000E+02  1.820000000000E+02  2.141286546229E+01  3.187523786585E-13 -8.412171785474E-02  4.614812661854E+02  7.432808326986E-01  8.969753254399E-01 -5.889368923215E-01  4.245461672479E-03 -1.789590117556E+00  3.865601457161E+00  2.974638996552E-02 -1.423880414819E-01  1.126416515166E-01 -1.031676068271E-01  3.402321076834E-03 -6.020399280240E-06 -3.708415876980E-06 -1.366739377973E-05  2.653066750104E-01  6.020398842104E-06 -9.692758377308E-03 -7.390117825152E-20 -1.020169160380E-21 -5.043677582098E-20 -6.334309005747E-03
  1.840000000000E+02  1.860000000000E+02  2.147805047315E+01  3.066478157914E-13 -8.629752192762E-02  4.642606035967E+02  7.392501918957E-01  8.913810444736E-01 -5.835820842044E-01  4.342823568976E-03 -1.840806484570E+00  3.822258785434E+00  2.870595506881E-02 -1.393361544844E-01  1.106301994166E-01 -9.959601963760E-02  2.813898424742E-03  4.124132835103E-06 -3.510714339515E-06 -1.918890727719E-05  2.582923065746E-01 -4.124133193079E-06 -9.365077366373E-03 -6.093797225347E-21 -1.374856858994E-20 -4.875206425931E-21 -6.128308978889E-03
  1.880000000000E+02  1.900000000000E+02  2.154201671936E+01  2.968253783678E-13 -8.880831532534E-02  4.669985053541E+02  7.349353145895E-01  8.859751287049E-01 -5.784210937619E-01  4.472545164801E-03 -1.899161705994E+00  3.783782119901E+00  2.829137325017E-02 -1.365530470856E-01  1.082616738383E-01 -9.679478449435E-02  3.022966521144E-03 -1.056393602632E-05 -4.102815211563E-06 -1.800654649862E-05  2.518642281125E-01  1.056393558738E-05 -9.715786926225E-03  6.633228610554E-21 -3.043113733113E-20  1.023653898903E-20 -5.949220189508E-03
  1.920000000000E+02  1.940000000000E+02  2.160388451239E+01  2.764512496238E-13 -9.110992348441E-02  4.696543060402E+02  7.303621752305E-01  8.790244992989E-01 -5.729960798545E-01  4.647402998775E-03 -1.953496575064E+00  3.739813646723E+00  2.754897975305E-02 -1.336258748426E-01  1.060768950894E-01 -9.338776219090E-02  2.891995715161E-03 -7.978887489998E-06 -1.920277835509E-06 -2.349428049236E-05  2.425679239594E-01  7.978887729320E-06 -9.087025937921E-03 -4.086929842363E-20  1.386632828804E-20 -3.143725558705E-21 -5.712143310158E-03
  1.960000000000E+02  1.980000000000E+02  2.166328660414E+01  2.660395113120E-13 -9.329572118775E-02  4.722129258560E+02  7.256444956817E-01  8.725502310909E-01 -5.679800940462E-01  4.786526264905E-03 -2.005803848641E+00  3.697872367278E+00  2.653209747542E-02 -1.307923710957E-01  1.042602736202E-01 -8.925930142961E-02  2.259501620914E-03  1.782688043123E-05  6.878313590829E-07 -2.250208189249E-05  2.357508960144E-01 -1.782688069728E-05 -8.737294928551E-03  6.982871432137E-20  1.466622822196E-20 -1.749005112643E-20 -5.488296839458E-03
  2.000000000000E+02  2.020600000000E+02  2.172192180247E+01  2.586725109284E-13 -9.544726690612E-02  4.747449816103E+02  7.202543371645E-01  8.652932706678E-01 -5.623759325575E-01  4.993998214616E-03 -2.058030522019E+00  3.661714759369E+00  2.531609862715E-02 -1.267008545077E-01  1.013847558802E-01 -8.654310528991E-02  2.361728510136E-03  2.166145278403E-05 -1.353871690772E-06 -1.508453548761E-05  2.272676087173E-01 -2.166145243800E-05 -8.154517036619E-03  1.858832283606E-20 -4.169253657360E-21 -1.882592311729E-22 -5.334071123319E-03
  2.041200000000E+02  2.062418000000E+02  2.178040201995E+01  2.312918438950E-13 -9.748392951647E-02  4.772776292472E+02  7.143460345960E-01  8.582420009391E-01 -5.570481635694E-01  5.180095111207E-03 -2.108639899301E+00  3.628736971069E+00  2.361605069630E-02 -1.221438115073E-01  9.852776080923E-02 -8.421395231750E-02  2.289216512138E-03 -1.071127421559E-05 -3.986211220872E-06 -5.496659726438E-06  2.209862808289E-01  1.071127283173E-05 -7.878552891717E-03  1.288507629995E-20 -1.093961550864E-20  5.629798861973E-20 -5.175209270961E-03
  2.083636000000E+02  2.105490540000E+02  2.183909618294E+01  1.906235669892E-13 -9.963007276985E-02  4.798231330097E+02  7.079965443049E-01  8.512633514012E-01 -5.512197809671E-01  5.280755677492E-03 -2.162615059158E+00  3.596850388784E+00  2.159766662300E-02 -1.172774862659E-01  9.567981964350E-02 -8.155998710969E-02  2.145365509207E-03 -7.087965347842E-06 -3.488678329576E-06 -7.153075997757E-06  2.159740676852E-01  7.087966381340E-06 -1.049359394863E-02  1.636856177257E-20 -2.953604390851E-21 -5.681780125919E-21 -5.048944806897E-03
  2.127345080000E+02  2.149855256200E+02  2.189841281443E+01  1.405982533812E-13 -1.032368055367E-01  4.824019021380E+02  7.012837882769E-01  8.443505846346E-01 -5.454089469125E-01  5.366472508607E-03 -2.248365111087E+00  3.565625196344E+00  1.979620372098E-02 -1.125757863922E-01  9.277958267218E-02 -8.005673586664E-02  3.275504390412E-03 -1.046390611709E-05 -3.388341936391E-06 -2.244018513032E-06  2.101367873893E-01  1.046390444363E-05 -1.459874853934E-02  2.197837361754E-20 -9.745983107317E-21 -1.135966867895E-22 -4.941674137173E-03
  2.172365432400E+02  2.195550913886E+02  2.195737969441E+01  1.047263301831E-13 -1.078408802662E-01  4.849723995660E+02  6.943508916501E-01  8.369081291296E-01 -5.392780170884E-01  5.394521581476E-03 -2.356364773263E+00  3.532186450855E+00  1.823388266757E-02 -1.077280624023E-01  8.949417973554E-02 -7.806831073761E-02  4.208826837365E-03 -1.756305521043E-05 -3.706873683530E-06 -5.869546397457E-06  2.029629220008E-01  1.756305538236E-05 -1.736305315465E-02 -4.405435413801E-20 -8.276199420893E-21 -8.373547611531E-21 -4.808462998642E-03
  2.218736395372E+02  2.242617441303E+02  2.201604706281E+01  8.845079645566E-14 -1.132779288507E-01  4.875333137305E+02  6.873035639026E-01  8.289236952562E-01 -5.331536273955E-01  5.452970954692E-03 -2.485131345066E+00  3.498129658517E+00  1.654372020685E-02 -1.026260045780E-01  8.608228437156E-02 -7.572094152103E-02  4.844601932887E-03  1.029634635864E-05 -2.749915695720E-06 -5.344418672212E-06  1.970695283261E-01 -1.029634676776E-05 -1.938533302279E-02  2.736842385102E-20  7.177449297722E-21  4.321989360663E-20 -4.687148821812E-03
  2.266498487233E+02  2.291095964542E+02  2.207504758863E+01  6.694512363440E-14 -1.194140854577E-01  4.901134424351E+02  6.801379964854E-01  8.204910094491E-01 -5.266365739334E-01  5.408376635807E-03 -2.629709242214E+00  3.464287532393E+00  1.490516832065E-02 -9.779444156545E-02  8.288927324507E-02 -7.429061958709E-02  5.231421380147E-03  9.298043726421E-06 -2.149102113164E-06  1.326497624079E-07  1.919235958013E-01 -9.298043595046E-06 -2.047386113493E-02 -2.473724352792E-20 -1.076863727450E-20  1.820266149915E-20 -4.583547680495E-03
  2.315693441850E+02  2.341028843478E+02  2.213409641712E+01  4.494944115992E-14 -1.258802857319E-01  4.926977867431E+02  6.727547665311E-01  8.116860768344E-01 -5.201485766895E-01  5.433494155588E-03 -2.781824691393E+00  3.434424696152E+00  1.303084122961E-02 -9.286357997310E-02  7.983273874227E-02 -7.255824368881E-02  5.429972233774E-03 -6.163137772472E-06 -2.248880307183E-06 -1.983891084888E-06  1.874901641604E-01  6.163137508351E-06 -2.010346145685E-02  8.898786175266E-21 -4.844421980793E-21 -3.097623926514E-20 -4.487284699101E-03
  2.366364245106E+02  2.392459708782E+02  2.219379497909E+01  3.571991183740E-14 -1.321631297162E-01  4.953183041428E+02  6.649374190277E-01  8.026968396549E-01 -5.132771703776E-01  5.384300513886E-03 -2.930335125330E+00  3.399258769919E+00  1.132353217817E-02 -8.747913478940E-02  7.615560261062E-02 -7.105038669645E-02  5.500359642646E-03  3.058028330510E-06 -1.760302860479E-06 -4.381767447654E-06  1.821812603742E-01 -3.058028734605E-06 -1.874209198762E-02  7.136097876205E-21  8.447527871437E-21 -3.818262325190E-20 -4.390680003294E-03
  2.418555172459E+02  2.445433500046E+02  2.225294372939E+01  4.192692041350E-14 -1.381242864971E-01  4.979255567654E+02  6.566911143903E-01  7.932813251489E-01 -5.063807124094E-01  5.470936920665E-03 -3.072175326697E+00  3.370818645149E+00  9.602736402913E-03 -8.248566048632E-02  7.288292408302E-02 -6.952534228644E-02  5.273519304000E-03  9.730547175779E-06  3.871066463369E-07  2.168065326117E-06  1.786563337199E-01 -9.730547180378E-06 -1.738231943270E-02 -1.986413459531E-20  3.883689898231E-21 -9.076995608084E-21 -4.320272673936E-03
  2.472311827633E+02  2.499996505047E+02  2.231388821018E+01  5.126025168570E-14 -1.438495761336E-01  5.006189621057E+02  6.482097548439E-01  7.839940306701E-01 -4.992166532065E-01  5.391500537802E-03 -3.208294722702E+00  3.341695448235E+00  7.934944488595E-03 -7.746050133402E-02  6.952555684559E-02 -6.880278457224E-02  4.657858490284E-03  1.184402499485E-06  1.544615180979E-06  1.159525275478E-06  1.766210353233E-01 -1.184402244044E-06 -1.402774157523E-02  5.974123553276E-20 -2.324844657546E-20 -1.992625092243E-20 -4.267684336490E-03
  2.527681182462E+02  2.556196400198E+02  2.237522413300E+01  4.842155568290E-14 -1.478314474077E-01  5.033355425057E+02  6.398568930854E-01  7.740325748227E-01 -4.918967535164E-01  5.374982109050E-03 -3.307278548204E+00  3.314550621095E+00  6.477407887209E-03 -7.237100088333E-02  6.589359299545E-02 -6.775784513625E-02  3.548103782151E-03 -7.024129294784E-06 -1.069948385228E-07  1.342306237955E-06  1.725709028691E-01  7.024129143605E-06 -1.140226357911E-02 -7.971734389208E-21  1.805141456002E-21 -1.001059164691E-20 -4.187559722620E-03
  2.584711617935E+02  2.614082292204E+02  2.243688862550E+01  3.453082235659E-14 -1.519664331038E-01  5.060773582512E+02  6.319343432433E-01  7.654853563236E-01 -4.846474625477E-01  5.306822663370E-03 -3.412164295192E+00  3.289903767314E+00  4.713917418216E-03 -6.726878492597E-02  6.255486750707E-02 -6.625040797290E-02  3.501483232683E-03  1.516366822634E-06 -1.032145766282E-06  8.015477208787E-06  1.692703075955E-01 -1.516366779656E-06 -1.066202401222E-02  4.100438985805E-20  2.447397002912E-20 -2.703229771459E-20 -4.108249333154E-03
  2.643452966473E+02  2.673704760971E+02  2.249948476304E+01  2.258035801163E-14 -1.556038134559E-01  5.088699859620E+02  6.245039250657E-01  7.570132849044E-01 -4.769241785070E-01  5.197379316606E-03 -3.506799717829E+00  3.261419806255E+00  2.758032051365E-03 -6.203535048173E-02  5.927731843099E-02 -6.507219875072E-02  3.143948608398E-03  5.277659156463E-07 -1.126189096867E-07  1.397207170451E-05  1.649203116093E-01 -5.277660090880E-07 -9.626842315066E-03 -3.085836352549E-20 -1.082639944975E-23 -2.293921790110E-20 -4.020060709777E-03
  2.703956555468E+02  2.735115903800E+02  2.256162944781E+01  2.543487093396E-14 -1.591654926758E-01  5.116472816870E+02  6.173540967101E-01  7.473436334527E-01 -4.692236621703E-01  5.057028623324E-03 -3.598097115495E+00  3.232525741644E+00  9.706726231299E-04 -5.648758930685E-02  5.551691668379E-02 -6.359705189612E-02  2.897393461331E-03 -5.236223363068E-06  1.337321744277E-06  2.020750958497E-05  1.606329349829E-01  5.236223758270E-06 -9.577078219059E-03  2.486738657515E-20 -8.805026733000E-21  4.482903650191E-20 -3.936379797209E-03
  2.766275252132E+02  2.798369380914E+02  2.262459826220E+01  3.651483629352E-14 -1.630167685722E-01  5.144721474364E+02  6.099007887087E-01  7.374614384120E-01 -4.613094281423E-01  4.767666317254E-03 -3.696901605962E+00  3.209717391196E+00 -3.542424031184E-04 -5.169206140082E-02  5.204630380389E-02 -6.230993460124E-02  2.967844745866E-03  1.490765465286E-06  2.993905588998E-06  2.540277404105E-05  1.566732837497E-01 -1.490765231667E-06 -1.014455426742E-02  2.264409780133E-20 -2.506414370680E-20 -2.502846234403E-21 -3.832705384660E-03
  2.830463509696E+02  2.863520462341E+02  2.268725384818E+01  3.292589002372E-14 -1.673175424135E-01  5.172890297904E+02  6.020779018287E-01  7.298531032612E-01 -4.531294742051E-01  4.511820944842E-03 -3.808117869135E+00  3.185289843008E+00 -2.068466982142E-03 -4.667724758002E-02  4.874571456104E-02 -6.029793878542E-02  3.060729798666E-03  8.064798353479E-06  5.884847389162E-06  3.329854276333E-05  1.519379810254E-01 -8.064798420349E-06 -8.533198209320E-03  1.861395473161E-20  1.346185652554E-20  2.255848122713E-20 -3.725450061755E-03
  2.896577414987E+02  2.930626076211E+02  2.275012256022E+01  1.541587112593E-14 -1.700993225526E-01  5.201234958726E+02  5.940054252931E-01  7.233528135890E-01 -4.449876226134E-01  4.128620051841E-03 -3.885820104782E+00  3.165618530167E+00 -3.086956194005E-03 -4.197111495600E-02  4.505807115144E-02 -5.946945654331E-02  2.541288677738E-03  6.447007540410E-06  9.311135810198E-06  3.574456013536E-05  1.502994064144E-01 -6.447007732303E-06 -5.760763058792E-03  2.065380810032E-20 -2.034191048463E-20  1.227814590372E-20 -3.721275282626E-03
  2.964674737436E+02  2.999744858498E+02  2.281519159580E+01  3.918611384453E-15 -1.722279136861E-01  5.230641243573E+02  5.860535460690E-01  7.154984750357E-01 -4.367688220940E-01  3.707941253162E-03 -3.945465700322E+00  3.149498593770E+00 -4.252264227093E-03 -3.748221932917E-02  4.173448355635E-02 -5.950839604714E-02  2.222739678541E-03  4.405663997682E-06  1.192986836505E-05  2.514383038235E-05  1.475883288490E-01 -4.405664096725E-06 -4.855788960789E-03 -3.779830384176E-20 -4.582142234526E-21  1.019023104736E-20 -3.689282993713E-03
  3.034814979559E+02  3.070937204253E+02  2.287948628316E+01  5.359500170055E-15 -1.743868292734E-01  5.259738991628E+02  5.786946134192E-01  7.087758831226E-01 -4.283708191620E-01  3.008962289323E-03 -4.004701843767E+00  3.127818136544E+00 -5.287558201184E-03 -3.271364255540E-02  3.800120075742E-02 -5.858641527497E-02  2.581821301762E-03  3.794818934142E-06  1.479457322009E-05  1.707340367777E-05  1.444410187914E-01 -3.794818953673E-06 -5.436820773062E-03 -2.179186676347E-20  7.816782119251E-22 -1.147302375138E-20 -3.646703405499E-03
  3.107059428946E+02  3.144265320380E+02  2.294559981806E+01  1.473547268001E-14 -1.771862070143E-01  5.289744089121E+02  5.715506929268E-01  7.029380382953E-01 -4.199871353181E-01  2.572921375050E-03 -4.080030822596E+00  3.119115192381E+00 -6.111838624704E-03 -2.838512516275E-02  3.449696378775E-02 -5.808021986692E-02  2.419496238755E-03  5.946663929136E-06  1.829302616424E-05  1.277702470228E-05  1.420335004099E-01 -5.946663765445E-06 -4.222963133229E-03  4.235131187051E-21 -4.448297418578E-20  2.625674456157E-20 -3.604189347143E-03
  3.181471211814E+02  3.219793279992E+02  2.301160098615E+01  3.454157272709E-14 -1.783516890166E-01  5.319741994611E+02  5.646465328344E-01  6.945280403317E-01 -4.115602764683E-01  2.023614365713E-03 -4.117006721332E+00  3.110283473243E+00 -6.678090308755E-03 -2.420362072865E-02  3.088171103760E-02 -5.720155917357E-02  1.493324028565E-03  9.952952925924E-06  2.073540007849E-05  9.743400708277E-06  1.371516942422E-01 -9.952952525908E-06 -1.441985217352E-03 -2.111017855420E-20  3.358750955836E-20 -3.064128832689E-20 -3.527361351761E-03
  3.258115348169E+02  3.297587078391E+02  2.307702255748E+01  5.556240970789E-14 -1.786157978497E-01  5.349575003279E+02  5.583044580793E-01  6.858269115202E-01 -4.031596420340E-01  1.530490419295E-03 -4.131354254023E+00  3.106776350145E+00 -7.523303266716E-03 -1.985133168543E-02  2.737463495328E-02 -5.575367454594E-02  1.036593594679E-03  1.031418610460E-05  2.182652765599E-05  7.919031598738E-06  1.317440187301E-01 -1.031418637752E-05  1.785819907901E-03  2.198817478685E-20 -2.475665958119E-20 -1.538036370683E-20 -3.443386941251E-03
  3.337058808614E+02  3.377714690743E+02  2.314162037241E+01  7.498385968853E-14 -1.766264640247E-01  5.379088012016E+02  5.519616717962E-01  6.767325334590E-01 -3.945444910892E-01  9.193626597570E-04 -4.093486297180E+00  3.100694565795E+00 -8.183488382831E-03 -1.591535222226E-02  2.409884060460E-02 -5.439584819361E-02  1.620181610790E-05  5.195569683000E-06  2.324615020241E-05  7.982815978254E-06  1.259654890202E-01 -5.195569493975E-06  5.228730380946E-03 -1.356003453297E-20 -6.707230246327E-21 -1.985006441407E-21 -3.341747086912E-03
  3.418370572872E+02  3.460246131465E+02  2.320507651833E+01  9.541705475504E-14 -1.733296365238E-01  5.408149259797E+02  5.451603688573E-01  6.694675901104E-01 -3.855982301819E-01  4.676271481922E-04 -4.025415442448E+00  3.102642869860E+00 -8.624554186421E-03 -1.250028574287E-02  2.112483992793E-02 -5.251646865049E-02 -1.229021094938E-03 -9.150291722483E-06  2.426988092880E-05 -2.515985439765E-06  1.228727484083E-01  9.150291711386E-06  5.616397003878E-03 -7.220381835119E-20  5.290422984722E-21  3.385977587443E-21 -3.289870380743E-03
  3.502121690058E+02  3.545253515409E+02  2.327030418825E+01  1.092691163246E-13 -1.708132442276E-01  5.438010725822E+02  5.375333648852E-01  6.627888351047E-01 -3.763240173125E-01 -3.862289731289E-04 -3.974554894080E+00  3.108371957592E+00 -8.768901656237E-03 -9.422290458785E-03  1.819119211489E-02 -5.279629115220E-02 -4.476612507819E-04 -8.837410616878E-06  2.553968519825E-05 -4.487145967209E-06  1.195454221907E-01  8.837410747202E-06  4.689318020302E-03  2.524989974400E-20 -1.310143476714E-20 -2.296196239811E-21 -3.268197755690E-03
  3.588385340760E+02  3.632811120872E+02  2.333404092448E+01  1.151163140506E-13 -1.683322424185E-01  5.467205462751E+02  5.289098537574E-01  6.565880004533E-01 -3.670948359963E-01 -9.890055203858E-04 -3.928155917997E+00  3.110241249426E+00 -8.713760635438E-03 -5.750118144198E-03  1.446387877884E-02 -5.165761273370E-02 -2.333203386191E-04 -7.065447060388E-07  2.576207121217E-05  4.286055620008E-07  1.127028941251E-01  7.065446313670E-07  5.558451826382E-03 -3.165736076949E-21 -5.982570958898E-21 -6.368332015680E-21 -3.175932830197E-03
  3.677236900983E+02  3.722995454498E+02  2.339552340966E+01  1.139921860608E-13 -1.646190273633E-01  5.495365875077E+02  5.196207920467E-01  6.502339837877E-01 -3.570057794361E-01 -1.998864131624E-03 -3.847775226101E+00  3.121381592513E+00 -9.110548737724E-03 -2.459609213100E-03  1.157015795167E-02 -4.983898904758E-02 -1.000361087073E-03  7.919127735395E-07  2.329664368975E-05  4.658305011908E-07  1.061745944830E-01 -7.919128266551E-07  6.081699088817E-03 -2.100425770040E-20 -2.583706951144E-20  1.885903370067E-20 -3.058138201020E-03
  3.768754008012E+02  3.815885318133E+02  2.345551849054E+01  1.157444209920E-13 -1.613098376676E-01  5.522913420010E+02  5.100933501602E-01  6.473854349041E-01 -3.471797708796E-01 -2.936953785339E-03 -3.774609668294E+00  3.130579193026E+00 -8.849008389756E-03  6.241993743121E-04  8.224809015744E-03 -4.813556832148E-02 -4.841426020970E-04 -9.973824347196E-06  1.917389946508E-05 -4.696302702425E-06  1.016927564789E-01  9.973824257815E-06  3.643650125871E-03 -1.458111649480E-20  1.542364061059E-20  6.245448437420E-21 -3.005627473133E-03
  3.863016628253E+02  3.911561877677E+02  2.351536110057E+01  1.280770194761E-13 -1.602689709802E-01  5.550371609957E+02  5.004410918535E-01  6.449672320585E-01 -3.360901858717E-01 -4.028229354021E-03 -3.754181132591E+00  3.166439820722E+00 -9.428835583874E-03  4.037879838635E-03  5.390955745896E-03 -4.838390883451E-02 -2.953599728097E-05 -4.411443404816E-06  1.652465330975E-05 -7.724792312075E-06  1.032519250591E-01  4.411443451277E-06  2.123518928264E-03 -2.303620695202E-20 -7.241226375843E-21  6.310655930309E-21 -3.089891611006E-03
  3.960107127100E+02  4.010108734007E+02  2.358085678428E+01  1.385428432856E-13 -1.586683833345E-01  5.580457083306E+02  4.915410935012E-01  6.441456998284E-01 -3.255009542697E-01 -5.103466247489E-03 -3.725425038831E+00  3.211119823235E+00 -9.240792706237E-03  7.408920203611E-03  1.831872502303E-03 -5.070746294963E-02 -2.251966158602E-04 -9.490871706372E-06  1.309070113542E-05 -1.491953356522E-05  1.087479824382E-01  9.490871720502E-06  2.878242350045E-03  2.103338874500E-20  2.441517232457E-20  1.538652801981E-20 -3.240572088078E-03
  4.060110340913E+02  4.111611996027E+02  2.365130473805E+01  1.377726202798E-13 -1.566307549985E-01  5.612891543471E+02  4.834560414501E-01  6.447027261675E-01 -3.140261202235E-01 -6.167455122823E-03 -3.687106397243E+00  3.248838581926E+00 -9.503019316111E-03  1.074546529994E-02 -1.242445982836E-03 -5.289053671055E-02 -3.017118050628E-04 -5.531840493822E-06  1.009535898755E-05 -1.200698539474E-05  1.107728787876E-01  5.531840449027E-06  4.678344965351E-03 -2.976771253407E-20 -7.115309718954E-21  8.684305504100E-21 -3.347612307820E-03
  4.163113651141E+02  4.216160355908E+02  2.372346508199E+01  1.339241431873E-13 -1.526428533864E-01  5.646221418265E+02  4.752061436383E-01  6.457631798336E-01 -3.026634939516E-01 -6.786247015890E-03 -3.608746632871E+00  3.285807614796E+00 -1.029031948467E-02  1.399520136468E-02 -3.704881879241E-03 -5.379847662367E-02 -1.602509856268E-03  3.733150159135E-07  7.421990764638E-06 -4.685150635929E-06  1.092688331880E-01 -3.733148600372E-07  8.772303737561E-03 -1.236784062868E-20 -3.444333384922E-21  2.330903001987E-20 -3.347077429289E-03
  4.269207060675E+02  4.323845166585E+02  2.379621376647E+01  1.235019864154E-13 -1.450138117763E-01  5.680023963424E+02  4.669572043666E-01  6.473009209847E-01 -2.909296680693E-01 -7.541653869120E-03 -3.438434973117E+00  3.337882530236E+00 -1.084643136220E-02  1.747205669048E-02 -6.625625328793E-03 -5.361123206324E-02 -3.055522774672E-03 -2.686468903733E-06  2.272121092102E-06  8.107468640137E-07  1.093263446648E-01  2.686468682875E-06  1.197464268324E-02  6.431513665879E-21 -2.269729387740E-21  2.149679997115E-21 -3.383481628170E-03
  4.378483272495E+02  4.434760521583E+02  2.387277819772E+01  1.027597532529E-13 -1.363262281557E-01  5.715653857783E+02  4.592303257521E-01  6.533412072531E-01 -2.790569011978E-01 -8.278971304343E-03 -3.243465993941E+00  3.397995228964E+00 -1.179561946406E-02  2.101311691551E-02 -9.217497451019E-03 -5.515194114794E-02 -3.765824333140E-03  3.267612738389E-06 -2.864300416400E-06  3.965182237108E-07  1.123304936091E-01 -3.267612743929E-06  1.279603092752E-02  2.349772767857E-20  1.938908894404E-20 -4.396472886763E-20 -3.531688298134E-03
  4.491037770670E+02  4.549003337230E+02  2.395419123182E+01  8.603141925708E-14 -1.270316230939E-01  5.753784582174E+02  4.522583516576E-01  6.548631988496E-01 -2.674898630979E-01 -8.937405681420E-03 -3.025840734236E+00  3.453936973636E+00 -1.215525705091E-02  2.399219151845E-02 -1.183693446712E-02 -5.751862853607E-02 -3.254517668714E-03 -2.122779903320E-05 -5.369133594658E-06  7.177748380313E-06  1.133989731700E-01  2.122779876014E-05  8.506346938407E-03 -2.974335157069E-20  8.615889056267E-21 -6.963429054111E-22 -3.611546631512E-03
  4.606968903790E+02  4.666673437347E+02  2.403704560655E+01  8.026840477016E-14 -1.240224737936E-01  5.792582168511E+02  4.462247581967E-01  6.573896703170E-01 -2.556446135379E-01 -9.778828952388E-03 -2.957663083518E+00  3.493699872438E+00 -1.335204878892E-02  2.632644128990E-02 -1.297439250104E-02 -5.755209865253E-02 -1.783638757940E-03 -1.562979377553E-05 -6.460460799413E-06  5.837350939553E-06  1.102693066452E-01  1.562979364421E-05  7.873157522155E-03  3.666313694111E-20  7.275117820164E-21 -7.929925258194E-21 -3.517153700460E-03
  4.726377970904E+02  4.787873640468E+02  2.411875632640E+01  9.258862021984E-14 -1.153146918124E-01  5.831060788693E+02  4.412138610033E-01  6.517478091617E-01 -2.446075496744E-01 -1.018213398623E-02 -2.747881460523E+00  3.543807656048E+00 -1.442199667313E-02  2.828311703290E-02 -1.386112036216E-02 -5.527166299017E-02 -2.571003074944E-03 -6.556570676109E-06 -5.941157359838E-06 -2.756026398059E-06  1.079372532572E-01  6.556570849677E-06  8.827153851782E-03 -1.024093785157E-20  1.590226495310E-20 -7.757061796413E-23 -3.476455938994E-03
  4.849369310031E+02  4.912709849682E+02  2.420300367273E+01  1.074040382095E-13 -1.104606666797E-01  5.870882535696E+02  4.355420441125E-01  6.372358586716E-01 -2.330617773384E-01 -1.093406368903E-02 -2.634478459262E+00  3.601956622334E+00 -1.523328865347E-02  3.059850704943E-02 -1.536521839557E-02 -5.585868938318E-02 -1.271437571090E-03  5.047982573461E-06 -2.931737267760E-06 -1.322020024045E-05  1.056565983429E-01 -5.047982899446E-06  7.531205965777E-03  2.195977536442E-20  1.751675326629E-21 -8.378433717582E-21 -3.484882758356E-03
  4.976050389332E+02  5.041291145172E+02  2.428610367493E+01  1.187698978518E-13 -1.034015895126E-01  5.910356345711E+02  4.282617830947E-01  6.131044902984E-01 -2.225845186818E-01 -1.085965235353E-02 -2.463680740391E+00  3.627700274603E+00 -1.555829037415E-02  3.234871025849E-02 -1.679041988549E-02 -5.521375814751E-02 -1.537962914943E-03 -1.026037585321E-06 -2.191932406607E-06 -1.137324984927E-05  1.008067461243E-01  1.026037937177E-06  3.379924745792E-03 -9.775770774954E-21 -4.618210900409E-21  2.299011755257E-22 -3.395775907065E-03
  5.106531901012E+02  5.173729879527E+02  2.436745138789E+01  1.299091679137E-13 -1.049674511351E-01  5.949177453789E+02  4.185386539304E-01  5.941210191172E-01 -2.113430555751E-01 -1.137087050131E-02 -2.501112853517E+00  3.658492208360E+00 -1.522604543546E-02  3.426917658076E-02 -1.904313114468E-02 -5.412291303884E-02  1.827746567326E-03 -3.781246460348E-06  2.204877537581E-07 -1.474462997617E-05  1.000174872893E-01  3.781246382158E-06 -4.783431500509E-05  9.163118441862E-21 -4.381146942375E-21 -2.343117779122E-22 -3.434438194596E-03
  5.240927858042E+02  5.310141775913E+02  2.445415968125E+01  1.194792760099E-13 -1.034539911729E-01  5.990808122537E+02  4.068539909553E-01  5.698098635320E-01 -2.012243481377E-01 -1.089887276010E-02 -2.467133998256E+00  3.717344178519E+00 -1.673027784185E-02  3.653804221392E-02 -1.980776437210E-02 -5.604941913391E-02  3.089102162592E-04 -7.681962935066E-06 -7.120475740118E-07 -1.148529054876E-05  1.019367224247E-01  7.681962728774E-06  2.604929075240E-03 -8.648742465167E-21 -9.983844000472E-21  1.062218850857E-20 -3.539837897621E-03
  5.379355693784E+02  5.450646029190E+02  2.454383463642E+01  9.685568955660E-14 -1.004027713376E-01  6.034044899235E+02  3.943339111731E-01  5.445362760563E-01 -1.912784761375E-01 -1.049148159397E-02 -2.396442267485E+00  3.759978919993E+00 -1.712415631623E-02  3.778632892090E-02 -2.066217260550E-02 -5.683681609615E-02 -2.450014472544E-04 -5.349958883126E-06 -5.036471594672E-06 -7.698006473391E-06  1.015008698972E-01  5.349958709838E-06  1.122728777254E-03  9.606869495456E-21  4.726792366946E-21 -4.353533469425E-20 -3.544653534303E-03
  5.521936364597E+02  5.595365410066E+02  2.463501855766E+01  9.282762463795E-14 -1.014256432794E-01  6.078252246884E+02  3.820730599740E-01  5.299169063908E-01 -1.816031710345E-01 -9.708288267722E-03 -2.432356896096E+00  3.761375216701E+00 -1.540724468191E-02  3.708386277376E-02 -2.167661809232E-02 -5.599021304819E-02  1.140387516737E-03  3.131010553050E-06 -1.038687098655E-05 -7.177223387904E-06  9.570032929754E-02 -3.131010526838E-06  1.011879354781E-03 -4.135076621310E-20 -1.594515888358E-20  2.662191498856E-20 -3.349785688965E-03
  5.668794455535E+02  5.743794455535E+02  2.471949400676E+01  1.005662995009E-13 -9.851394796117E-02  6.119460673070E+02  3.702410161290E-01  5.103744900539E-01 -1.723453043130E-01 -8.543899354492E-03 -2.371628294875E+00  3.746597728799E+00 -1.431281133248E-02  3.579388239268E-02 -2.148107105837E-02 -5.039510610974E-02 -2.608726728589E-04  2.317307393307E-06 -1.867756068433E-05 -4.126879844211E-07  9.011637411360E-02 -2.317307531809E-06  1.408573896289E-03  4.450415679396E-21  3.304013439398E-21  9.947992336844E-21 -3.058041412933E-03
  5.818794455535E+02  5.893794455535E+02  2.480396150451E+01  1.033465893881E-13 -9.875274250012E-02  6.160962661632E+02  3.594512436413E-01  4.889338261958E-01 -1.639883594093E-01 -7.248155116139E-03 -2.388884461019E+00  3.648410706193E+00 -1.269374615400E-02  3.266849563390E-02 -1.997474947930E-02 -4.699033093285E-02 -5.085638968738E-04  4.766090388884E-06 -2.116030864061E-05  5.747679599293E-06  8.188423736908E-02 -4.766090391039E-06  3.038142185564E-03 -2.031100743645E-20 -1.850963574822E-20 -8.097285660258E-21 -2.700216222660E-03
  5.968794455535E+02  6.043794455535E+02  2.487297867600E+01  1.104412152009E-13 -9.286108815987E-02  6.194906805472E+02  3.486991560872E-01  4.740431238167E-01 -1.553927049349E-01 -5.001831649339E-03 -2.255717580742E+00  3.567021008585E+00 -9.765181560660E-03  3.002566161472E-02 -2.026048005381E-02 -3.982329668897E-02 -2.321795604506E-03  4.823468320289E-06 -1.348934923818E-05  1.376079681082E-05  7.703840380324E-02 -4.823468403668E-06  8.410559493857E-03  4.039363219448E-21  7.615625190144E-22  1.379019285696E-20 -2.467401551267E-03
  6.118794455535E+02  6.193794455535E+02  2.494840232126E+01  1.210608609886E-13 -8.308765193470E-02  6.232232544586E+02  3.388926887040E-01  4.596758826330E-01 -1.478924761957E-01 -3.921689473625E-03 -2.027086312471E+00  3.510125896979E+00 -7.969252768617E-03  2.664700669528E-02 -1.867775392618E-02 -3.922158836524E-02 -3.809022057623E-03  7.161704796893E-06 -8.869842611099E-06  1.091806475556E-05  7.657472772900E-02 -7.161704759924E-06  8.201739311495E-03  4.452478571487E-20  2.092080020529E-20  1.218167840017E-20 -2.332526844018E-03
  6.268794455535E+02  6.343794455535E+02  2.501661761290E+01  1.227931003406E-13 -7.755224042956E-02  6.265978189727E+02  3.300924573083E-01  4.492352877539E-01 -1.398514140442E-01 -2.263624325841E-03 -1.903173823055E+00  3.452937211798E+00 -5.936758282158E-03  2.353045736120E-02 -1.759369907813E-02 -3.526402110305E-02 -2.951239196297E-03  7.637358666099E-06 -1.656849852026E-05  1.579493509025E-05  7.244355727650E-02 -7.637358538242E-06  1.089750342552E-02  1.328959742509E-20  1.135751798918E-20  6.940495631168E-21 -2.138219393273E-03
  6.418794455535E+02  6.493794455535E+02  2.508424696050E+01  1.117106991401E-13 -6.265936115511E-02  6.299606217381E+02  3.217037447206E-01  4.385076235832E-01 -1.331888457420E-01 -1.119992451496E-03 -1.536802452822E+00  3.431583194369E+00 -1.131289725646E-03  2.029008401131E-02 -1.915879428789E-02 -3.376958836459E-02 -4.142184181710E-03  8.715390343968E-06 -2.072001470607E-05  1.941686252540E-05  7.122570440766E-02 -8.715390533973E-06  1.716039457107E-02  1.512920552054E-20  1.287547591416E-20 -7.806702779081E-21 -2.096289977545E-03
  6.568794455535E+02  6.643794455535E+02  2.515013778374E+01  1.001999559713E-13 -4.534171247315E-02  6.332426977309E+02  3.139920381562E-01  4.295461350935E-01 -1.264832547935E-01 -8.001749645422E-05 -1.108027646657E+00  3.408970948101E+00  4.095224904675E-03  1.715784567279E-02 -2.125307057672E-02 -3.283206547935E-02 -5.124735321004E-03  1.405806637513E-05 -1.863033823566E-05  1.901453546263E-05  6.803512986835E-02 -1.405806634400E-05  1.563023808730E-02  2.137765292608E-20  8.308776612292E-21 -2.974876496757E-20 -1.991206081573E-03
  6.718794455535E+02  6.793794455535E+02  2.521178880450E+01  9.837874091756E-14 -3.333585652651E-02  6.363200483416E+02  3.073903649789E-01  4.242845147182E-01 -1.198539483547E-01  1.103437902644E-03 -8.089780451481E-01  3.399936610800E+00  9.340994993614E-03  1.386202817236E-02 -2.320302316394E-02 -3.042439532512E-02 -3.416214932841E-03 -3.724382564238E-06 -1.674444318542E-05  1.112262009589E-05  6.224618779742E-02  3.724382341283E-06  1.310658087095E-02 -1.919486912070E-20 -1.694630970353E-20 -1.073887036317E-20 -1.780728835743E-03
  6.868794455535E+02  6.943794455535E+02  2.526676875335E+01  9.636982936193E-14 -2.075501918974E-02  6.390612841207E+02  3.015278094195E-01  4.157932302627E-01 -1.134030052966E-01  7.881102454043E-04 -4.931447630663E-01  3.394379767077E+00  1.613571668304E-02  9.635556635834E-03 -2.577127331903E-02 -2.715449769726E-02 -3.296736697971E-03 -3.501217008167E-06 -1.488208886401E-05  8.063777256008E-06  5.667167260416E-02  3.501217031809E-06  1.204123365292E-02 -1.467359035695E-20 -1.917377056224E-20  1.239064541916E-21 -1.624840055933E-03
  7.018794455535E+02  7.093794455535E+02  2.531801592214E+01  9.391205810690E-14 -1.072618617060E-02  6.416248302781E+02  2.960422847837E-01  4.146016524479E-01 -1.072809502012E-01  1.723342671616E-03 -2.424401175677E-01  3.372789235141E+00  2.017897206781E-02  6.229680035079E-03 -2.640865210104E-02 -2.465703190856E-02 -2.703134639150E-03 -5.355690748418E-07 -1.594802832492E-05  9.084496006269E-06  5.299101881490E-02  5.355691195234E-07  9.252345618687E-03  4.955827251616E-22 -2.559880213716E-20 -5.178211770918E-21 -1.458033949938E-03
  7.168794455535E+02  7.243794455535E+02  2.536614272401E+01  1.043276917403E-13 -3.441999158774E-03  6.440410269042E+02  2.895097092356E-01  4.081081541491E-01 -1.016090876161E-01  1.183111264169E-03 -5.367977075171E-02  3.378924589693E+00  2.574330240472E-02  2.573880133015E-03 -2.831718253815E-02 -2.255758631656E-02 -1.409671704703E-03  2.256373914277E-06 -2.093662312672E-05  6.159917816141E-06  4.914244202381E-02 -2.256373793351E-06  5.872364946501E-03 -4.737624982725E-21  7.531133937341E-21 -2.581287439201E-20 -1.376259418005E-03
  7.318794455535E+02  7.393794455535E+02  2.541014121109E+01  1.132773626058E-13  2.022339135617E-04  6.462551378666E+02  2.826203469233E-01  4.051693691945E-01 -9.552327826362E-02  1.281844450620E-03  4.190466558104E-02  3.396607799674E+00  3.109169115765E-02 -3.169896076664E-04 -3.077470155165E-02 -2.156857525552E-02 -2.984548152367E-04 -2.941820166549E-06 -2.037209736548E-05 -5.324446364833E-06  4.511373232556E-02  2.941820036437E-06  2.132900948719E-03  1.846383745557E-20  2.896474563750E-21  2.232093196524E-20 -1.319075960247E-03
  7.468794455535E+02  7.543794455535E+02  2.545069802902E+01  1.128393469519E-13  5.736513018751E-04  6.483031595030E+02  2.748261022495E-01  3.967875856355E-01 -8.967159160426E-02  1.381352995896E-03  5.077871042498E-02  3.419601157554E+00  3.574410195015E-02 -2.894610544548E-03 -3.284949140589E-02 -2.055120038705E-02  5.409962574352E-04 -1.391028491626E-06 -1.074581744655E-05 -2.319489389321E-06  4.257334985265E-02  1.391028557211E-06 -4.325991967808E-03 -3.821779698036E-21  1.456743178229E-20 -1.843669003200E-20 -1.257632214529E-03
  7.618794455535E+02  7.693794455535E+02  2.548994874425E+01  1.071433769253E-13 -7.887321965515E-03  6.502881587863E+02  2.665977533515E-01  3.896002227983E-01 -8.417871830675E-02  8.378238263698E-04 -1.629567722512E-01  3.443687755455E+00  3.884329266385E-02 -4.830668895543E-03 -3.401262376767E-02 -1.966624859381E-02  2.983664197725E-03 -7.135964428703E-07 -3.349997678572E-06 -5.282153442563E-06  4.011831497329E-02  7.135964578158E-07 -8.603721647809E-03  1.514579981635E-20  6.926280393614E-21 -3.372703022198E-21 -1.178934913845E-03
  7.768794455535E+02  7.843794455535E+02  2.552594325837E+01  8.971740827109E-14 -1.560830139236E-02  6.521130623200E+02  2.584498149152E-01  3.856138703861E-01 -7.830762950535E-02  3.528175323631E-04 -3.605154022326E-01  3.439656720004E+00  4.657628168621E-02 -9.169793689563E-03 -3.740648799408E-02 -1.803368739115E-02  3.307173788010E-03  1.467897538575E-06 -2.881410258323E-06  7.033800048941E-06  3.722722497775E-02 -1.467897619229E-06 -1.191693263260E-02 -7.456904188173E-21  8.680006589622E-21  1.103803230962E-20 -1.069839409438E-03
  7.918794455535E+02  7.993794455535E+02  2.555978062580E+01  6.592945706157E-14 -3.022102442823E-02  6.538255155221E+02  2.502128986405E-01  3.799084177766E-01 -7.284383551779E-02 -2.245065306959E-05 -7.362821323724E-01  3.444781732907E+00  4.942507262488E-02 -1.118617250876E-02 -3.823890011954E-02 -1.625576718416E-02  4.234956397624E-03 -4.444819679193E-06 -4.420699214169E-06  1.308204570174E-05  3.328628288763E-02  4.444819525569E-06 -1.482775487351E-02  1.886752082483E-20  1.035809183228E-20  4.417750814836E-20 -9.471565327221E-04
  8.068794455535E+02  8.143794455535E+02  2.558840588092E+01  4.562259193116E-14 -4.331704752743E-02  6.552820391316E+02  2.423183355144E-01  3.730100226006E-01 -6.695627820307E-02 -1.146250241419E-03 -1.072977201332E+00  3.458125129975E+00  5.474091665564E-02 -1.426787135443E-02 -4.047304530288E-02 -1.416092994177E-02  4.216531637484E-03  7.038768780490E-06 -7.700367333115E-06  1.011152704819E-05  2.886667741716E-02 -7.038768993833E-06 -1.701668291126E-02 -1.098270575937E-20 -1.005415835923E-20 -1.003768596468E-20 -8.392690984143E-04
  8.218794455535E+02  8.293794455535E+02  2.561394745223E+01  2.746057880508E-14 -6.207202583627E-02  6.565829959827E+02  2.345371533901E-01  3.661541920956E-01 -6.136984243493E-02 -1.499743758217E-03 -1.557558935567E+00  3.473564964462E+00  5.906523435478E-02 -1.650956299511E-02 -4.255567135934E-02 -1.293544524178E-02  5.635774973055E-03 -2.492576743141E-06 -9.288917086256E-06  9.712763213916E-06  2.707570592620E-02  2.492576639930E-06 -2.223685183027E-02  1.523449776482E-20 -1.157579501854E-20 -5.287937378108E-21 -7.933093412126E-04
  8.368794455535E+02  8.443794455535E+02  2.563917097509E+01  1.338476696376E-14 -8.505153297697E-02  6.578723277306E+02  2.254883112068E-01  3.586573231535E-01 -5.584656766834E-02 -1.771120954532E-03 -2.150624887777E+00  3.488100023537E+00  6.678309332336E-02 -2.032671084354E-02 -4.645638247940E-02 -1.246428049934E-02  6.977206012007E-03  1.713419383218E-06 -1.075551239887E-05 -1.894842872541E-06  2.675230991354E-02 -1.713419514327E-06 -1.878751013033E-02  1.266164317007E-20 -1.296193700696E-21 -1.287938815326E-20 -7.772765192678E-04
  8.518794455535E+02  8.593794455535E+02  2.566405742247E+01  6.709925873029E-15 -9.733988504713E-02  6.591462516140E+02  2.160919852197E-01  3.520438270486E-01 -5.034824063465E-02 -2.327351776194E-03 -2.467385026528E+00  3.497841833865E+00  7.003593669035E-02 -2.239616024196E-02 -4.763977644855E-02 -1.210668461584E-02  4.155823946791E-03  9.542879779619E-07 -1.203298447471E-05 -5.511391653746E-06  2.312626896438E-02 -9.542880371068E-07 -1.330412769281E-02  1.074007109733E-20 -9.246713942712E-21 -2.037152020333E-20 -6.775260245701E-04
  8.668794455535E+02  8.743794455535E+02  2.568246195464E+01  9.057977458371E-15 -1.100122393492E-01  6.600912046050E+02  2.040190574685E-01  3.478841480753E-01 -4.498449143872E-02 -2.285981100134E-03 -2.794153211379E+00  3.511650566721E+00  7.581493770195E-02 -2.489363782750E-02 -5.092129987597E-02 -9.585062437616E-03  4.358630023699E-03 -1.203866532363E-06 -1.079879759138E-05 -3.811395389237E-06  1.986623455298E-02  1.203866641070E-06 -1.283665859349E-02  3.822249227916E-21 -3.371855872141E-21  2.638233656569E-20 -5.901763717240E-04
  8.818794455535E+02  8.893794455535E+02  2.570129009687E+01  1.223875832855E-14 -1.214282620977E-01  6.610604877034E+02  1.911992079404E-01  3.478988833134E-01 -3.949709543885E-02 -2.620021802864E-03 -3.093646548965E+00  3.533060354026E+00  8.119081087213E-02 -2.776420342326E-02 -5.342660744659E-02 -9.560215877043E-03  4.082449467263E-03  1.919842313343E-06 -5.961260742112E-06  3.709483257050E-06  1.909078836382E-02 -1.919842326426E-06 -1.314978809261E-02  8.490906523318E-21 -6.104036999841E-21 -7.764907358331E-21 -5.700445550322E-04
  8.968794455535E+02  9.043794455535E+02  2.571830659577E+01  1.630441036811E-14 -1.346460178090E-01  6.619286675429E+02  1.773966096742E-01  3.475559396764E-01 -3.444470648010E-02 -2.932231015178E-03 -3.435073719884E+00  3.545480083984E+00  8.369798019500E-02 -2.873485951444E-02 -5.496312068183E-02 -8.705401373912E-03  3.794401322352E-03  5.261612263178E-07 -5.080494729008E-07  4.278497440082E-06  1.620639566427E-02 -5.261612926536E-07 -1.349373262332E-02  8.112970526373E-21  1.279636371221E-21  2.785336145058E-20 -4.764409013823E-04
  9.118794455535E+02  9.193794455535E+02  2.573169923456E+01  2.619848471555E-14 -1.466953262545E-01  6.626144791332E+02  1.631007222146E-01  3.507013346358E-01 -2.899552323280E-02 -2.718689566833E-03 -3.750347679710E+00  3.543452713033E+00  8.729670742842E-02 -3.059944632639E-02 -5.669726110388E-02 -6.587594068377E-03  3.402437913189E-03  7.959665929614E-06 -2.548771917505E-06 -3.846213349780E-07  1.311136175244E-02 -7.959665865733E-06 -1.291125569295E-02 -6.144617796591E-21 -3.814032862036E-22 -3.863027935913E-20 -3.765617227782E-04
  9.268794455535E+02  9.343794455535E+02  2.574286257867E+01  3.536298482052E-14 -1.588330752290E-01  6.631859250723E+02  1.481857673248E-01  3.574578784572E-01 -2.385529178499E-02 -2.637194798412E-03 -4.066640216241E+00  3.555653199640E+00  8.998048999020E-02 -3.129893734866E-02 -5.868155264177E-02 -5.606473872224E-03  3.367132488591E-03  7.816856777572E-06 -1.533124838735E-06  7.809983611422E-06  1.113704107359E-02 -7.816856836578E-06 -1.651414105012E-02  1.786165268138E-21 -4.525509338717E-21 -2.246373856225E-20 -3.287059369513E-04
  9.418794455535E+02  9.493794455535E+02  2.575256460978E+01  4.162900052162E-14 -1.776387503948E-01  6.636834467709E+02  1.304872774203E-01  3.703174362084E-01 -1.854600027752E-02 -3.116953299894E-03 -4.553675945497E+00  3.573903335528E+00  8.940396152242E-02 -3.074147653511E-02 -5.866248498612E-02 -4.942631035691E-03  4.489364728661E-03 -1.076015510093E-06 -2.462416832737E-06  1.130336571397E-05  8.035320523493E-03  1.076015476515E-06 -1.865430042105E-02  1.148384709621E-20  6.419105881137E-21  1.225256066701E-20 -2.541481032740E-04
  9.568794455535E+02  9.643794455535E+02  2.575792566445E+01  4.001512229207E-14 -1.938163900940E-01  6.639684797517E+02  1.091830633311E-01  3.908447868462E-01 -1.385981529068E-02 -2.848614483157E-03 -4.976191605767E+00  3.519486893718E+00  8.800645540007E-02 -3.160289807971E-02 -5.640355732182E-02 -3.150134014634E-03  3.543014143935E-03 -6.909759030064E-06 -4.362575977682E-06  9.122280548255E-06  5.089721647512E-03  6.909758722840E-06 -2.044224963752E-02  7.077115761706E-21  1.029431552936E-20 -1.983461052218E-20 -1.849526935704E-04
  9.718794455535E+02  9.793794455535E+02  2.576211857504E+01  2.657731803732E-14 -2.160051240770E-01  6.641769603701E+02  1.001670366527E-01  4.142138748893E-01 -7.570495411060E-03 -1.860539563187E-03 -5.548257150196E+00  3.813917883019E+00  4.687439923731E-02 -8.693880258142E-03 -3.818051897922E-02 -3.111454695472E-03  2.387228214033E-03  5.121357448867E-06 -1.954179970550E-06  4.988586538428E-08  8.967121317664E-03 -5.121357285749E-06 -1.556580725523E-02 -1.528444944034E-20 -2.183426321953E-20 -1.096603183191E-21 -2.581950201896E-04
  9.868794455535E+02  9.943794455535E+02  2.577472507470E+01  8.374217461687E-15 -2.230140074252E-01  6.650055855610E+02  4.563043101990E-02  5.520994391737E-01 -1.993471495064E-03  3.774935575503E-04 -5.729352004282E+00  3.530177447179E+00  5.844380781492E-02 -2.190309002065E-02 -3.654071778865E-02 -3.000475361625E-04  5.315485672196E-03  1.205906009296E-06 -7.946693080834E-07 -3.984144332275E-06  6.734781100324E-03 -1.205906250527E-06 -3.749481198447E-03  2.358939463845E-20 -8.082027982751E-22 -7.070044083719E-21  1.049455037788E-04
