                   y                  ym                   U                   V                   W                 U^2                 V^2                 W^2                  UV                  VW                  UW                VISC               SFSxx               SFSyy               SFSzz               SFSxy               SFSyz                dUdX                dVdX                dWdX                dUdY                dVdY                dWdY                dUdZ                dVdZ                dWdZ              SFSxym
 -5.844822281166E-01 -2.922411140583E-01  0.000000000000E+00  0.000000000000E+00  0.000000000000E+00  0.000000000000E+00  0.000000000000E+00  0.000000000000E+00  0.000000000000E+00  0.000000000000E+00  0.000000000000E+00  0.000000000000E+00  0.000000000000E+00  0.000000000000E+00  0.000000000000E+00  0.000000000000E+00  0.000000000000E+00  0.000000000000E+00  0.000000000000E+00  0.000000000000E+00  0.000000000000E+00  0.000000000000E+00  0.000000000000E+00  0.000000000000E+00  0.000000000000E+00  0.000000000000E+00  0.000000000000E+00
 -4.247486258811E-17  2.922411140583E-01  8.907305564321E+00 -1.151446217868E-14 -5.339614149625E-01  8.028958555864E+01  4.446725521290E-02  7.212066696437E-01 -8.619488442469E-02 -4.235193098547E-03 -4.746133377964E+00  5.418177512201E-02  2.916183204030E-04  1.299831314101E-03 -1.591449634635E-03 -1.662408629417E+00  5.036027941788E-02 -5.902804633883E-04  2.962671722520E-05  8.081516141813E-05  2.564526468793E+02  5.902804627564E-04 -1.570760741773E+01 -1.985616364134E-19 -1.908222966606E-21 -4.188137437798E-20 -2.520081084625E-03
  5.844822281166E-01  8.767233554515E-01  9.829147876398E+00 -9.211862624841E-15 -6.136443061306E-01  9.753362871225E+01  1.495152049060E-01  7.355916530030E-01 -1.699686001533E-01  8.341861000284E-04 -6.046827118645E+00  3.866351028484E-01  1.232741936049E-01 -2.235454625303E-02 -1.009196473511E-01 -4.234719145868E-01  4.544531016626E-02  4.598351260035E-04  3.263660104683E-05 -2.436933623471E-05  1.811109353879E+01 -4.598351252475E-04 -8.548033440885E-01 -1.213071275975E-19 -8.533024425678E-21  2.310245030392E-19 -3.459203230355E-02
  1.168964482786E+00  1.461205623082E+00  1.023058646624E+01  2.062666938859E-15 -5.964066174492E-01  1.054647190608E+02  1.551300331780E-01  6.777209844206E-01 -1.612111343263E-01 -1.432749774027E-03 -6.108979960075E+00  3.362725270646E-01  5.885702213882E-02 -2.068937849625E-02 -3.816764364262E-02 -3.382538035332E-01 -1.611374261684E-02  1.384745956217E-04  8.607967271433E-06  2.877372792239E-05  1.073928177609E+01 -1.384745957599E-04  3.153101634247E-01 -1.353482125211E-19  1.154410301849E-19 -5.151245892997E-20 -1.985699742117E-02
  1.753446763377E+00  2.045687167303E+00  1.061378068841E+01 -2.882392722374E-16 -5.906276746767E-01  1.134362294619E+02  1.631505067930E-01  6.654831591959E-01 -1.669516854418E-01 -1.862361705732E-04 -6.275688256614E+00  3.119712027125E-01  5.098948693835E-02 -2.523151213522E-02 -2.575797480391E-02 -2.944570342711E-01 -3.515968841334E-03  8.844715064270E-05 -6.601995982609E-06  5.732720178966E-05  9.061889435570E+00 -8.844715063163E-05  2.805437753631E-01 -9.673556554541E-20  4.730789329847E-20  1.861501124968E-19 -1.579845002508E-02
  2.337927571228E+00  2.630168736496E+00  1.089261042001E+01 -5.803639950865E-16 -5.759264922086E-01  1.193838828674E+02  1.737004403148E-01  6.387416049118E-01 -1.637585433035E-01 -9.418525136828E-04 -6.278232908257E+00  2.838090605289E-01  3.673636796870E-02 -2.463389357454E-02 -1.210247439418E-02 -2.101832773408E-01 -6.114560137313E-03 -1.362799902976E-05 -2.774517624520E-05  5.087944400167E-07  7.123140281169E+00  1.362799900212E-05  3.105574423806E-01  2.131335512812E-19 -9.496794856112E-20  1.732354814058E-19 -1.190897318757E-02
  2.922409901764E+00  3.214651079044E+00  1.113420384558E+01 -2.217240674027E-15 -5.679039810690E-01  1.246724144666E+02  1.822620059190E-01  6.205564636817E-01 -1.631699552484E-01 -7.722864378239E-04 -6.327094196031E+00  2.663413781207E-01  2.966585984352E-02 -2.361576200813E-02 -6.050097836375E-03 -1.738575952132E-01 -2.759109668754E-03 -4.952465909127E-05 -2.403465503485E-05  4.240005322284E-05  6.050655590492E+00  4.952465902824E-05  1.839842080669E-01 -4.475158944794E-20  7.665839840438E-20 -1.454326235605E-19 -9.832203153108E-03
  3.506892256323E+00  3.799133445299E+00  1.133467673790E+01 -1.178692546228E-15 -5.624565578978E-01  1.291391540931E+02  1.879635536943E-01  6.061305078566E-01 -1.599559690151E-01 -1.023081511700E-03 -6.379279802674E+00  2.514501322989E-01  2.347283024917E-02 -2.149685254086E-02 -1.975977708267E-03 -1.419648503686E-01 -1.779403349575E-03 -6.952208261028E-07 -3.428417438531E-06  7.028986408573E-05  5.179182413936E+00  6.952209447817E-07  9.963075528598E-02  1.622930962612E-19  2.184024066235E-20  1.233391245486E-19 -8.228132579953E-03
  4.091374634275E+00  4.383615834630E+00  1.151256085866E+01 -1.689490001562E-15 -5.606098673407E-01  1.331704193046E+02  1.909071173520E-01  5.942124602185E-01 -1.575415560161E-01 -1.038768292690E-03 -6.458043408990E+00  2.396582878665E-01  1.925606259649E-02 -1.987406862872E-02  6.180060319990E-04 -1.219651856939E-01 -8.051749534766E-04  1.142392070474E-05  6.990954498003E-06  4.351916130642E-05  4.602605063294E+00 -1.142392085387E-05  8.179330818642E-02  1.252159154203E-19  2.531138761737E-20  1.561528326596E-20 -7.138493848352E-03
  4.675857034986E+00  4.968097497391E+00  1.167093172209E+01 -5.381561960148E-16 -5.565049538216E-01  1.368107220139E+02  1.917629672363E-01  5.797988697835E-01 -1.538923618999E-01 -1.268153074849E-03 -6.498871398083E+00  2.289445071827E-01  1.607664769969E-02 -1.827369771008E-02  2.197050010173E-03 -1.068466715820E-01 -1.556734381175E-03 -1.757685131650E-06  3.935622704024E-06 -7.125201133499E-05  4.111746058744E+00  1.757685341899E-06  1.201296681381E-01 -2.090056208860E-19 -1.604140986852E-19  1.867678071699E-20 -6.278767459248E-03
  5.260337959797E+00  5.552579181964E+00  1.181300063844E+01  2.238362490151E-15 -5.518864455727E-01  1.401201364369E+02  1.912251419231E-01  5.660727377810E-01 -1.504034090090E-01 -1.196257537022E-03 -6.522749761564E+00  2.201736696921E-01  1.340117911166E-02 -1.669152643896E-02  3.290347327560E-03 -9.466166260391E-02 -1.637790402086E-03 -4.513858973076E-05  6.620543034607E-06 -9.288715906909E-05  3.721852521479E+00  4.513858967004E-05  1.122109984969E-01 -8.118436424952E-20 -9.426728301844E-20 -2.777453097178E-20 -5.627221026671E-03
  5.844820404131E+00  6.137061636729E+00  1.194288543802E+01 -4.936638386017E-16 -5.483085320333E-01  1.431782171627E+02  1.898501448914E-01  5.564966975301E-01 -1.465682489493E-01 -1.301230969399E-03 -6.551078915521E+00  2.116957120629E-01  1.195972718094E-02 -1.564739065299E-02  3.687663472295E-03 -8.519871320708E-02 -1.072421865091E-03 -3.441158672100E-05  7.726528223605E-06 -2.922979583961E-05  3.441710852645E+00  3.441158662953E-05  6.221248233521E-02  5.784129265313E-20 -5.433594391684E-20 -5.943549802262E-20 -5.091280598746E-03
  6.429302869328E+00  6.721544112042E+00  1.206443172832E+01 -3.136364503353E-16 -5.473120636088E-01  1.460725616783E+02  1.878663795538E-01  5.503009846707E-01 -1.427240494835E-01 -1.329946612001E-03 -6.604764214066E+00  2.046740960206E-01  1.091691907072E-02 -1.455020691627E-02  3.633287845442E-03 -7.815572008972E-02 -1.052701618133E-04 -2.825882599810E-05  8.300787448594E-06  4.353340028535E-05  3.225026711217E+00  2.825882609716E-05  3.982793891047E-02 -1.779069955015E-19 -6.268582444689E-20  6.979799839741E-20 -4.686749869411E-03
  7.013785354756E+00  7.306026607269E+00  1.217845326854E+01  9.298287237825E-16 -5.453705052347E-01  1.488175684160E+02  1.855628643055E-01  5.426769295742E-01 -1.385849353622E-01 -1.276648618044E-03 -6.644368181299E+00  1.986723281920E-01  9.343619923386E-03 -1.343382078204E-02  4.090200858439E-03 -7.192326329512E-02 -6.804584432003E-04 -6.066466978911E-05  1.240896514445E-05  6.251766746688E-05  3.008751665440E+00  6.066466975520E-05  9.349059889280E-03  1.153231407739E-19  1.265011430835E-19  1.059999816865E-20 -4.311041157770E-03
  7.598267859782E+00  7.890508372765E+00  1.228424726253E+01 -2.107507831916E-16 -5.466070998225E-01  1.513901716900E+02  1.829815110892E-01  5.366165355445E-01 -1.346634372344E-01 -1.252322067046E-03 -6.718698588158E+00  1.925330397512E-01  8.138244008621E-03 -1.247346490612E-02  4.335220897971E-03 -6.581706816825E-02  7.778137786321E-04 -2.927677264950E-05  1.202159479829E-05  2.066869369695E-05  2.822249419686E+00  2.927677261942E-05 -7.024089091712E-02  1.105261145224E-19  1.486760043370E-19 -2.449808465230E-20 -3.960117069244E-03
  8.182748885748E+00  8.474990156911E+00  1.238465082899E+01 -6.979246553514E-16 -5.505094478942E-01  1.538511059232E+02  1.800605456018E-01  5.318901660079E-01 -1.303118995696E-01 -1.137445848835E-03 -6.822211142488E+00  1.867682659218E-01  7.111643987546E-03 -1.159761841562E-02  4.485974427911E-03 -6.108212690805E-02  1.493764663083E-03 -3.608496057407E-05  6.290009094620E-06 -4.166780289605E-05  2.686409496824E+00  3.608496057680E-05 -7.076942454132E-02 -7.077630239160E-20 -8.896637343116E-20 -1.949092211286E-19 -3.682631987359E-03
  8.767231428075E+00  9.059472708089E+00  1.248053342552E+01  1.033330110224E-16 -5.518013591619E-01  1.562197311423E+02  1.767705113785E-01  5.242534758791E-01 -1.262133799669E-01 -1.090927807545E-03 -6.889997723535E+00  1.810654668084E-01  6.763067971396E-03 -1.055212724512E-02  3.789059273600E-03 -5.686595087513E-02  8.203032020506E-04 -5.609827382564E-05  2.015734088264E-06 -3.374000188345E-05  2.565817225748E+00  5.609827386613E-05 -4.517352475541E-02  2.408419392884E-20 -3.262455226226E-20  9.502096921616E-20 -3.455122161473E-03
  9.351713988104E+00  9.643955276654E+00  1.257216791518E+01  1.080820227720E-15 -5.538083767011E-01  1.585007897040E+02  1.730068566118E-01  5.185382528175E-01 -1.218302355318E-01 -7.733857496798E-04 -6.965211639975E+00  1.765080090450E-01  6.399947692415E-03 -9.844312862556E-03  3.444365170150E-03 -5.381215169277E-02  7.709742605269E-04 -2.295325171226E-05  1.114067136699E-06 -1.996464038066E-05  2.470153468973E+00  2.295325172493E-05 -2.482227781209E-02 -5.749375205826E-20  9.609980066285E-20  1.232470268362E-19 -3.286545421079E-03
  9.936196565203E+00  1.022843786197E+01  1.266102208253E+01  1.663028839600E-15 -5.536102189271E-01  1.607282767181E+02  1.688194525444E-01  5.122330090581E-01 -1.173587489327E-01 -7.676947977923E-04 -7.011206185113E+00  1.721198538503E-01  5.801929491997E-03 -9.235759841075E-03  3.433830349404E-03 -5.125291504309E-02  1.478584459563E-04  9.620839450605E-07 -8.362835474381E-08 -4.003839681811E-05  2.426441989441E+00 -9.620839266022E-07  2.125201624265E-02  8.922876175945E-20  2.778423964910E-20 -2.143998222471E-19 -3.138811052612E-03
  1.052067915874E+01  1.081291971440E+01  1.274940453534E+01  1.946258096092E-15 -5.522688506578E-01  1.629597919417E+02  1.642150540440E-01  5.041083137659E-01 -1.129315454631E-01 -5.574722416683E-04 -7.043379135254E+00  1.670527002122E-01  5.184563962799E-03 -8.835680320528E-03  3.651116357772E-03 -4.907458997975E-02 -3.765250475365E-04 -1.778839437361E-05 -3.582252110863E-06 -3.015477474201E-05  2.321598100945E+00  1.778839437013E-05  6.777012203124E-02  2.022442819083E-21 -6.099047584471E-20 -1.606345566741E-19 -2.938996031161E-03
  1.110516027005E+01  1.139740158231E+01  1.283061360116E+01  1.384850551055E-15 -5.486578776716E-01  1.650214526966E+02  1.594178527468E-01  4.925306919319E-01 -1.084566621250E-01 -4.950715313172E-04 -7.042297598608E+00  1.623134616530E-01  4.663761821859E-03 -8.457046719800E-03  3.793284897971E-03 -4.494743046503E-02 -1.152595447325E-03 -1.891412185746E-05 -4.977652866690E-06 -2.965577392908E-05  2.187498629221E+00  1.891412182963E-05  9.326730108547E-02  6.116649249506E-20 -2.156854480676E-19 -2.226082757969E-19 -2.722474263748E-03
  1.168964289457E+01  1.198188421410E+01  1.290923555968E+01  1.480478066529E-16 -5.454506252187E-01  1.670294771225E+02  1.545755440290E-01  4.809678230078E-01 -1.039902299930E-01 -3.708244455831E-04 -7.045645901757E+00  1.583591438395E-01  4.421204053503E-03 -7.935276093147E-03  3.514072039747E-03 -4.233276226369E-02 -1.099476047176E-03 -2.419867382051E-06 -3.686463977847E-06 -1.771398327325E-05  2.106268921069E+00  2.419867341748E-06  1.122313529937E-01 -6.931075836451E-20  8.196606514353E-20 -4.309367635142E-20 -2.568608944284E-03
  1.227412553362E+01  1.256636686011E+01  1.298450844500E+01 -5.051000355253E-16 -5.404688542047E-01  1.689628047267E+02  1.496081453622E-01  4.680873910751E-01 -9.948257576507E-02 -3.576212364840E-04 -7.022293183235E+00  1.539328496017E-01  4.189382267125E-03 -7.254683411636E-03  3.065301144655E-03 -3.978176684326E-02 -1.365989008938E-03  1.104410632309E-05 -4.547345335427E-06 -1.167443546420E-05  2.022050403011E+00 -1.104410631920E-05  1.237085158608E-01 -5.635198374479E-21  9.605982932998E-20 -1.848196212836E-19 -2.418128766299E-03
  1.285860818659E+01  1.315084951971E+01  1.305697052944E+01  5.096928691304E-19 -5.364240407903E-01  1.708340455423E+02  1.445348503311E-01  4.569282093874E-01 -9.492732971357E-02 -3.141738501804E-04 -7.007656960908E+00  1.497861987979E-01  3.893975193956E-03 -6.717311458115E-03  2.823336264032E-03 -3.767356137050E-02 -1.172919475042E-03  7.978771137140E-06 -6.066380614043E-06 -1.718448438740E-05  1.980897630998E+00 -7.978771114570E-06  7.320581144950E-02 -1.425041206891E-19 -4.732596872032E-20 -7.661737533361E-20 -2.318759741873E-03
  1.344309085283E+01  1.373533181777E+01  1.312924463533E+01  3.501936189609E-16 -5.351177517290E-01  1.727100256722E+02  1.395474540968E-01  4.494533112561E-01 -9.039909026229E-02 -3.612866192176E-04 -7.027481225340E+00  1.450855558936E-01  3.575309249445E-03 -6.171187361232E-03  2.595878111955E-03 -3.639419193476E-02 -3.534849245968E-04  4.150411829199E-06 -6.123541295779E-06  5.287869739376E-06  1.905843131320E+00 -4.150411833609E-06 -8.274978658860E-03  5.906037298343E-21  7.809410782555E-20  1.013666250826E-19 -2.185314290601E-03
  1.402757278270E+01  1.431981412815E+01  1.319620693212E+01  3.703438698807E-16 -5.370099099152E-01  1.744571837331E+02  1.344998447957E-01  4.438837357846E-01 -8.587720095579E-02 -3.597905594501E-04 -7.087095142215E+00  1.399746220498E-01  3.070735827385E-03 -5.820177791267E-03  2.749441963714E-03 -3.341907511706E-02  5.787220097430E-04  1.210199567234E-05 -5.632862367892E-06  8.469189411820E-06  1.787356589541E+00 -1.210199566775E-05 -5.261073004390E-02 -3.174717711152E-20  1.354747541803E-19  1.081135186824E-19 -2.011017621446E-03
  1.461205547360E+01  1.490429645023E+01  1.325981232763E+01  4.864063866546E-16 -5.389513502449E-01  1.761269915439E+02  1.293028622566E-01  4.383728528921E-01 -8.134202376307E-02 -3.097399258286E-04 -7.146377115431E+00  1.358249103036E-01  2.732308669672E-03 -5.554232607096E-03  2.821923937446E-03 -3.098722948038E-02  7.303770398486E-04  3.385392006783E-05 -5.828944110564E-06 -3.342996135481E-06  1.719011188425E+00 -3.385392006652E-05 -3.335325328901E-02 -1.082163501210E-19 -5.247867736076E-20 -5.140871222249E-20 -1.885888524390E-03
  1.519653742686E+01  1.548877878338E+01  1.332179787788E+01  4.624039772007E-16 -5.394532351331E-01  1.777607158703E+02  1.240104368865E-01  4.306964373650E-01 -7.672342217417E-02 -3.894321795064E-04 -7.185431548999E+00  1.320151185997E-01  2.702383227371E-03 -5.187063600127E-03  2.484680372862E-03 -2.945358879892E-02  3.394131150086E-04  1.550810402120E-05 -8.737289521972E-06  5.806893516198E-06  1.649236221931E+00 -1.550810402408E-05 -4.394813242294E-02  1.744604931810E-20  1.636438719202E-20 -8.936317086616E-20 -1.779333782387E-03
  1.578102013989E+01  1.607326150146E+01  1.338030408107E+01  4.163175774360E-16 -5.421813014707E-01  1.793102179590E+02  1.186056914579E-01  4.263975826537E-01 -7.213369663893E-02 -4.422891342896E-04 -7.252753408345E+00  1.276494022550E-01  2.471027996114E-03 -4.711801182450E-03  2.240773186308E-03 -2.741685609685E-02  9.151164837969E-04 -6.013756960801E-06 -1.055205959556E-05  1.465025191047E-06  1.562022561192E+00  6.013756961231E-06 -6.235220176488E-02  1.083423153184E-19  1.015764031071E-20 -2.495595086648E-19 -1.656427983916E-03
  1.636550286303E+01  1.665774385483E+01  1.343591191852E+01  6.855705693332E-16 -5.440175385060E-01  1.807893452165E+02  1.129094184046E-01  4.212308223399E-01 -6.751845420246E-02 -3.882691423937E-04 -7.307370621848E+00  1.235092428328E-01  2.202424567508E-03 -4.323841885034E-03  2.121417317469E-03 -2.550247290987E-02  7.251489418624E-04  1.808397687284E-05 -9.453159626341E-06  2.227065525649E-06  1.484179421059E+00 -1.808397685835E-05 -4.353715501422E-02 -8.125398166623E-20 -1.862816335789E-20 -3.137606957768E-20 -1.528423042148E-03
  1.694998484664E+01  1.724222621738E+01  1.348874213122E+01  9.846925208770E-16 -5.453463436344E-01  1.821995797904E+02  1.071517137663E-01  4.156749903571E-01 -6.296009772015E-02 -3.490973544528E-04 -7.353520863576E+00  1.189526345160E-01  1.802276101935E-03 -3.969119518054E-03  2.166843416097E-03 -2.334618710842E-02  5.340089409145E-04  2.424871001963E-05 -9.997531630529E-06  1.485966805527E-06  1.368966750243E+00 -2.424871001752E-05 -2.453020348460E-02 -2.005845974262E-20  1.881546602883E-19  7.440133955577E-20 -1.378018683271E-03
  1.753446758811E+01  1.782670858845E+01  1.353593232582E+01  8.557612903281E-16 -5.457994319495E-01  1.834636929649E+02  1.015373766716E-01  4.098563268935E-01 -5.818637205015E-02 -3.043821205476E-04 -7.385475782103E+00  1.140728144274E-01  1.475524494122E-03 -3.532965949355E-03  2.057441455313E-03 -2.080028090339E-02  4.194570888987E-04  1.240498541636E-05 -1.019679843583E-05  2.988998946933E-06  1.271937706577E+00 -1.240498542518E-05 -5.422883603830E-02  1.181968091854E-20  8.450009554141E-20 -6.176216993688E-20 -1.250295808326E-03
  1.811894958879E+01  1.841119096743E+01  1.358165855902E+01  7.243691712748E-16 -5.493094642011E-01  1.846934867622E+02  9.595669083595E-02  4.070741888681E-01 -5.367297249057E-02 -2.892144091387E-04 -7.458023981531E+00  1.103010409334E-01  1.262431592559E-03 -3.242339392740E-03  1.979907800062E-03 -1.920016152769E-02  8.352332638827E-04  2.804508758074E-05 -7.945747466203E-06  6.467861529823E-07  1.186035341726E+00 -2.804508757891E-05 -8.765804376707E-02 -1.199092039031E-19 -6.145150607504E-20 -3.292298142577E-20 -1.129457839573E-03
  1.870343234607E+01  1.899567372819E+01  1.362257810439E+01  7.806479553214E-16 -5.522018884300E-01  1.857973104740E+02  9.037999230116E-02  4.046179397992E-01 -4.892496204517E-02 -2.185924218605E-04 -7.519537351034E+00  1.060535465346E-01  1.124465962445E-03 -3.088424399054E-03  1.963958436538E-03 -1.694189970156E-02  7.545472263187E-04  2.259323820261E-05 -4.929801558172E-06 -7.739591784975E-06  1.074112216554E+00 -2.259323820117E-05 -1.016775222882E-01  1.098995230424E-20  4.910867917631E-20 -9.245455388428E-20 -1.001151328068E-03
  1.928791511031E+01  1.958015630833E+01  1.366013915855E+01  6.881672040743E-16 -5.567364020993E-01  1.868134908335E+02  8.467109356057E-02  4.048158758828E-01 -4.435694524918E-02 -3.163406635160E-04 -7.602319665094E+00  1.016621302008E-01  9.691151687871E-04 -2.954184869762E-03  1.985069700999E-03 -1.500636918588E-02  1.167389050181E-03  4.858883995481E-06 -3.499625344668E-06 -7.609294811047E-06  9.695578946768E-01 -4.858884002124E-06 -1.274320669374E-01 -4.110801354252E-20 -1.982863988429E-20  7.892460028395E-20 -8.770275798960E-04
  1.987239750636E+01  2.016463870723E+01  1.369341315119E+01  9.140446699131E-16 -5.615152642356E-01  1.877147456322E+02  7.877940271213E-02  4.053519446844E-01 -3.961304693234E-02 -2.349370873303E-04 -7.686502844289E+00  9.771266583037E-02  8.633354067084E-04 -2.692229940633E-03  1.828894533930E-03 -1.311673301443E-02  1.222808365518E-03  7.321420538401E-06 -3.710121734007E-06 -2.541444792315E-06  8.537932119025E-01 -7.321420519890E-06 -1.119734891499E-01  8.432276031722E-21  3.577995585013E-20  2.059483815198E-19 -7.634231879174E-04
  2.045687990810E+01  2.074912111150E+01  1.372251320969E+01  1.363961245475E-15 -5.649187664601E-01  1.885052343327E+02  7.273615569713E-02  4.057482794575E-01 -3.495481718888E-02 -2.495201975293E-04 -7.748749215215E+00  9.388418043263E-02  3.972995612758E-04 -2.375925219451E-03  1.978625658219E-03 -1.129895103623E-02  8.657244461543E-04  1.834033997549E-05 -2.705755224826E-06 -1.253508010100E-06  7.572328148280E-01 -1.834033996973E-05 -9.717200237470E-02 -1.957322184927E-20 -2.746045400087E-21 -4.700317163701E-21 -6.661695462094E-04
  2.104136231489E+01  2.133360352051E+01  1.374874268864E+01  1.347773782958E-15 -5.686072939263E-01  1.892199676451E+02  6.637680898807E-02  4.064416234377E-01 -3.010742578600E-02 -2.241397788553E-04 -7.814043085122E+00  8.974895322768E-02  1.813758728051E-04 -2.099759473792E-03  1.918383600983E-03 -1.004047791134E-02  8.500018573357E-04  1.754193162045E-05 -1.223146069906E-06 -8.512797518427E-06  6.999287872011E-01 -1.754193162734E-05 -8.250573489758E-02  6.856455766064E-20 -2.853556683964E-20 -4.432662207035E-20 -5.958943988243E-04
  2.162584472612E+01  2.191808612088E+01  1.377365974800E+01  1.487246522673E-15 -5.709436970495E-01  1.899009285009E+02  5.923241105156E-02  4.065350889792E-01 -2.548278750301E-02 -2.627886887149E-04 -7.861350561636E+00  8.577154970841E-02  1.511852471069E-04 -2.028048285991E-03  1.876863038856E-03 -8.972488663717E-03  5.890035303515E-04  1.153332754342E-05 -1.782133173291E-06 -1.400392325035E-05  6.506121493527E-01 -1.153332752894E-05 -4.776823752282E-02 -5.744740042049E-20  2.769751784323E-20 -7.304544611837E-20 -5.212239145909E-04
  2.221032751564E+01  2.250256872473E+01  1.379627681013E+01  1.826632627295E-15 -5.721038532699E-01  1.905187348952E+02  5.111747044462E-02  4.068729012868E-01 -2.067711550289E-02 -2.160228047294E-04 -7.891164901118E+00  8.261538427988E-02 -6.726760644522E-06 -1.956391736988E-03  1.963118497644E-03 -7.703244741650E-03  3.997472021659E-04  1.002467003801E-05 -3.066093190835E-06 -1.487175259558E-05  5.946778414555E-01 -1.002467003385E-05 -3.468257207773E-02  4.214151927860E-20 -4.287256785053E-20 -1.513765100220E-19 -4.425987022111E-04
  2.279480993382E+01  2.308705114417E+01  1.381710224788E+01  1.719319077005E-15 -5.734810227807E-01  1.910898978248E+02  4.204529727709E-02  4.076999069354E-01 -1.616587917751E-02 -1.923676036679E-04 -7.922729965700E+00  7.891556917191E-02 -1.633592225423E-04 -1.719218278140E-03  1.882577500657E-03 -6.527687244846E-03  1.864143215869E-04  1.164041305594E-05 -2.937307942049E-06 -1.450450513836E-05  5.553808230698E-01 -1.164041306600E-05 -6.501810518728E-02  3.437025397205E-20 -4.044585586380E-20  1.460275015896E-20 -3.769982961418E-04
  2.337929235452E+01  2.367153365945E+01  1.383685174604E+01  1.718115958773E-15 -5.768523756726E-01  1.916350350327E+02  3.120463128355E-02  4.130968293178E-01 -1.126299177365E-02 -1.596166863110E-04 -7.981110175878E+00  7.571168329188E-02 -3.164526655862E-04 -1.592792217057E-03  1.909244882677E-03 -5.491432313430E-03  5.133410469164E-04  1.480115967494E-05 -1.458280283520E-06 -1.489231732470E-05  5.122211225258E-01 -1.480115966494E-05 -9.994913890694E-02 -8.176964947577E-20 -5.830223510734E-20  1.256356393259E-20 -3.138920720815E-04
  2.396377496438E+01  2.425601622313E+01  1.385452909355E+01  1.657581773268E-15 -5.807830371105E-01  1.921288454673E+02  1.757850638702E-02  4.241199539856E-01 -6.837500944622E-03 -8.383864390315E-05 -8.046964103447E+00  7.620366004246E-02 -4.245703194964E-04 -1.484922721892E-03  1.909493041407E-03 -4.647172780641E-03  6.517030085883E-04  1.526782086519E-05  2.080187664038E-08 -1.883380952305E-05  5.834548965803E-01 -1.526782087832E-05 -1.324231704849E-01  7.099621261441E-20  1.399153912184E-20 -3.770595966754E-20 -3.199871186570E-04
  2.454825748187E+01  2.484049874094E+01  1.387948395533E+01  7.072348041809E-16 -5.865293063616E-01  1.928301886398E+02  2.959177510121E-03  4.532623377142E-01 -1.872893610046E-03 -8.512824459948E-05 -8.141737046323E+00  8.714611096288E-02 -6.834504601723E-04 -5.010775267392E-03  5.694225727487E-03 -5.333358085270E-03  4.254658084954E-04  1.342306668856E-05  1.954598083637E-07 -2.002538196983E-05  3.415477810658E-01 -1.342306672720E-05 -7.863240995472E-02  1.029298238499E-20 -2.280676887982E-20  1.144248817434E-19 -1.595188486266E-04
