                   y                  ym                   U                   V                   W                 U^2                 V^2                 W^2                  UV                  VW                  UW                VISC               SFSxx               SFSyy               SFSzz               SFSxy               SFSyz                dUdX                dVdX                dWdX                dUdY                dVdY                dWdY                dUdZ                dVdZ                dWdZ              SFSxym
 -5.000000000000E+00 -2.500000000000E+00  0.000000000000E+00  0.000000000000E+00  0.000000000000E+00  0.000000000000E+00  0.000000000000E+00  0.000000000000E+00  0.000000000000E+00  0.000000000000E+00  0.000000000000E+00  0.000000000000E+00  0.000000000000E+00  0.000000000000E+00  0.000000000000E+00  0.000000000000E+00  0.000000000000E+00  0.000000000000E+00  0.000000000000E+00  0.000000000000E+00  0.000000000000E+00  0.000000000000E+00  0.000000000000E+00  0.000000000000E+00  0.000000000000E+00  0.000000000000E+00  0.000000000000E+00
  2.220446049250E-16  2.500000000000E+00  8.583398225183E+00  1.639186471743E-16 -7.876354263915E-02  7.650728413902E+01  7.882085659498E-02  9.039224630692E-01 -2.088906810774E-01 -1.898150908003E-03 -6.907775721860E-01  2.073909365670E+00 -2.803119625472E-03  1.539148003267E-02 -1.258836040822E-02 -7.390688354450E+00  5.004117680534E-02 -1.251314110164E-03 -1.343782036789E-04  3.262202258081E-05  3.081331783458E+01  1.251314110193E-03 -2.582557836006E-01  2.686384473895E-20  3.603097081324E-21 -1.224926508651E-20 -2.568589463342E-02
  5.000000000000E+00  7.500000000000E+00  1.067504970304E+01  1.045529259234E-15 -8.267315688777E-02  1.175756173902E+02  2.981657950311E-01  1.015667246713E+00 -4.556746774853E-01 -1.984954411395E-03 -9.080500549305E-01  7.403693995904E+00  4.152607812080E-01 -2.744461671760E-01 -1.408146140315E-01 -1.987692385972E+00 -2.802308102044E-02  3.415246336899E-04 -2.057034328476E-04  9.779837995544E-06  4.435436881321E+00 -3.415246337191E-04 -3.431192816790E-04  1.503846584087E-20 -3.507627257703E-21  3.762143049219E-20 -1.310437982180E-01
  1.000000000000E+01  1.250000000000E+01  1.135525838284E+01  3.110626050721E-15 -7.891567624330E-02  1.321234789054E+02  3.600773404873E-01  9.661061226746E-01 -4.390243431117E-01 -2.175965744595E-03 -9.244103943062E-01  7.193505459059E+00  1.778997033609E-01 -3.428385636467E-01  1.649388602869E-01 -1.011472521025E+00 -3.655062852015E-02  3.048554852325E-04 -1.090831004464E-04  9.729340065836E-06  2.134227003471E+00 -3.048554852090E-04  1.175419163192E-02 -9.471787762204E-21 -8.811877811987E-21  6.821045997983E-20 -6.048497729066E-02
  1.500000000000E+01  1.750000000000E+01  1.200907397439E+01  4.848979001891E-15 -7.540921620911E-02  1.474395541829E+02  3.981853054713E-01  9.572688810130E-01 -4.748536002425E-01 -1.898650123789E-03 -9.358754175189E-01  6.957163495533E+00  1.694942980144E-01 -3.160959276241E-01  1.466016296079E-01 -9.537846409387E-01 -1.197076739517E-03  1.456933854023E-04 -6.060426027597E-05 -1.719722076918E-05  1.774623307632E+00 -1.456933854366E-04  1.089076698375E-02  1.718217924284E-20 -2.981680728747E-21  8.555811134809E-20 -5.100025835198E-02
  2.000000000000E+01  2.250000000000E+01  1.246441081138E+01  5.527877851644E-15 -7.209708409586E-02  1.584903808053E+02  4.314311103306E-01  9.526971899377E-01 -4.749185350424E-01 -1.853838237587E-03 -9.286128809898E-01  6.472639816163E+00  1.310665036021E-01 -2.856459383970E-01  1.545794347932E-01 -6.658957858874E-01 -1.966622676302E-03  1.084596360527E-04 -3.654798975319E-05 -2.088795527577E-06  1.356159284668E+00 -1.084596360340E-04  1.020702951633E-02  2.378764612200E-20 -9.530771820246E-21  1.032355159811E-19 -3.789979257234E-02
  2.500000000000E+01  2.750000000000E+01  1.285667610899E+01  6.557460376204E-15 -6.899087645492E-02  1.683960531663E+02  4.596912683858E-01  9.518785041859E-01 -4.854009433314E-01 -1.751835154173E-03 -9.180327715340E-01  6.153299692454E+00  1.123451441388E-01 -2.626703214930E-01  1.503251773548E-01 -5.569286272772E-01 -2.295201316590E-03  8.843288112285E-05 -2.147618157584E-05  3.858848175215E-06  1.131153249634E+00 -8.843288113569E-05  1.084386549152E-02  2.518690212012E-20 -2.326890965263E-22  1.092734934888E-19 -3.118284981165E-02
  3.000000000000E+01  3.250000000000E+01  1.317140176107E+01  7.821991029426E-15 -6.531706709910E-02  1.765435689333E+02  4.825290421512E-01  9.472943088506E-01 -4.863578854784E-01 -1.708487499950E-03 -8.921728804559E-01  5.833966517546E+00  9.378323036708E-02 -2.407856384027E-01  1.470024080342E-01 -4.430928973460E-01 -2.701440993484E-03  5.131489545939E-05 -1.211356700959E-05  2.332857902233E-06  9.457761653004E-01 -5.131489540082E-05  1.131445976073E-02  1.144112035781E-20 -5.324922306814E-21  1.263053814535E-19 -2.562539880397E-02
  3.500000000000E+01  3.750000000000E+01  1.344777580043E+01  8.352507126335E-15 -6.192925216722E-02  1.838790055057E+02  5.002228696126E-01  9.420247625814E-01 -4.897691967975E-01 -1.566957212864E-03 -8.667132324306E-01  5.579378700349E+00  8.133059995729E-02 -2.228871692130E-01  1.415565692566E-01 -3.809090490567E-01 -2.794570765911E-03  2.565966447751E-05 -6.493742944966E-06  2.408886172547E-06  8.238827397538E-01 -2.565966448462E-05  1.007103323910E-02  4.326686537700E-20 -7.807525470012E-21  1.340658821176E-19 -2.203963433691E-02
  4.000000000000E+01  4.250000000000E+01  1.368632895798E+01  8.614232410431E-15 -5.902349551547E-02  1.903268615938E+02  5.135946004342E-01  9.356298306977E-01 -4.897318420730E-01 -1.588050282116E-03 -8.430153718445E-01  5.346551446462E+00  7.068015371230E-02 -2.060761242733E-01  1.353959705612E-01 -3.260073348520E-01 -2.410855975228E-03  3.772639162885E-05 -2.919263507727E-06  4.489894875983E-07  7.272439488710E-01 -3.772639158671E-05  7.557968031613E-03  5.901274141535E-20 -7.659573838095E-21  1.403211536036E-19 -1.922575505143E-02
  4.500000000000E+01  4.750000000000E+01  1.390231885098E+01  8.318320876584E-15 -5.719039379370E-02  1.962683850437E+02  5.232367330762E-01  9.286497910886E-01 -4.904779846131E-01 -1.463800648205E-03 -8.324994583183E-01  5.148446742699E+00  6.257838629895E-02 -1.922902645291E-01  1.297118782309E-01 -2.904756614600E-01 -1.750067288882E-03  3.662030209693E-05 -9.749656954691E-07  1.133699616921E-05  6.560643466123E-01 -3.662030213348E-05  4.755315372569E-03 -1.910832029191E-21 -2.602874112759E-21  1.224384338873E-19 -1.715220836144E-02
  5.000000000000E+01  5.250000000000E+01  1.409637833083E+01  7.521064281825E-15 -5.602252495934E-02  2.016869084950E+02  5.300306958129E-01  9.205533061243E-01 -4.897711853337E-01 -1.452246733455E-03 -8.288023361647E-01  4.965734056007E+00  5.565318843214E-02 -1.798063788526E-01  1.241531904205E-01 -2.590338824728E-01 -1.417739031601E-03  1.653623455645E-05 -3.950261980925E-07  5.571705816702E-06  5.964291055742E-01 -1.653623455840E-05  2.953768607019E-03  5.596125237700E-20 -1.247718465086E-20  1.214000211778E-19 -1.540135537274E-02
  5.500000000000E+01  5.750000000000E+01  1.427505134282E+01  7.311341353940E-15 -5.532334819118E-02  2.067438897540E+02  5.345959096623E-01  9.106321757857E-01 -4.894808055234E-01 -1.384993287709E-03 -8.301703584899E-01  4.802940429991E+00  5.010804762328E-02 -1.688646715720E-01  1.187566239496E-01 -2.345633112275E-01 -9.150908395339E-04  7.645977273376E-06  9.066591203474E-07 -1.460429984090E-06  5.497786125299E-01 -7.645977300124E-06  1.868483664346E-03  7.093721318776E-20 -7.077372538569E-21  1.184811124837E-19 -1.398779706791E-02
  6.000000000000E+01  6.250000000000E+01  1.443996220138E+01  7.660707165196E-15 -5.486089820531E-02  2.114646530406E+02  5.373820237288E-01  8.994407981323E-01 -4.884009630600E-01 -1.303298210699E-03 -8.327567990552E-01  4.651206903147E+00  4.545006699090E-02 -1.591614102883E-01  1.137113432971E-01 -2.136033534059E-01 -9.318182404088E-04  2.115470612771E-05  2.601470183925E-06  3.889972718749E-06  5.090309792241E-01 -2.115470614578E-05  1.278617935784E-03  2.991169699711E-20  2.249124836319E-21  1.558822089770E-19 -1.278966590614E-02
  6.500000000000E+01  6.750000000000E+01  1.459322844343E+01  8.372295035710E-15 -5.453809852664E-02  2.159024383786E+02  5.388885652447E-01  8.872445326940E-01 -4.874663736082E-01 -1.225549637516E-03 -8.358126258549E-01  4.510779681222E+00  4.128873906221E-02 -1.503113555008E-01  1.090226164384E-01 -1.958437615841E-01 -5.591360748604E-04  1.266388816804E-05  2.285141302418E-06  6.282691960522E-06  4.731955973553E-01 -1.266388816294E-05  1.499505408142E-03  4.975655566854E-20 -9.080479832086E-21  1.317927223310E-19 -1.173783244822E-02
  7.000000000000E+01  7.250000000000E+01  1.473574593187E+01  8.773151060516E-15 -5.392396430423E-02  2.200711525431E+02  5.394909782119E-01  8.737670279837E-01 -4.861731323572E-01 -1.106269056672E-03 -8.336802846394E-01  4.380108825652E+00  3.771006599102E-02 -1.423975459816E-01  1.046874799900E-01 -1.799254716614E-01 -5.554241215194E-04  1.284254406304E-05  7.859115161142E-07 -6.592154299620E-06  4.419040270939E-01 -1.284254408547E-05  1.968348904679E-03  8.245722708692E-20 -1.241190032886E-20  1.274421185135E-19 -1.081728631952E-02
  7.500000000000E+01  7.750000000000E+01  1.486942900159E+01  9.056936913406E-15 -5.332331613095E-02  2.240175249776E+02  5.393880777634E-01  8.596303472494E-01 -4.848786049973E-01 -1.000110292374E-03 -8.321786863920E-01  4.259760677649E+00  3.451160627367E-02 -1.350862976006E-01  1.005746913270E-01 -1.663805175879E-01 -6.358898625292E-04  1.226590916805E-05  1.497463012112E-08 -6.007223596099E-06  4.141179367890E-01 -1.226590913165E-05  2.310297811686E-03  5.407219634844E-20 -5.058862673346E-21  1.098643814878E-19 -1.000401480319E-02
  8.000000000000E+01  8.250000000000E+01  1.499457961880E+01  9.014062680596E-15 -5.248904524507E-02  2.277446753037E+02  5.387572973914E-01  8.459529311586E-01 -4.834439378919E-01 -9.065312782471E-04 -8.264678554733E-01  4.147309724777E+00  3.163823415548E-02 -1.285688849421E-01  9.693065078645E-02 -1.538944617340E-01 -5.238558201251E-04  5.208170358638E-06 -2.504948486319E-07  2.214896429218E-06  3.881447742932E-01 -5.208170367233E-06  1.494697563767E-03  2.766057013974E-20 -5.770156228841E-21  1.044886315752E-19 -9.254409555235E-03
  8.500000000000E+01  8.750000000000E+01  1.511202357283E+01  9.126317937769E-15 -5.236881988920E-02  2.312703915786E+02  5.377845427728E-01  8.328331915166E-01 -4.819354918372E-01 -8.216218121026E-04 -8.301513692820E-01  4.043776930210E+00  2.907183608196E-02 -1.226946480868E-01  9.362281200536E-02 -1.424749306960E-01  1.776570161529E-05  8.297291912791E-06 -3.453970278701E-07 -1.532059558851E-05  3.656364956706E-01 -8.297291884215E-06 -5.812794614342E-04  7.259995964108E-20 -1.182551762384E-20  1.125713297245E-19 -8.602306473934E-03
  9.000000000000E+01  9.250000000000E+01  1.522310149165E+01  9.690134870725E-15 -5.286960467688E-02  2.346283607377E+02  5.365966462255E-01  8.205055677135E-01 -4.803491211176E-01 -7.253637113795E-04 -8.428694214891E-01  3.946406333320E+00  2.671830141948E-02 -1.171026639316E-01  9.038436251270E-02 -1.329163853791E-01  5.122800166113E-04  9.795657464436E-06 -6.047762577181E-07 -1.813073784036E-05  3.455093301948E-01 -9.795657456435E-06 -1.601089909055E-03  5.242725639169E-20 -2.002226808978E-20  9.216067347132E-20 -8.020751600932E-03
  9.500000000000E+01  9.750000000000E+01  1.532797222568E+01  9.301719478573E-15 -5.340693408751E-02  2.378223680299E+02  5.352902050124E-01  8.089242662339E-01 -4.786816486622E-01 -6.389848956491E-04 -8.555165817107E-01  3.851014861487E+00  2.469941647449E-02 -1.119740776468E-01  8.727466117226E-02 -1.238457430080E-01  6.085322261317E-04 -3.590810731960E-06 -1.088006351695E-06 -1.349791367602E-06  3.260819330019E-01  3.590810699112E-06 -2.085516128236E-03  4.816672993008E-20 -2.849815797191E-22  1.042987924543E-19 -7.472209645641E-03
  1.000000000000E+02  1.025000000000E+02  1.542687651253E+01  8.507115036016E-15 -5.417753849516E-02  2.408525780809E+02  5.339207931833E-01  7.970811833502E-01 -4.769430187418E-01 -5.620129675029E-04 -8.706784432576E-01  3.759254406122E+00  2.282116335329E-02 -1.070896446206E-01  8.426848126756E-02 -1.153034159249E-01  8.819206758421E-04  7.021587222534E-07 -2.142515100694E-07  4.463446287728E-07  3.067085099557E-01 -7.021587519820E-07 -3.359779379970E-03  7.550168820724E-20 -8.487034975360E-21  9.969738604831E-20 -6.939960578271E-03
  1.050000000000E+02  1.075000000000E+02  1.551965160403E+01  7.578016818294E-15 -5.550368389550E-02  2.437125471538E+02  5.324504444702E-01  7.861482891694E-01 -4.752277635746E-01 -5.105727220516E-04 -8.931624357071E-01  3.671860974888E+00  2.099608248511E-02 -1.024671651198E-01  8.147108263483E-02 -1.068247139377E-01  1.257876365854E-03  6.792487169682E-06  7.738123810070E-07 -6.865999164352E-06  2.888322091441E-01 -6.792487165529E-06 -4.447149707509E-03  7.098093302011E-20 -1.264484772903E-20  1.171881571950E-19 -6.449346125894E-03
  1.100000000000E+02  1.125000000000E+02  1.560739295513E+01  5.815902718188E-15 -5.696180051045E-02  2.464294510387E+02  5.308593247128E-01  7.755762780929E-01 -4.733577108493E-01 -4.245444611547E-04 -9.178331309045E-01  3.592804119092E+00  1.928646094994E-02 -9.843063561629E-02  7.914417466600E-02 -9.963679289807E-02  1.379778604175E-03 -6.664732656141E-07  8.560019646791E-07 -1.881826432677E-05  2.725056049607E-01  6.664731945933E-07 -4.935008279202E-03  7.935174075045E-20 -1.728543328124E-20  8.888255364989E-20 -6.020716769541E-03
  1.150000000000E+02  1.175000000000E+02  1.568994972408E+01  4.649760023988E-15 -5.861130947366E-02  2.489968683045E+02  5.292771312139E-01  7.655423681821E-01 -4.715167871470E-01 -3.637358033520E-04 -9.455217652157E-01  3.515589106127E+00  1.770309585221E-02 -9.465242542328E-02  7.694932957080E-02 -9.306929922360E-02  1.577120611912E-03 -3.133612849518E-06  6.891459227077E-07 -1.223944049881E-05  2.566830732989E-01  3.133612868287E-06 -5.688256630526E-03  6.363609866700E-20 -1.055509987874E-20  9.843035801617E-20 -5.620509710668E-03
  1.200000000000E+02  1.225000000000E+02  1.576781550985E+01  4.535706662687E-15 -6.053654883870E-02  2.514287278706E+02  5.277829803663E-01  7.564272854279E-01 -4.695321344096E-01 -3.092600463406E-04 -9.782005230590E-01  3.442927160553E+00  1.644207944815E-02 -9.131693888646E-02  7.487485943765E-02 -8.687140766444E-02  1.690969585396E-03 -2.607617861740E-06  8.912594483063E-08 -1.015263288424E-06  2.423115202799E-01  2.607617837999E-06 -6.078109266985E-03  5.421118721887E-20 -1.797516298726E-20  9.784518205905E-20 -5.251536047584E-03
  1.250000000000E+02  1.275000000000E+02  1.584139723381E+01  4.213176827093E-15 -6.239716072466E-02  2.537344382567E+02  5.263232256724E-01  7.481108597845E-01 -4.676258883435E-01 -2.021215016159E-04 -1.010388268362E+00  3.375045420547E+00  1.528995380159E-02 -8.823405107818E-02  7.294409727617E-02 -8.122609648699E-02  1.619526489749E-03 -4.324831274419E-06 -2.798387018447E-07  3.309479302803E-06  2.291196433814E-01  4.324831291638E-06 -6.305281296029E-03  9.098852649433E-20 -9.090302566006E-21  9.934594728800E-20 -4.911940769928E-03
  1.300000000000E+02  1.325000000000E+02  1.591103581395E+01  3.293697237693E-15 -6.445740919660E-02  2.559225567961E+02  5.248952506956E-01  7.405420574272E-01 -4.655745506392E-01 -1.666774911134E-04 -1.046333316242E+00  3.312684512662E+00  1.423253769703E-02 -8.531948976028E-02  7.108695206332E-02 -7.603460326386E-02  1.763848936791E-03  2.438197323659E-06 -4.993693500754E-07 -3.675592077959E-07  2.169268930068E-01 -2.438197348980E-06 -6.368496848491E-03  6.592651137823E-20 -1.568680770269E-20  8.810004957381E-20 -4.609029085543E-03
  1.350000000000E+02  1.375000000000E+02  1.597699882412E+01  2.478726678484E-15 -6.638223504151E-02  2.580014348987E+02  5.236303634015E-01  7.330530920866E-01 -4.635587579342E-01 -6.535091119860E-05 -1.080292301140E+00  3.251620083783E+00  1.330128914102E-02 -8.253977867297E-02  6.923848953198E-02 -7.158735219418E-02  1.688313215177E-03  2.103677526406E-06 -1.231590297590E-06 -4.941390160345E-06  2.059767469353E-01 -2.103677536934E-06 -6.285660409652E-03  9.833153400488E-20 -1.354180098034E-20  9.461858168166E-20 -4.346987707082E-03
  1.400000000000E+02  1.425000000000E+02  1.603977213975E+01  2.130200168459E-15 -6.840286625120E-02  2.599845550758E+02  5.225853337966E-01  7.260343683511E-01 -4.614175127412E-01 -3.972435197445E-05 -1.115692570449E+00  3.192593685212E+00  1.246247252705E-02 -7.996669426243E-02  6.750422173575E-02 -6.746922240346E-02  1.720259590441E-03 -4.447062649920E-06 -1.608335819790E-06 -7.922672412192E-06  1.954800076876E-01  4.447062630931E-06 -6.701195115637E-03  7.752629274744E-20 -7.260215503429E-21  7.246938255060E-20 -4.085566630666E-03
  1.450000000000E+02  1.475000000000E+02  1.609917090550E+01  1.276646106538E-15 -7.057509663469E-02  2.618669208112E+02  5.217276102805E-01  7.196928261708E-01 -4.593892287297E-01  2.618944444801E-05 -1.153353084530E+00  3.135973344710E+00  1.157345132367E-02 -7.756671841087E-02  6.599326708737E-02 -6.334775145384E-02  1.942550739819E-03  6.724817260799E-06 -1.245347649049E-06  1.831313517217E-06  1.848560093178E-01 -6.724817253839E-06 -6.819906624209E-03  5.802509279532E-20 -1.650733185687E-20  7.423766954516E-20 -3.833906708945E-03
  1.500000000000E+02  1.525000000000E+02  1.615530397798E+01  6.544829782296E-17 -7.265294911985E-02  2.636490204280E+02  5.210308912464E-01  7.142564523232E-01 -4.571407043991E-01  9.724776205730E-05 -1.189282689118E+00  3.082587114210E+00  1.087374203796E-02 -7.533229606120E-02  6.445855402262E-02 -5.934805094897E-02  1.848899382641E-03  9.816899820469E-06 -9.725578416817E-07  3.995997310555E-06  1.743440024494E-01 -9.816899773396E-06 -6.641063300333E-03  6.993535623459E-20 -1.496748079412E-20  8.327514290057E-20 -3.592772907370E-03
  1.550000000000E+02  1.575000000000E+02  1.620812465627E+01 -1.541044635650E-15 -7.469692030575E-02  2.653302472431E+02  5.205281751153E-01  7.095891532938E-01 -4.550396376308E-01  1.480299009870E-04 -1.225548630572E+00  3.034380917146E+00  1.012534084139E-02 -7.332687903893E-02  6.320153819825E-02 -5.560976321745E-02  1.698153205374E-03  2.874869181079E-06 -1.213107479888E-06  7.174053874344E-07  1.650951000934E-01 -2.874869157001E-06 -6.598117068141E-03  5.208947131149E-20 -9.346026938783E-21  6.689161688477E-20 -3.380598467400E-03
  1.600000000000E+02  1.625000000000E+02  1.625846522170E+01 -3.674082522595E-15 -7.674854396262E-02  2.669347344018E+02  5.202806747333E-01  7.053976804141E-01 -4.527124178514E-01  1.909125312009E-04 -1.262634785828E+00  2.987264333357E+00  9.465673009975E-03 -7.125259923827E-02  6.178692622789E-02 -5.263430689893E-02  1.770046489163E-03 -8.821069825000E-07 -1.559018941839E-06  5.045452331696E-07  1.562074537605E-01  8.821069766878E-07 -6.346752353359E-03  8.872191561183E-20 -2.232021891893E-20  8.064506441555E-20 -3.184423506088E-03
  1.650000000000E+02  1.675000000000E+02  1.630571855368E+01 -5.592495000081E-15 -7.865627143825E-02  2.684438760320E+02  5.202482577107E-01  7.019311959244E-01 -4.505711403824E-01  2.487703147383E-04 -1.297317650047E+00  2.943020505741E+00  8.822886983647E-03 -6.945702212325E-02  6.063413513917E-02 -4.929287774312E-02  1.477930348736E-03  1.338179135329E-07 -1.566068793965E-06  1.064158050483E-06  1.476444677857E-01 -1.338179454527E-07 -5.801591947974E-03  1.082179783634E-19 -2.842845304399E-20  8.047430639280E-20 -2.991070774684E-03
  1.700000000000E+02  1.725000000000E+02  1.635071221214E+01 -6.463664383819E-15 -8.038840516478E-02  2.698833287344E+02  5.204521396823E-01  6.990656920060E-01 -4.481649116432E-01  2.596957815334E-04 -1.329204801820E+00  2.902234349132E+00  8.310066380262E-03 -6.776966429583E-02  5.945959791557E-02 -4.647537716837E-02  1.236680066884E-03 -5.868822712981E-07 -1.225324640630E-06  4.342587791713E-06  1.405349526132E-01  5.868822554560E-07 -5.212326352832E-03  6.565095058956E-20 -1.500941570305E-20  7.401284415948E-20 -2.824145563973E-03
  1.750000000000E+02  1.775000000000E+02  1.639353301607E+01 -6.206167741177E-15 -8.192863492562E-02  2.712554579196E+02  5.208576553979E-01  6.973035590396E-01 -4.459560045092E-01  3.085405146841E-04 -1.358077418477E+00  2.862000113329E+00  7.731761830753E-03 -6.605734731090E-02  5.832558548017E-02 -4.391832910342E-02  1.172186947737E-03 -2.300506454606E-06 -6.586747880298E-07  4.740538068757E-06  1.340024731253E-01  2.300506457901E-06 -4.696476166522E-03  5.272602394673E-20 -1.359670039068E-20  6.556112294112E-20 -2.675391833362E-03
  1.800000000000E+02  1.825000000000E+02  1.643444856870E+01 -5.840948312403E-15 -8.334077442282E-02  2.725670389112E+02  5.213837572333E-01  6.961743665457E-01 -4.434894876070E-01  3.076894819232E-04 -1.384401244242E+00  2.824347726826E+00  7.224161497756E-03 -6.436328822912E-02  5.713912673156E-02 -4.181465381051E-02  1.032709939919E-03 -1.887796151621E-06 -3.134856100666E-08  2.893460558376E-07  1.276319040295E-01  1.887796151498E-06 -4.140903026122E-03  5.879805364079E-20 -1.463347030658E-20  8.699619280704E-20 -2.547395040129E-03
  1.850000000000E+02  1.875000000000E+02  1.647330587508E+01 -5.536067698014E-15 -8.453210676791E-02  2.738149259386E+02  5.219520751454E-01  6.957017778141E-01 -4.412541999161E-01  3.588450288949E-04 -1.407075886893E+00  2.790994140033E+00  6.952016451500E-03 -6.307364398444E-02  5.612162753345E-02 -3.967236404744E-02  8.418041814367E-04  4.127527844399E-07  3.766601048709E-07  4.241204034500E-06  1.221535088149E-01 -4.127527779318E-07 -3.221837757471E-03  6.368637953994E-20 -1.345531236465E-20  7.582257591373E-20 -2.430589979101E-03
  1.900000000000E+02  1.925000000000E+02  1.651081119965E+01 -4.913310932877E-15 -8.534017468428E-02  2.750195690349E+02  5.225090592952E-01  6.942491638701E-01 -4.387245238337E-01  3.373819880038E-04 -1.423252058252E+00  2.757959295724E+00  6.560541706502E-03 -6.172929183152E-02  5.516875012511E-02 -3.808821413437E-02  5.543590918506E-04 -2.175744472823E-06  5.202772485465E-07  5.839007637584E-07  1.173540048203E-01  2.175744462180E-06 -2.386088639105E-03  7.243212407119E-20 -2.173623662867E-20  6.555760420587E-20 -2.329066370488E-03
  1.950000000000E+02  1.975000000000E+02  1.654666391976E+01 -4.558929622700E-15 -8.601611711058E-02  2.761734231488E+02  5.230586246772E-01  6.932597475329E-01 -4.365204453816E-01  3.784739968525E-04 -1.437311463865E+00  2.731279489599E+00  6.394627390242E-03 -6.065610621656E-02  5.426147882606E-02 -3.648976997117E-02  3.782790050662E-04 -9.078164298627E-06  1.000480699565E-06 -2.732963496169E-06  1.138651803941E-01  9.078164305515E-06 -1.692654783144E-03  4.209820410893E-20 -4.173632156754E-21  7.429367962630E-20 -2.242097710796E-03
  2.000000000000E+02  2.025750000000E+02  1.658197915283E+01 -5.108753914698E-15 -8.641376780563E-02  2.773083135614E+02  5.234196609696E-01  6.914489985563E-01 -4.339336917564E-01  3.408919921835E-04 -1.446658227836E+00  2.709150394516E+00  5.415085116183E-03 -5.778473173363E-02  5.236964661735E-02 -3.551815453930E-02  7.032748068195E-04  2.460374153839E-07  2.341842640385E-06 -1.811761218448E-07  1.092584473040E-01 -2.460374414914E-07 -1.328753686067E-03  5.739027312481E-20 -2.051962669883E-20  7.166595074891E-20 -2.196378846245E-03
  2.051500000000E+02  2.078022500000E+02  1.661701772467E+01 -6.432828300711E-15 -8.688116791171E-02  2.784353438429E+02  5.238354743116E-01  6.898785697846E-01 -4.314483618191E-01  3.436551433445E-04 -1.457368766467E+00  2.691814224142E+00  4.322365644738E-03 -5.481890835790E-02  5.049654271332E-02 -3.472613604709E-02  6.817952322466E-04  5.162643271166E-06  3.554928470022E-06 -3.570151899761E-07  1.050027650286E-01 -5.162643312625E-06 -2.020425267837E-03  3.868938349780E-20 -2.854129981201E-21  7.392838812558E-20 -2.144206899204E-03
  2.104545000000E+02  2.131863175000E+02  1.665165093674E+01 -7.995153006081E-15 -8.776667967042E-02  2.795501602732E+02  5.242958810765E-01  6.881605870833E-01 -4.287371464988E-01  2.850174940559E-04 -1.475300775513E+00  2.675809411649E+00  3.319126862669E-03 -5.184820272289E-02  4.852907586066E-02 -3.390243892666E-02  9.451409291279E-04 -2.704990247247E-06  2.569799352463E-06 -4.318772877861E-07  1.015821594853E-01  2.704990248301E-06 -2.765936641206E-03  6.726893965332E-20 -3.408513540259E-20  4.887674833028E-20 -2.097495121852E-03
  2.159181350000E+02  2.187319070250E+02  1.668640329213E+01 -8.971882517877E-15 -8.878060418260E-02  2.806699856159E+02  5.248408941401E-01  6.870139368358E-01 -4.260726481639E-01  2.825720249431E-04 -1.495629602739E+00  2.661134039854E+00  2.174942663597E-03 -4.885502447999E-02  4.668008181616E-02 -3.328098470718E-02  1.033754317435E-03 -6.907553624177E-06  1.169268461961E-06  2.984966022724E-06  9.832114884295E-02  6.907553611894E-06 -2.882300928025E-03  3.995317592104E-20 -2.040725809116E-20  6.379590117407E-20 -2.054392570254E-03
  2.215456790500E+02  2.244438642358E+02  1.672078593260E+01 -9.038300887524E-15 -8.978455964603E-02  2.817788501842E+02  5.254650614733E-01  6.863992073524E-01 -4.231808612681E-01  2.713896930484E-04 -1.516764552255E+00  2.647301816230E+00  1.074479301871E-03 -4.580456003155E-02  4.473008072960E-02 -3.240419721971E-02  1.029917205395E-03  7.016046883349E-08  1.565792861759E-06  2.585786070640E-06  9.476327169357E-02 -7.016053701075E-08 -2.953939526285E-03  4.556592556620E-20 -2.893975934914E-20  6.569197047975E-20 -1.997659810710E-03
  2.273420494215E+02  2.303271801628E+02  1.675505967879E+01 -9.087892584014E-15 -9.090163967263E-02  2.828854970752E+02  5.261426667273E-01  6.860398746595E-01 -4.203663464583E-01  2.113578244367E-04 -1.539958670737E+00  2.635771696108E+00 -1.017263280895E-04 -4.268407897696E-02  4.278580530543E-02 -3.156745765203E-02  1.089128437584E-03  2.595105338975E-09  2.168329906536E-06  1.395366801574E-06  9.100818879828E-02 -2.595053997345E-09 -3.420283857107E-03  3.031444928140E-20 -2.520499502493E-20  5.478283187368E-20 -1.945705360952E-03
  2.333123109041E+02  2.363869955677E+02  1.678871455019E+01 -9.165528181617E-15 -9.232325559564E-02  2.839725225602E+02  5.268606177068E-01  6.857785676566E-01 -4.173030998521E-01  1.991690026417E-04 -1.568939891585E+00  2.626445223409E+00 -1.203689932414E-03 -3.964333551204E-02  4.084702544460E-02 -3.075607020306E-02  1.057904665236E-03 -9.712532729224E-07  1.868262711128E-06 -1.115718778081E-06  8.807276191865E-02  9.712531869887E-07 -3.434992417420E-03  4.170445084423E-20 -1.284603843109E-20  5.602742480661E-20 -1.913298776842E-03
  2.394616802313E+02  2.426286054347E+02  1.682276431607E+01 -8.770838529562E-15 -9.354069173308E-02  2.850750214840E+02  5.275441797982E-01  6.862285179390E-01 -4.142714947757E-01  1.706002966322E-04 -1.594733744365E+00  2.617628598840E+00 -2.315968180399E-03 -3.656281604806E-02  3.887878422866E-02 -3.056308410981E-02  9.470908787641E-04 -4.843602638070E-06  1.212457633582E-06  3.130966772577E-06  8.545666724681E-02  4.843602676929E-06 -3.417865643735E-03  4.424804254605E-20 -1.969568749044E-20  2.860589284799E-20 -1.892521984820E-03
  2.457955306382E+02  2.490574635978E+02  1.685636673106E+01 -9.132696357878E-15 -9.503020122592E-02  2.861644264372E+02  5.280484214135E-01  6.861927303869E-01 -4.110064354936E-01  1.155828282139E-04 -1.624697202269E+00  2.611617457716E+00 -3.308984335801E-03 -3.342498626405E-02  3.673397059972E-02 -2.995893219455E-02  1.071219916835E-03 -2.649297055758E-06  1.212732302370E-06  5.872318125048E-06  8.257909919560E-02  2.649296993242E-06 -3.536084498598E-03  4.838442571723E-20 -9.966804904920E-21  2.782179120306E-20 -1.861177337793E-03
  2.523193965574E+02  2.556791875057E+02  1.689010081018E+01 -1.027216845113E-14 -9.641944331582E-02  2.872607988763E+02  5.282647613549E-01  6.855891328824E-01 -4.077667833296E-01  1.122406118361E-04 -1.653166591696E+00  2.607146515514E+00 -4.309745108783E-03 -3.032957215226E-02  3.463931726102E-02 -2.957876040764E-02  1.041138568607E-03  1.450989947395E-06  1.723949948548E-06  3.916993250384E-06  8.029571515926E-02 -1.450989949647E-06 -3.743263471757E-03  5.470434049525E-20 -1.621188017810E-20  3.261084269512E-20 -1.833689408902E-03
  2.590389784541E+02  2.624995631309E+02  1.692382940172E+01 -1.119614064004E-14 -9.816111842548E-02  2.883573697166E+02  5.281705993290E-01  6.859110324530E-01 -4.043016879452E-01  7.556634495919E-05 -1.687497469408E+00  2.605997239035E+00 -5.378196652919E-03 -2.722700479672E-02  3.260520144952E-02 -2.915015491714E-02  1.269037804031E-03  2.132889496187E-06  2.178684598211E-06  2.601973034846E-06  7.859357954501E-02 -2.132889514437E-06 -3.952004914023E-03  4.192961838609E-20 -1.680852068605E-20 -1.584845623008E-21 -1.813987379566E-03
  2.659601478077E+02  2.695245500248E+02  1.695812102885E+01 -1.201585039150E-14 -9.982788844685E-02  2.894759014918E+02  5.277598297163E-01  6.863513682387E-01 -4.008592254975E-01  5.468142374900E-05 -1.720385758584E+00  2.605902615969E+00 -6.355045611869E-03 -2.402644757295E-02  3.038149318500E-02 -2.895457581544E-02  1.264293091736E-03  4.863417378923E-07  2.304698544164E-06  8.006531926084E-07  7.779893498159E-02 -4.863417276226E-07 -3.086877998238E-03  3.356995844994E-20 -1.942110888691E-20  2.178183924697E-20 -1.816009636060E-03
  2.730889522419E+02  2.767602865256E+02  1.699317272161E+01 -1.357532603040E-14 -1.009134155320E-01  2.906222208803E+02  5.271258566606E-01  6.862931223133E-01 -3.971612029601E-01  5.426913394785E-05 -1.743000901462E+00  2.610074909852E+00 -7.314699305404E-03 -2.091048827938E-02  2.822518758466E-02 -2.918256923682E-02  1.003867612338E-03  1.594503279913E-06  1.820763752239E-06  5.072183510512E-06  7.694911182965E-02 -1.594503271817E-06 -1.998613973969E-03  5.098644321094E-20 -1.701724659872E-20  2.184234793782E-20 -1.823928573228E-03
  2.804316208092E+02  2.842130951213E+02  1.702876291888E+01 -1.587715894449E-14 -1.016562253094E-01  2.917901261141E+02  5.264076763412E-01  6.854340348640E-01 -3.934026639369E-01  7.751172626349E-05 -1.760677341308E+00  2.618969556021E+00 -8.360428042249E-03 -1.782437296070E-02  2.618480100304E-02 -2.923738864668E-02  8.900946870749E-04  1.935805871858E-06  5.830153492739E-07  5.974494534827E-06  7.607107617684E-02 -1.935805907076E-06 -1.501182392804E-03  4.844216269799E-20 -2.941182843741E-20  8.170171600348E-21 -1.833573564987E-03
  2.879945694335E+02  2.918894879750E+02  1.706508778162E+01 -1.730352757057E-14 -1.023089751961E-01  2.929849229860E+02  5.256077252211E-01  6.845302912349E-01 -3.894450233906E-01  6.302037209867E-05 -1.776246168318E+00  2.626893062418E+00 -9.282669694443E-03 -1.479183400458E-02  2.407450369847E-02 -2.940845716791E-02  8.609572825868E-04  1.174828807532E-06 -7.827810625557E-07  3.934466413966E-06  7.580246302772E-02 -1.174828797195E-06 -1.342998781491E-03  2.345888963464E-20 -2.428867483330E-20  1.623933949684E-20 -1.846043276495E-03
  2.957844065165E+02  2.997961726142E+02  1.710256306149E+01 -1.805024425555E-14 -1.029320933511E-01  2.942222810238E+02  5.247127364820E-01  6.836278516065E-01 -3.855149213024E-01  1.012908006242E-04 -1.792592267987E+00  2.633889967408E+00 -1.024125256959E-02 -1.170294429159E-02  2.194419686124E-02 -2.964581804405E-02  9.121369772592E-04 -2.101456102894E-06 -1.856992946590E-06  2.917543635318E-06  7.541898343691E-02  2.101456087518E-06 -1.917853797234E-03  3.716534677331E-20 -7.035391857611E-21  2.395343224611E-21 -1.845832232311E-03
  3.038079387120E+02  3.079400577926E+02  1.714071193496E+01 -1.896738538801E-14 -1.042029795467E-01  2.954860964647E+02  5.236709406785E-01  6.825198120596E-01 -3.813019861680E-01  1.624551883141E-05 -1.820189331604E+00  2.645044004187E+00 -1.122221217768E-02 -8.749015451565E-03  1.997122762923E-02 -2.943055589913E-02  1.222562596541E-03 -4.169257666351E-06 -2.604904356296E-06  1.772341017910E-06  7.425107520141E-02  4.169257670598E-06 -1.934148950691E-03  3.839663548563E-20 -1.851324814181E-20  5.486831861028E-21 -1.837332816474E-03
  3.120721768733E+02  3.163282595264E+02  1.717925014035E+01 -2.020641076336E-14 -1.049030969506E-01  2.967652714257E+02  5.223080883130E-01  6.828306774260E-01 -3.771419149997E-01  8.350778406981E-05 -1.839405082318E+00  2.660225690164E+00 -1.218325767427E-02 -5.674089279332E-03  1.785734695362E-02 -2.940876039265E-02  1.072175861798E-03 -4.272411706262E-06 -2.665439804966E-06  1.119033746864E-06  7.281529282438E-02  4.272411713332E-06 -1.510470506703E-03  4.131382279409E-20 -1.522098288503E-20 -9.542044597879E-21 -1.838738797798E-03
  3.205843421795E+02  3.249681073122E+02  1.721818407319E+01 -2.153215474844E-14 -1.057902378818E-01  2.980629193874E+02  5.205467915644E-01  6.841627189322E-01 -3.727068912583E-01 -2.026354754735E-05 -1.860768512083E+00  2.682391740998E+00 -1.307445345806E-02 -2.681707585001E-03  1.575616104305E-02 -2.942141941669E-02  1.265229788101E-03 -3.874817459709E-06 -2.317750456898E-06 -1.637818618772E-06  7.251288960939E-02  3.874817464026E-06 -1.316368658283E-03  4.242548142948E-20 -1.598941925890E-20 -1.261584289524E-20 -1.854000520310E-03
  3.293518724449E+02  3.338671505316E+02  1.725871963818E+01 -2.211953038268E-14 -1.063410229334E-01  2.994172983515E+02  5.183775881589E-01  6.844341139268E-01 -3.683102719156E-01  8.731086557658E-05 -1.877591339448E+00  2.703412215672E+00 -1.398434278504E-02  4.172821053236E-04  1.356706067963E-02 -2.990014909411E-02  1.228186729107E-03 -3.318298290691E-06 -1.994736082954E-06 -3.312743905134E-06  7.181395184212E-02  3.318298285103E-06 -1.543734916502E-03  3.490881592265E-20 -3.387029795640E-20  3.951707937946E-21 -1.859531463182E-03
  3.383824286182E+02  3.430331650475E+02  1.729924704982E+01 -2.247293186322E-14 -1.075498781456E-01  3.007751355264E+02  5.158091907085E-01  6.856117879094E-01 -3.637095569319E-01  3.106088630042E-05 -1.905519911372E+00  2.722351274499E+00 -1.489180001286E-02  3.308450271926E-03  1.158334974096E-02 -2.956775116475E-02  1.293413628073E-03 -1.453182732529E-06 -1.796564444639E-06 -5.120904816568E-06  7.023319304368E-02  1.453182745059E-06 -2.010475735938E-03  2.940418195118E-20 -2.732750313066E-20 -8.896670727619E-21 -1.847196562517E-03
  3.476839014768E+02  3.524741599989E+02  1.734039059646E+01 -2.371220964084E-14 -1.087260394527E-01  3.021594550220E+02  5.130168611448E-01  6.854433779324E-01 -3.590281065735E-01  1.295217116354E-04 -1.932920466674E+00  2.745592507732E+00 -1.586895845582E-02  6.173531834743E-03  9.695426620788E-03 -2.960041827679E-02  1.289052021570E-03  8.988784311647E-07 -2.061321542803E-06 -5.828111746445E-06  6.940087883057E-02 -8.988784612438E-07 -2.178704586190E-03  1.913646656380E-20 -1.680466195537E-20 -1.313070999472E-20 -1.849137603797E-03
  3.572644185211E+02  3.621983847989E+02  1.738237264606E+01 -2.516689345348E-14 -1.102120412196E-01  3.035784562993E+02  5.099101066874E-01  6.857733495411E-01 -3.541800256788E-01  1.990187736639E-04 -1.964188035832E+00  2.771236030090E+00 -1.669605011783E-02  8.962551704367E-03  7.733498413299E-03 -2.953690681987E-02  1.317848256416E-03  3.971887150352E-07 -3.015912360620E-06 -4.219314851580E-06  6.858726235533E-02 -3.971887251467E-07 -2.314157094223E-03  1.642425576134E-20 -1.315759680296E-20 -1.856937985171E-20 -1.836398959731E-03
  3.671323510767E+02  3.722143363429E+02  1.742498358599E+01 -2.580898880751E-14 -1.116145879961E-01  3.050267177807E+02  5.064285930584E-01  6.849058175388E-01 -3.492210949438E-01  3.394346822573E-04 -1.994704402142E+00  2.799800569148E+00 -1.742578910143E-02  1.167521720965E-02  5.750571891671E-03 -2.935274772290E-02  1.247730102005E-03  2.475895305436E-06 -3.957384395217E-06 -2.299305157463E-06  6.819439735166E-02 -2.475895327562E-06 -1.420681306553E-03  1.234574890984E-20 -1.212561304196E-20 -3.037982994363E-20 -1.846104061398E-03
  3.772963216090E+02  3.825307664332E+02  1.746900885832E+01 -2.694834141716E-14 -1.120281739073E-01  3.065294327994E+02  5.025977249679E-01  6.810630404656E-01 -3.440935251896E-01  4.414547364117E-04 -2.008959845127E+00  2.828494841096E+00 -1.818672930534E-02  1.443945481603E-02  3.747274489125E-03 -2.974746742966E-02  8.122199707590E-04  4.567393582642E-06 -4.594504422678E-06 -5.262575763512E-06  6.884506936335E-02 -4.567393597333E-06  7.121218227845E-04  1.940211746211E-20 -1.429739587396E-20  1.095227419863E-20 -1.862552124303E-03
  3.877652112573E+02  3.931566894262E+02  1.751507051345E+01 -3.021066007312E-14 -1.106829825177E-01  3.081096738037E+02  4.984707857476E-01  6.755729956979E-01 -3.388651003707E-01  5.970444438663E-04 -1.993795922243E+00  2.859076133452E+00 -1.915900382345E-02  1.705863902901E-02  2.100364794599E-03 -2.984813823078E-02  3.386083223178E-05  3.491093395748E-06 -4.770134313663E-06 -5.101178555755E-06  6.820541219760E-02 -3.491093465625E-06  1.176929428708E-03  2.260581410396E-20 -1.531799096589E-20 -1.669056995815E-20 -1.860415363403E-03
  3.985481675950E+02  4.041013901090E+02  1.756094803914E+01 -3.404946758211E-14 -1.104454561134E-01  3.096869995582E+02  4.939891462194E-01  6.676395786593E-01 -3.333997078550E-01  5.980231328606E-04 -1.996976685037E+00  2.891204765170E+00 -1.982554502298E-02  1.953542252115E-02  2.901225018112E-04 -2.969381118857E-02  3.521228084449E-04  2.001710685166E-06 -4.168643403464E-06 -2.874449997706E-06  6.665870743539E-02 -2.001710682529E-06  1.109302667413E-03  9.052065166223E-21 -1.687521903608E-20 -1.126864432409E-20 -1.853779434642E-03
  4.096546126229E+02  4.153744318122E+02  1.760763882405E+01 -3.655985221413E-14 -1.091490019680E-01  3.112983151962E+02  4.891014593985E-01  6.599300991271E-01 -3.277815554278E-01  7.581538158338E-04 -1.981766410847E+00  2.932127359491E+00 -2.041867844301E-02  2.205270714470E-02 -1.634028702053E-03 -2.974367727468E-02  2.305630393549E-04  1.261649594840E-06 -4.153571170833E-06 -3.860594165449E-06  6.625148492188E-02 -1.261649610005E-06  7.368311968386E-04  8.249001804822E-21 -1.072583764887E-20 -2.801013980617E-20 -1.871519904648E-03
  4.210942510016E+02  4.269856647666E+02  1.765568961489E+01 -3.699442190303E-14 -1.093833277303E-01  3.129596710879E+02  4.837030300809E-01  6.516519713451E-01 -3.220630628702E-01  7.439724247568E-04 -1.994140382284E+00  2.975910832054E+00 -2.103060442426E-02  2.439475625101E-02 -3.364151827211E-03 -2.996216957284E-02  7.061418711851E-04  1.392287359412E-06 -4.412974368194E-06 -2.997900730429E-06  6.475604523467E-02 -1.392287371441E-06  4.955527726846E-04  1.254972884578E-20 -1.368566892718E-20 -1.591748150852E-20 -1.858274266682E-03
  4.328770785316E+02  4.389452347096E+02  1.770300095755E+01 -3.714310452812E-14 -1.083991223799E-01  3.146010197728E+02  4.778086607480E-01  6.427263930953E-01 -3.160270379719E-01  9.568859160358E-04 -1.983707684791E+00  3.015298885159E+00 -2.162862462081E-02  2.664151292033E-02 -5.012888299296E-03 -2.955986673729E-02  3.151953498183E-04  1.259750565715E-06 -3.317852460875E-06 -2.652017912721E-06  6.377509759320E-02 -1.259750576065E-06  6.724888700868E-04  2.982359457567E-20 -1.179807835252E-20 -1.728512451542E-20 -1.858360487962E-03
  4.450133908876E+02  4.512635917509E+02  1.775243745585E+01 -3.864309172854E-14 -1.083501576655E-01  3.163189080795E+02  4.714157004006E-01  6.304059020329E-01 -3.097782662988E-01  9.450472762535E-04 -1.988338522995E+00  3.063061063265E+00 -2.212396540653E-02  2.864951301618E-02 -6.525547609714E-03 -2.985117031394E-02  8.221978995293E-04  2.253435747840E-07 -2.153978634919E-06 -3.232772837233E-06  6.212742793624E-02 -2.253435860025E-07 -7.177081252302E-04  7.772126519963E-21 -8.727601251329E-21 -2.674827728822E-20 -1.839961974897E-03
  4.575137926142E+02  4.639514995034E+02  1.780008717319E+01 -4.053990960926E-14 -1.095045018096E-01  3.179821110304E+02  4.641383033603E-01  6.207045449571E-01 -3.034422372191E-01  9.996072637789E-04 -2.014192452820E+00  3.111545040063E+00 -2.291836953957E-02  3.083127200104E-02 -7.912902461826E-03 -2.900722974557E-02  1.234502860796E-03  2.304597568732E-07 -2.113283716827E-06 -3.212301218062E-06  5.950790765512E-02 -2.304597650430E-07 -1.285929701102E-03  2.401084228608E-20 -1.975342870480E-20 -6.041332285016E-21 -1.800325514471E-03
  4.703892063926E+02  4.770200444885E+02  1.784822232527E+01 -4.231667454236E-14 -1.104211133294E-01  3.196663223830E+02  4.557319020315E-01  6.108219237238E-01 -2.966834152136E-01  1.117237126468E-03 -2.036372492465E+00  3.166729764943E+00 -2.344403063297E-02  3.284474567426E-02 -9.400715041210E-03 -2.870924649268E-02  1.158283518637E-03  2.393607365891E-06 -2.938811789749E-06 -5.612108015059E-07  5.829880488295E-02 -2.393607362288E-06 -1.027244224194E-03  5.162390616455E-21 -1.388855807614E-20 -1.438179540307E-20 -1.787918017370E-03
  4.836508825844E+02  4.904806458232E+02  1.789675101206E+01 -4.292374413082E-14 -1.112121257764E-01  3.213723041169E+02  4.466209425773E-01  6.018421212362E-01 -2.900453077805E-01  1.197496198113E-03 -2.057096870409E+00  3.222335048206E+00 -2.398755191100E-02  3.481835450213E-02 -1.083080259069E-02 -2.867860109126E-02  8.492700432075E-04  2.013627935231E-06 -4.214020581956E-06  1.826886706575E-06  5.841552837079E-02 -2.013627935476E-06  7.501829896818E-04  2.688370283613E-20 -1.052057496064E-20 -2.254993954466E-20 -1.815396036735E-03
  4.973104090619E+02  5.043450651978E+02  1.794798072342E+01 -4.190524330895E-14 -1.091212265206E-01  3.231755166170E+02  4.372113192333E-01  5.897291915512E-01 -2.828343120462E-01  1.155359577914E-03 -2.025758790621E+00  3.272655076340E+00 -2.401133249362E-02  3.645814418682E-02 -1.244681169359E-02 -2.936879493262E-02 -2.464897799792E-04  2.478597173596E-06 -4.714923914661E-06  1.216977600716E-06  5.903223915643E-02 -2.478597179276E-06  2.223990031010E-03  2.537728191236E-20 -1.088592410482E-20 -1.745949025052E-20 -1.840215729046E-03
  5.113797213338E+02  5.186254171538E+02  1.800054989668E+01 -4.053948236132E-14 -1.072982716852E-01  3.250380801691E+02  4.273676377642E-01  5.800752366852E-01 -2.757308291243E-01  1.355145007936E-03 -2.000888413090E+00  3.327439336306E+00 -2.438562931984E-02  3.802000648633E-02 -1.363437716672E-02 -2.961600810383E-02 -8.030319651816E-05  1.136925393722E-06 -3.715584546879E-06  1.371504052034E-06  5.976132354297E-02 -1.136925394272E-06  8.715231332451E-04  3.475526807442E-20 -2.062554283691E-20 -2.634386473093E-20 -1.873022467935E-03
  5.258711129738E+02  5.333341796684E+02  1.805617943927E+01 -4.003000911070E-14 -1.075683075468E-01  3.270147027978E+02  4.171469051788E-01  5.667296426298E-01 -2.681053210899E-01  1.263545862058E-03 -2.013886695869E+00  3.397700103804E+00 -2.478310856830E-02  3.957088602624E-02 -1.478777745804E-02 -3.050932049063E-02  7.139029899015E-04  6.509227476135E-07 -1.765838238735E-06  1.011922850363E-06  5.930712132558E-02 -6.509227442882E-07  9.659738628443E-04  1.540490675923E-20  1.437830480816E-21 -1.767034727224E-20 -1.914230901359E-03
  5.407972463630E+02  5.482972463630E+02  1.811117306272E+01 -3.897888160969E-14 -1.055300072746E-01  3.289796212495E+02  4.070372724969E-01  5.555564528089E-01 -2.604639188776E-01  1.309802011249E-03 -1.983024706560E+00  3.372944721517E+00 -2.427128691494E-02  3.908902721975E-02 -1.481774030466E-02 -3.003661615335E-02  1.409313498533E-04 -1.960209569898E-06 -9.278816830418E-08  2.311782848309E-06  5.840670907204E-02  1.960209590472E-06  1.958976064832E-03  2.890679716935E-20 -1.037865208014E-21 -1.759644300889E-20 -1.860901877451E-03
  5.557972463630E+02  5.632972463630E+02  1.816570430797E+01 -3.633504434830E-14 -1.039206860877E-01  3.309332928408E+02  3.973944892171E-01  5.443136659948E-01 -2.526772850915E-01  1.128301859100E-03 -1.960024064610E+00  3.333507186301E+00 -2.362592773607E-02  3.809831489376E-02 -1.447238715799E-02 -2.950556595636E-02 -1.830095141409E-04 -3.237639305046E-06  6.780652470595E-07  3.649726122269E-06  5.913384059741E-02  3.237639309606E-06  1.354932293260E-03  2.615069755714E-20  3.011350618653E-21 -1.906835370886E-20 -1.847050659564E-03
  5.707972463630E+02  5.782972463630E+02  1.822205376072E+01 -3.339060422834E-14 -1.029824017426E-01  3.329626992958E+02  3.883513298919E-01  5.320874747366E-01 -2.449724336666E-01  1.166819510074E-03 -1.946471835885E+00  3.298315663707E+00 -2.328496414271E-02  3.735116541166E-02 -1.406620126910E-02 -2.941662407499E-02 -8.121132738255E-05 -1.224662059956E-06  1.036389050647E-06  6.333318089844E-06  5.897300307725E-02  1.224662081496E-06  9.343769985668E-04  1.211360554166E-20 -8.150728193027E-22 -6.116563879103E-21 -1.808171573335E-03
  5.857972463630E+02  5.932972463630E+02  1.827626722081E+01 -3.262505182099E-14 -1.021419114616E-01  3.349199911340E+02  3.797678957894E-01  5.150298108981E-01 -2.372296214370E-01  1.096818048990E-03 -1.933367308116E+00  3.264114850944E+00 -2.270269812288E-02  3.666630578503E-02 -1.396360766237E-02 -2.847573172429E-02  1.259744393613E-04  4.651431510677E-07  8.069822490390E-07  6.626836250280E-06  5.738534680028E-02 -4.651431542785E-07  1.717548065137E-03  1.071954445978E-20 -4.319634813642E-21 -1.311550624414E-20 -1.758356943128E-03
  6.007972463630E+02  6.082972463630E+02  1.832965365767E+01 -3.410641098249E-14 -9.975327932173E-02  3.368544680237E+02  3.712771678114E-01  4.977062070081E-01 -2.291764367928E-01  1.049800375713E-03 -1.892091416362E+00  3.223970717457E+00 -2.234926562069E-02  3.590148327651E-02 -1.355221765560E-02 -2.780600589453E-02 -3.544540141020E-04  1.851540061427E-06 -4.317303208090E-07  6.054114275643E-06  5.610649752583E-02 -1.851540065738E-06  1.783711010443E-03  1.612555478035E-20 -2.256997738607E-22 -1.725675854425E-20 -1.704345307258E-03
  6.157972463630E+02  6.232972463630E+02  1.838147864247E+01 -3.518626348042E-14 -9.880770234040E-02  3.387365292347E+02  3.627363782875E-01  4.787086056337E-01 -2.211837303324E-01  1.074559484605E-03 -1.876847321249E+00  3.175718996817E+00 -2.185261214019E-02  3.496272818417E-02 -1.311011604410E-02 -2.659184368152E-02 -1.809687608767E-04  8.225714520073E-07 -1.536214111721E-06  5.245808945482E-06  5.572106285280E-02 -8.225714520877E-07  2.402458463287E-03  2.321631659309E-21 -6.715249715954E-21 -1.603673446890E-20 -1.648851491017E-03
  6.307972463630E+02  6.382972463630E+02  1.843413598634E+01 -3.507925865296E-14 -9.525393300459E-02  3.406550756362E+02  3.539518317082E-01  4.602370390862E-01 -2.130317592821E-01  1.063464154993E-03 -1.814895433937E+00  3.140273881694E+00 -2.138410428719E-02  3.439530653191E-02 -1.301120224453E-02 -2.622029395332E-02 -9.674855235675E-04  3.219144913200E-09 -1.682324340786E-06  5.292208674101E-06  5.527230314278E-02 -3.219158870630E-09  4.330274168136E-03 -6.313523515761E-21 -1.298637325793E-20 -2.741361774475E-20 -1.612188951425E-03
  6.457972463630E+02  6.532972463630E+02  1.848511321898E+01 -3.411318753518E-14 -9.067739520911E-02  3.425160094492E+02  3.448137918743E-01  4.430210226593E-01 -2.047696544401E-01  1.384374043728E-03 -1.732556102850E+00  3.098304804430E+00 -2.096959544479E-02  3.363796600299E-02 -1.266837055783E-02 -2.532224534687E-02 -1.082555454914E-03  2.194399411845E-07 -1.368767994745E-06  3.074317256276E-06  5.414286350352E-02 -2.194399253336E-07  4.710867724469E-03 -9.706239633082E-21 -8.697266092683E-21 -2.644924237207E-20 -1.558779344558E-03
  6.607972463630E+02  6.682972463630E+02  1.853565265654E+01 -3.265607229075E-14 -8.641033187284E-02  3.443651026543E+02  3.355262949851E-01  4.284968868060E-01 -1.963770825715E-01  1.338107258344E-03 -1.656359668196E+00  3.060474462595E+00 -2.063078218580E-02  3.303609085810E-02 -1.240530867230E-02 -2.468497003688E-02 -1.085107743396E-03 -3.975939791068E-07 -1.283869216013E-06  1.276640041785E-06  5.426268229537E-02  3.975939725680E-07  5.195705918902E-03  1.437237307496E-20 -5.625436041316E-21 -1.040932857256E-20 -1.542088875222E-03
  6.757972463630E+02  6.832972463630E+02  1.858685509212E+01 -3.174202220513E-14 -8.092453079565E-02  3.462439738304E+02  3.261801789171E-01  4.148695837244E-01 -1.879393258036E-01  1.665259245409E-03 -1.558186043124E+00  3.024501824249E+00 -1.990857434012E-02  3.230715569824E-02 -1.239858135807E-02 -2.465024000844E-02 -1.390944545118E-03  8.491041003345E-07 -1.287568445240E-06  2.123532631876E-06  5.483436519707E-02 -8.491040990086E-07  6.070924912745E-03 -4.755742565098E-21 -7.570847860368E-21 -2.364079133590E-20 -1.543241434667E-03
  6.907972463630E+02  6.982972463630E+02  1.863846185881E+01 -3.085234816467E-14 -7.502854343146E-02  3.481403308322E+02  3.168810405398E-01  4.012330022259E-01 -1.793462418847E-01  1.709121425751E-03 -1.450316201140E+00  2.989731772731E+00 -1.925023754572E-02  3.157785526968E-02 -1.232761772387E-02 -2.475942239013E-02 -1.373827644099E-03  9.252731206931E-07 -9.919168071434E-07  8.745437474479E-07  5.540927743536E-02 -9.252731188748E-07  7.178498821356E-03  1.104371240250E-20 -1.347632048495E-20 -3.216354595976E-20 -1.543297876077E-03
  7.057972463630E+02  7.132972463630E+02  1.869074434139E+01 -2.993227063777E-14 -6.747409760603E-02  3.500651839676E+02  3.073171690605E-01  3.875242828065E-01 -1.708017726850E-01  1.912831996414E-03 -1.312255123306E+00  2.954191068825E+00 -1.864188230389E-02  3.074093791359E-02 -1.209905560962E-02 -2.461512380722E-02 -1.928549101253E-03  1.466894508088E-06 -9.353425070841E-07 -7.277655730613E-07  5.565647186231E-02 -1.466894510885E-06  7.887296518690E-03 -6.162739670779E-21 -5.244511755901E-21 -4.031696818833E-20 -1.532602536657E-03
  7.207972463630E+02  7.282972463630E+02  1.874281901374E+01 -3.029044101770E-14 -6.023764241999E-02  3.519874960574E+02  2.973677185620E-01  3.753076423205E-01 -1.621535007432E-01  2.082455908509E-03 -1.177751932083E+00  2.906734080958E+00 -1.835235129244E-02  3.009177824291E-02 -1.173942695049E-02 -2.423921847213E-02 -2.202513594191E-03  1.335332161571E-07 -6.158943540660E-07 -6.630753039433E-07  5.511044276570E-02 -1.335332235813E-07  8.377252932446E-03  6.391691974287E-21 -6.797690074749E-21 -2.668574762422E-20 -1.495258098452E-03
  7.357972463630E+02  7.432972463630E+02  1.879406704841E+01 -3.148643643267E-14 -5.177435097158E-02  3.538873808028E+02  2.874141569280E-01  3.604702719369E-01 -1.534909448961E-01  2.173932668959E-03 -1.018494919800E+00  2.861267406641E+00 -1.781624040133E-02  2.932436873131E-02 -1.150812832993E-02 -2.360959504788E-02 -2.409830383308E-03 -2.061287418566E-06  3.257525994525E-07 -7.431722997680E-07  5.492134185659E-02  2.061287414896E-06  8.089286346305E-03 -1.731278500674E-20 -3.906491720503E-21 -3.756654642071E-20 -1.466663032623E-03
  7.507972463630E+02  7.582972463630E+02  1.884577492439E+01 -3.044849022799E-14 -4.508139101711E-02  3.558067411959E+02  2.774655446499E-01  3.474183443258E-01 -1.447904562290E-01  2.388939576318E-03 -8.912681848686E-01  2.813853235754E+00 -1.729390405790E-02  2.845019701304E-02 -1.115629295543E-02 -2.319658347133E-02 -1.840177097202E-03 -5.321163778229E-07  1.334402870314E-06 -2.579472033449E-07  5.447548121393E-02  5.321164005864E-07  8.086307064309E-03 -4.148958780040E-21 -1.828865018993E-21 -2.616630662800E-20 -1.425019738844E-03
  7.657972463630E+02  7.732972463630E+02  1.889619618140E+01 -2.667642770455E-14 -3.661386491778E-02  3.576855920590E+02  2.671754844262E-01  3.334464834998E-01 -1.360551774948E-01  2.555778858040E-03 -7.309771024509E-01  2.770349848639E+00 -1.679534236612E-02  2.766146228806E-02 -1.086611992208E-02 -2.242613605815E-02 -2.235139436846E-03 -1.440538647743E-08  1.859210786370E-06 -1.931385029279E-06  5.232826713075E-02  1.440537429545E-08  8.811012830609E-03  6.035874714376E-21 -5.691443822746E-21 -3.042965757431E-20 -1.365742334516E-03
  7.807972463630E+02  7.882972463630E+02  1.894389461388E+01 -2.181313737854E-14 -2.856420591213E-02  3.594659448429E+02  2.564210761188E-01  3.198181622746E-01 -1.273092454858E-01  2.649851581938E-03 -5.759629481016E-01  2.722581553349E+00 -1.650078743396E-02  2.702568685718E-02 -1.052489942279E-02 -2.105878740131E-02 -2.305985174075E-03  8.554808906375E-08  2.357679957163E-06 -1.969414815974E-06  4.945295013793E-02 -8.554805688966E-08  8.393113336955E-03  1.040359213318E-20 -2.676021918234E-21 -2.328309459795E-20 -1.273053151262E-03
  7.957972463630E+02  8.032972463630E+02  1.898892619409E+01 -1.562426331254E-14 -2.087768126651E-02  3.611535801222E+02  2.454432492020E-01  3.093371837552E-01 -1.185438486978E-01  2.776420705428E-03 -4.306254144535E-01  2.675697926422E+00 -1.601123190873E-02  2.646545964257E-02 -1.045422773389E-02 -1.982216340377E-02 -2.324369050518E-03  2.678096793409E-07  2.965316317568E-06 -1.965722189047E-06  4.678395591178E-02 -2.678096777176E-07  8.798060505016E-03  1.016313160923E-21 -7.551597065569E-21 -2.935369796963E-20 -1.209577142162E-03
  8.107972463630E+02  8.182972463630E+02  1.903162098777E+01 -1.082722684657E-14 -1.205284425905E-02  3.627547721977E+02  2.342205139381E-01  2.982937993874E-01 -1.097493353902E-01  2.819441711068E-03 -2.629184856171E-01  2.632282988019E+00 -1.567852985358E-02  2.581564639294E-02 -1.013711653949E-02 -1.890017309771E-02 -2.472398996026E-03  3.599599571946E-07  2.731508547233E-06 -3.026193963895E-06  4.528280795480E-02 -3.599599483346E-07  9.096272251445E-03  7.838689722188E-21  4.607962325908E-21 -2.306218309530E-20 -1.161665989879E-03
  8.257972463630E+02  8.332972463630E+02  1.907384513116E+01 -1.011746806126E-14 -3.808955133183E-03  3.643423358995E+02  2.223786262375E-01  2.875120643835E-01 -1.009978485752E-01  2.880589950282E-03 -1.071838507999E-01  2.591181650511E+00 -1.518154686224E-02  2.503908449982E-02 -9.857537637740E-03 -1.830548377570E-02 -2.446982315925E-03  3.323962137815E-07  1.841289638155E-06 -2.300988873328E-06  4.351699536233E-02 -3.323962451086E-07  9.874893342882E-03  1.248721873979E-20  2.737993844603E-21 -2.797433192485E-20 -1.123665647898E-03
  8.407972463630E+02  8.482972463630E+02  1.911321931675E+01 -1.069712150167E-14  6.467840580560E-03  3.658228327475E+02  2.096114471426E-01  2.787371976654E-01 -9.203919433035E-02  2.821158333484E-03  8.795097719943E-02  2.544343954587E+00 -1.463863540023E-02  2.420586969069E-02 -9.567234290482E-03 -1.747750122745E-02 -2.891878346131E-03 -1.186605548388E-06  8.942276401030E-07 -1.354494069786E-07  4.095641557722E-02  1.186605551118E-06  1.052418315612E-02  6.639230761792E-21 -6.745326190282E-21 -1.826825218769E-20 -1.048025817415E-03
  8.557972463630E+02  8.632972463630E+02  1.915062375677E+01 -1.009865512972E-14  1.593813507359E-02  3.672344904937E+02  1.960464375405E-01  2.703726047939E-01 -8.322663390552E-02  2.743696619103E-03  2.675232752668E-01  2.501743969891E+00 -1.439855208706E-02  2.358880446105E-02 -9.190252373921E-03 -1.610906197554E-02 -2.785969259104E-03 -1.931192160288E-06  2.328226892101E-07 -1.053038376295E-06  3.972447932027E-02  1.931192148235E-06  1.046374470521E-02  5.268104869819E-21  6.899066762228E-21 -3.488709255817E-20 -9.766064179134E-04
  8.707972463630E+02  8.782972463630E+02  1.918770212211E+01 -9.363053518271E-15  2.609883132577E-02  3.686380341605E+02  1.818720336575E-01  2.622499220003E-01 -7.434484351918E-02  2.669154115244E-03  4.613523463004E-01  2.446399026018E+00 -1.395989295056E-02  2.275705529115E-02 -8.797162340693E-03 -1.508126418597E-02 -2.822243319978E-03 -1.563526196955E-06 -3.076369848193E-07 -2.671019344623E-06  3.847610115007E-02  1.563526189086E-06  1.067463381619E-02  6.923057659311E-21 -2.329055203823E-21 -1.505153671552E-20 -9.068951842721E-04
  8.857972463630E+02  8.932972463630E+02  1.922277581345E+01 -9.307607852851E-15  3.593850593650E-02  3.699700373836E+02  1.671787415873E-01  2.553515856148E-01 -6.554044825884E-02  2.445192637504E-03  6.491013206663E-01  2.395962283264E+00 -1.340944539700E-02  2.201988333053E-02 -8.610437933416E-03 -1.401928810030E-02 -2.601223270423E-03 -4.465856812210E-07 -4.875558748884E-07 -2.331883047155E-06  3.670712269826E-02  4.465856769239E-07  9.745562979531E-03  1.769049240289E-20  1.102983957847E-21 -1.508692078144E-20 -8.518632591026E-04
  9.007972463630E+02  9.082972463630E+02  1.925652764903E+01 -9.819970285425E-15  4.435284839020E-02  3.712525301732E+02  1.517622830172E-01  2.492294943613E-01 -5.668739638469E-02  2.267616103695E-03  8.119389510417E-01  2.354438827332E+00 -1.317336776189E-02  2.142002620903E-02 -8.246658447186E-03 -1.314338629462E-02 -2.463562965955E-03  3.993786946831E-07 -4.675160759736E-07 -1.964837234453E-06  3.502052851342E-02 -3.993786846598E-07  9.504696612309E-03 -4.335979524536E-22 -4.230288780713E-21 -3.648003862903E-20 -7.911583650849E-04
  9.157972463630E+02  9.232972463630E+02  1.928843999319E+01 -8.765081976198E-15  5.376127863208E-02  3.724662383494E+02  1.352274758582E-01  2.436741461180E-01 -4.776873948642E-02  2.085722799029E-03  9.942203399944E-01  2.313207763035E+00 -1.274311050328E-02  2.075217089967E-02 -8.009060396365E-03 -1.225865262935E-02 -2.469749700172E-03 -3.971498515739E-07 -6.747470801829E-07 -1.383583196909E-06  3.440036262379E-02  3.971498478326E-07  8.961875892232E-03 -1.059774110923E-20 -6.066200726650E-21 -1.129920563692E-20 -7.460874179711E-04
  9.307972463630E+02  9.382972463630E+02  1.932101855091E+01 -5.492018985131E-15  6.116292273528E-02  3.737109945173E+02  1.169658224550E-01  2.400842770923E-01 -3.888653629068E-02  1.721366387837E-03  1.139110958062E+00  2.268762357203E+00 -1.231270783364E-02  1.999234916262E-02 -7.679641329169E-03 -1.162156097596E-02 -1.881198605918E-03 -7.803139915949E-07 -4.445218771275E-07 -1.072311306436E-06  3.494509457776E-02  7.803140049413E-07  6.330288454458E-03 -2.319931911854E-21  6.209610507325E-21 -3.052238684019E-20 -7.092084156631E-04
  9.457972463630E+02  9.532972463630E+02  1.935394608690E+01 -2.649832032039E-15  6.562632869409E-02  3.749728291039E+02  9.635520637741E-02  2.407496867866E-01 -2.998980063152E-02  1.536589024266E-03  1.226916686997E+00  2.240774276192E+00 -1.203464654243E-02  1.937130761080E-02 -7.336661068191E-03 -1.097174300925E-02 -1.061246726680E-03  6.144495091394E-08  6.558462189495E-08 -1.283806413276E-06  3.486852110074E-02 -6.144495514140E-08  5.982984185821E-03 -6.216998356821E-21  8.911460596901E-21 -2.658125767763E-20 -6.703108666487E-04
  9.607972463630E+02  9.682972463630E+02  1.938640000396E+01 -1.341332390934E-15  7.237466509686E-02  3.762228552672E+02  7.266957221812E-02  2.477197091556E-01 -2.116828321160E-02  1.164164684370E-03  1.358210690773E+00  2.264278227530E+00 -1.193789788072E-02  1.927119458053E-02 -7.333296699666E-03 -1.056763628713E-02 -1.408900555299E-03  1.051114508182E-06  8.894351692218E-08 -1.133372277606E-06  3.698555225820E-02 -1.051114519265E-06  8.035857356240E-03 -4.551674689285E-21  1.219407574338E-21 -1.733163275710E-20 -6.982911585703E-04
  9.757972463630E+02  9.832972463630E+02  1.942330408685E+01 -8.649519631348E-16  8.069908749150E-02  3.776552952702E+02  4.430357720363E-02  2.644752396596E-01 -1.210555369255E-02  7.945691066417E-04  1.523457914084E+00  2.421087174738E+00 -1.257036101436E-02  2.131236337466E-02 -8.742002360482E-03 -1.241428982139E-02 -1.516968649643E-03 -1.887883552131E-07 -2.540013573446E-07 -2.700578591208E-06  4.728012985303E-02  1.887883443663E-07  9.609667360779E-03 -7.507125572568E-21  3.577998702902E-21 -1.274183541570E-20 -9.495806772954E-04
  9.907972463630E+02  9.982972463630E+02  1.947504768681E+01 -3.829651191255E-16  9.039756282812E-02  3.796890749593E+02  9.035261526265E-03  3.033897058204E-01 -3.522434718272E-03  3.255248163690E-04  1.716912483181E+00  2.421321967481E+00 -1.435476000905E-02  2.312846917665E-02 -8.773709166997E-03 -1.612792380553E-02 -1.496496170180E-03  2.312984665455E-07 -2.162638836731E-07 -2.240105267563E-06  2.759889428835E-02 -2.312984588008E-07  5.173254072080E-03 -6.456070028894E-21  8.993887714979E-22 -1.395575435972E-20 -4.722732782522E-04
