                   y                  ym                   U                   V                   W                 U^2                 V^2                 W^2                  UV                  VW                  UW                VISC               SFSxx               SFSyy               SFSzz               SFSxy               SFSyz                dUdX                dVdX                dWdX                dUdY                dVdY                dWdY                dUdZ                dVdZ                dWdZ              SFSxym
 -3.000000000000E+00 -1.500000000000E+00  0.000000000000E+00  0.000000000000E+00  0.000000000000E+00  0.000000000000E+00  0.000000000000E+00  0.000000000000E+00  0.000000000000E+00  0.000000000000E+00  0.000000000000E+00  0.000000000000E+00  0.000000000000E+00  0.000000000000E+00  0.000000000000E+00  0.000000000000E+00  0.000000000000E+00  0.000000000000E+00  0.000000000000E+00  0.000000000000E+00  0.000000000000E+00  0.000000000000E+00  0.000000000000E+00  0.000000000000E+00  0.000000000000E+00  0.000000000000E+00  0.000000000000E+00
  2.220446049250E-16  1.500000000000E+00  8.049465994562E+00 -1.300693783004E-15 -7.297753805615E-02  6.778856537322E+01  4.901188881013E-02  8.066206390567E-01 -1.788379859507E-01 -1.510110160864E-03 -5.867083834589E-01  1.174284853161E+00 -3.537753978244E-03  1.321084224767E-02 -9.673088268816E-03 -6.575535330358E+00  5.245708263301E-02 -2.361072093866E-03 -1.723231519043E-04  4.240006186984E-05  4.869621282742E+01  2.361072093834E-03 -3.975925186759E-01  4.333351942743E-20  2.786904973315E-21 -1.338913192202E-21 -2.494993526951E-02
  3.000000000000E+00  4.500000000000E+00  1.021204140446E+01 -3.648942114900E-15 -7.609682443174E-02  1.079484697959E+02  2.130102238115E-01  8.685254791512E-01 -3.896173695071E-01 -1.710354708922E-03 -7.754921493217E-01  5.445160214661E+00  3.942380213727E-01 -3.918714074952E-01 -2.366613873331E-03 -2.098006214994E+00 -1.225987361450E-01  4.089927793854E-04 -2.875121195046E-04  3.035888614634E-05  7.399188513737E+00 -4.089927793545E-04 -1.197513726020E-05  2.048833719019E-20  1.077004278710E-21  4.511307001754E-21 -1.376492144598E-01
  6.000000000000E+00  7.500000000000E+00  1.082358808527E+01 -4.298150377280E-15 -7.310468208385E-02  1.201103810073E+02  2.908706730289E-01  8.207185102614E-01 -3.744425429381E-01 -1.876700601601E-03 -7.901775787029E-01  6.646494161095E+00  2.383106817427E-01 -5.604519305545E-01  3.221412488122E-01 -1.041516040792E+00 -3.319109601397E-02  4.681128089892E-04 -1.876591108611E-04 -6.231393393298E-06  3.062877605221E+00 -4.681128088927E-04  1.688271616100E-02  5.570153589162E-20 -2.913079936053E-21  5.022598882138E-20 -6.372975538805E-02
  9.000000000000E+00  1.050000000000E+01  1.136067249267E+01 -4.626916326929E-15 -6.973249431001E-02  1.319308104323E+02  3.359599965549E-01  8.027017584214E-01 -4.127777473798E-01 -1.773741005836E-03 -7.898070782762E-01  6.762957041426E+00  2.176775583851E-01 -5.278559031062E-01  3.101783447249E-01 -9.796809279480E-01 -4.992033785894E-03  3.272352146146E-04 -1.210123708256E-04 -2.962790178004E-05  2.434614685710E+00 -3.272352145738E-04  1.891365260203E-02  2.845156166688E-20 -1.122378889261E-20  2.807976656276E-20 -5.329990932124E-02
  1.200000000000E+01  1.350000000000E+01  1.173671255622E+01 -4.734530909684E-15 -6.594263537086E-02  1.404455738596E+02  3.662913695923E-01  7.875989009492E-01 -4.128361540351E-01 -1.877824186854E-03 -7.699750237265E-01  6.513277959041E+00  1.885069131454E-01 -4.813798212333E-01  2.928729080880E-01 -7.055481408251E-01 -2.927810694463E-04  2.087340079641E-04 -8.244454345573E-05 -3.408265347756E-05  1.871590182044E+00 -2.087340079195E-04  1.795395944842E-02  6.422775602908E-20 -8.855063631394E-21  5.947577278852E-20 -4.081901596834E-02
  1.500000000000E+01  1.650000000000E+01  1.206254322320E+01 -6.251738131809E-15 -6.304233432141E-02  1.481223438604E+02  3.893810988846E-01  7.802254432560E-01 -4.239803511208E-01 -1.965257351204E-03 -7.542633890718E-01  6.324858687999E+00  1.722100323590E-01 -4.414595095331E-01  2.692494771743E-01 -6.100536742828E-01 -2.313649118521E-03  1.096881969345E-04 -5.859080761749E-05  2.667534243140E-07  1.579033059705E+00 -1.096881969991E-04  1.407741162032E-02  6.731775570103E-20 -8.960252631846E-21  8.142272007140E-20 -3.480277193829E-02
  1.800000000000E+01  1.950000000000E+01  1.232860753772E+01 -9.549044497834E-15 -6.064691674866E-02  1.545337090556E+02  4.080754542892E-01  7.737983714611E-01 -4.252782907330E-01 -2.030418914430E-03 -7.396009104006E-01  6.096095014759E+00  1.544222325948E-01 -4.047036958549E-01  2.502814632620E-01 -5.019446533072E-01 -1.766779834964E-03  1.490940506917E-04 -4.033051407472E-05  2.431406951503E-05  1.336892606512E+00 -1.490940507656E-04  1.257356518927E-02  6.041068645909E-20 -9.290663053718E-21  9.415109380704E-20 -2.942043580986E-02
  2.100000000000E+01  2.250000000000E+01  1.256386026618E+01 -1.396724222102E-14 -5.826256906542E-02  1.603421763771E+02  4.236617535251E-01  7.692581416314E-01 -4.292776149668E-01 -2.127106900062E-03 -7.230421405603E-01  5.899829008944E+00  1.406519064224E-01 -3.739992479352E-01  2.333473415149E-01 -4.416845509991E-01 -2.821185920926E-03  1.311683137259E-04 -2.805361378362E-05  1.858967590693E-05  1.173346605629E+00 -1.311683138461E-04  1.166763582903E-02  4.934862356783E-20 -1.644206338113E-20  9.627498117796E-20 -2.585328530944E-02
  2.400000000000E+01  2.550000000000E+01  1.276881123003E+01 -1.692380943140E-14 -5.630443501927E-02  1.654930032337E+02  4.367453606076E-01  7.646273408817E-01 -4.300110455742E-01 -2.173245444956E-03 -7.100088136630E-01  5.706792505330E+00  1.279712725659E-01 -3.471564169967E-01  2.191851444312E-01 -3.853160040203E-01 -2.769839313981E-03  6.048963301615E-05 -2.363716381772E-05  1.396452616164E-05  1.041509548572E+00 -6.048963308799E-05  9.984366397256E-03  6.168514266694E-20 -8.925814579351E-21  1.002430859596E-19 -2.286733413602E-02
  2.700000000000E+01  2.850000000000E+01  1.295434189940E+01 -2.038140041576E-14 -5.455525209110E-02  1.702365349174E+02  4.477729017905E-01  7.611426867903E-01 -4.314601707224E-01 -2.245617921573E-03 -6.980199636087E-01  5.537893311142E+00  1.176855665057E-01 -3.247256681996E-01  2.070401016926E-01 -3.474492585188E-01 -2.998989322129E-03  5.171942185615E-05 -1.753706465403E-05  1.293298757583E-05  9.421927950220E-01 -5.171942192843E-05  8.711811511655E-03  7.901536549856E-20  4.039154820893E-21  1.145407337695E-19 -2.065782976642E-02
  3.000000000000E+01  3.150000000000E+01  1.312209397328E+01 -2.480573631341E-14 -5.304027038030E-02  1.745862766936E+02  4.570748626488E-01  7.579404390651E-01 -4.315373803989E-01 -2.258390696311E-03 -6.875041586249E-01  5.380341928681E+00  1.088173742969E-01 -3.052331276449E-01  1.964157533485E-01 -3.139388145215E-01 -2.901474614713E-03  8.663724750045E-05 -1.151848527583E-05 -3.968621738862E-06  8.597042098382E-01 -8.663724747942E-05  7.931564759912E-03  6.314431345645E-20  3.894515453231E-21  1.072139966615E-19 -1.882553977549E-02
  3.300000000000E+01  3.450000000000E+01  1.327692044123E+01 -3.079877795217E-14 -5.160660179375E-02  1.786549431859E+02  4.649182954868E-01  7.552872663176E-01 -4.318175233206E-01 -2.300488420755E-03 -6.768515691731E-01  5.241128673075E+00  1.014350351772E-01 -2.886600236698E-01  1.872249884922E-01 -2.888277915344E-01 -3.330786575240E-03  7.566194602488E-05 -1.238776977362E-05 -1.022303394689E-05  7.946533468869E-01 -7.566194607397E-05  7.215183658112E-03  4.222565320592E-20 -1.395837028570E-21  1.211539657101E-19 -1.736060383635E-02
  3.600000000000E+01  3.750000000000E+01  1.342013271630E+01 -3.870746142591E-14 -5.035285670779E-02  1.824633738970E+02  4.715245129969E-01  7.527593236684E-01 -4.315124965617E-01 -2.363332746182E-03 -6.672169720346E-01  5.111307108520E+00  9.509161860888E-02 -2.740973336026E-01  1.790057149914E-01 -2.667049696710E-01 -2.935958799491E-03  3.295853633077E-05 -1.470963232847E-05  4.091853671332E-06  7.392894702641E-01 -3.295853642886E-05  6.193087366250E-03  5.953928494322E-20  2.035119143870E-20  1.569342207682E-19 -1.609512097859E-02
  3.900000000000E+01  4.050000000000E+01  1.355402974964E+01 -4.647960120084E-14 -4.931244225978E-02  1.860633727470E+02  4.770710322036E-01  7.503961389681E-01 -4.311976828038E-01 -2.396730391034E-03 -6.593371330511E-01  4.993052709287E+00  8.938970124026E-02 -2.611423339654E-01  1.717526327242E-01 -2.485882287406E-01 -2.549808917896E-03  1.393607172879E-05 -1.401933019667E-05  1.762140307845E-05  6.924405513618E-01 -1.393607176434E-05  5.281904400801E-03  2.546590598766E-20 -2.463432279145E-21  1.209533000365E-19 -1.503162874743E-02
  4.200000000000E+01  4.350000000000E+01  1.367973971049E+01 -5.254621723271E-14 -4.836785262751E-02  1.894763884924E+02  4.817324694918E-01  7.479480771779E-01 -4.306136637749E-01 -2.447302637384E-03 -6.524519226190E-01  4.884523775897E+00  8.435150824869E-02 -2.497038103758E-01  1.653523021255E-01 -2.324371161440E-01 -2.321907183356E-03  3.865407645999E-05 -1.268704417516E-05  2.214104935767E-05  6.526370946028E-01 -3.865407641342E-05  4.918970939564E-03  3.727322149974E-20  1.696046766624E-21  1.346312433940E-19 -1.409704671151E-02
  4.500000000000E+01  4.650000000000E+01  1.379879909580E+01 -5.756447832150E-14 -4.739916200474E-02  1.927395867236E+02  4.856175661821E-01  7.453622957586E-01 -4.299835591848E-01 -2.477448419865E-03 -6.449859269755E-01  4.783135301183E+00  7.975706781478E-02 -2.393007290214E-01  1.595436612073E-01 -2.187090631833E-01 -2.241573778324E-03  3.383868188757E-05 -1.254779029483E-05  4.467236505744E-06  6.188619287303E-01 -3.383868188762E-05  4.576190135953E-03  4.217698572804E-20  2.671398519879E-21  1.450071106479E-19 -1.328546504118E-02
  4.800000000000E+01  4.950000000000E+01  1.391176538328E+01 -6.165776652989E-14 -4.662702963782E-02  1.958625449780E+02  4.887605916572E-01  7.422352138101E-01 -4.291822260109E-01 -2.537372202126E-03 -6.396664840015E-01  4.688173968479E+00  7.578083171990E-02 -2.298899357557E-01  1.541091040351E-01 -2.066355112506E-01 -2.129593229169E-03 -1.001237061071E-05 -1.106925993039E-05 -2.473427923574E-06  5.879194649360E-01  1.001237057717E-05  4.206529995239E-03  3.772933649536E-20 -5.819841745834E-21  1.294825281499E-19 -1.256792969375E-02
  5.100000000000E+01  5.250000000000E+01  1.401927127199E+01 -6.667432686687E-14 -4.585176806971E-02  1.988583862459E+02  4.912141280755E-01  7.386324663199E-01 -4.283415808540E-01 -2.560831117074E-03 -6.339971461978E-01  4.597635703382E+00  7.196840244228E-02 -2.211113334222E-01  1.491429309802E-01 -1.957081833973E-01 -2.064738720531E-03 -2.475086090237E-06 -9.882583153201E-06  8.719805291920E-06  5.600284715823E-01  2.475086039275E-06  3.843434947240E-03  3.987303941609E-20 -1.209222013754E-21  1.279231664064E-19 -1.192228581775E-02
  5.400000000000E+01  5.550000000000E+01  1.412185954769E+01 -7.379862984096E-14 -4.518582351661E-02  2.017392203404E+02  4.930575916516E-01  7.348106111974E-01 -4.274213666038E-01 -2.605737651172E-03 -6.291944760622E-01  4.512436106590E+00  6.845841191850E-02 -2.131397248656E-01  1.446813129487E-01 -1.857601475260E-01 -1.950106732856E-03  2.919615734136E-05 -1.115006982474E-05  1.686478269968E-05  5.354906117402E-01 -2.919615733643E-05  2.824505879293E-03  4.901258507963E-20  3.910147061717E-21  1.205676075042E-19 -1.133265775185E-02
  5.700000000000E+01  5.850000000000E+01  1.422008208499E+01 -8.183362937301E-14 -4.472555741134E-02  2.045174777671E+02  4.943872496420E-01  7.309667248118E-01 -4.264770867558E-01 -2.649222810001E-03 -6.267737278870E-01  4.432454172152E+00  6.548858626824E-02 -2.057803131071E-01  1.402917268398E-01 -1.769566482579E-01 -1.675214995928E-03  2.741223484592E-05 -1.163897199794E-05  2.517495949556E-05  5.135272449785E-01 -2.741223498904E-05  2.169517486192E-03  3.789811266139E-20 -8.997480602477E-21  1.333327227195E-19 -1.079747292384E-02
  6.000000000000E+01  6.150000000000E+01  1.431438273398E+01 -9.066025451343E-14 -4.433017677028E-02  2.072018011016E+02  4.952844219413E-01  7.270904519339E-01 -4.254246251461E-01 -2.700769646143E-03 -6.248240300386E-01  4.358687671835E+00  6.233219572576E-02 -1.988000781278E-01  1.364678824024E-01 -1.687221277705E-01 -1.679096214736E-03  2.063964879887E-05 -1.023793772979E-05  7.551760570809E-06  4.936964432887E-01 -2.063964901490E-05  2.020498400894E-03  1.136807491237E-20 -5.483795030182E-21  1.591798634987E-19 -1.031811394103E-02
  6.300000000000E+01  6.450000000000E+01  1.440517125490E+01 -1.016827391782E-13 -4.399819722767E-02  2.098030603041E+02  4.957965703335E-01  7.230840898694E-01 -4.243655746727E-01 -2.745806107579E-03 -6.235538410573E-01  4.287824768379E+00  5.966848252837E-02 -1.925960701846E-01  1.329275876554E-01 -1.614033560463E-01 -1.467143521703E-03  9.250574777202E-06 -7.817344392662E-06 -1.949530769040E-06  4.747281650235E-01 -9.250574957494E-06  1.346918818978E-03  1.362653468860E-20  1.103677157203E-20  1.347703865888E-19 -9.867810902354E-03
  6.600000000000E+01  6.750000000000E+01  1.449240856995E+01 -1.103181512431E-13 -4.382224798056E-02  2.123186082214E+02  4.959619298288E-01  7.192414338233E-01 -4.232464760401E-01 -2.780970143628E-03 -6.245317074857E-01  4.221566943267E+00  5.726209676369E-02 -1.868731633903E-01  1.296110666273E-01 -1.543619904007E-01 -1.177820944656E-03  9.596081955467E-07 -5.639200163570E-06  1.233727963147E-05  4.563978726399E-01 -9.596080735497E-07  7.876876412546E-04  2.408498601681E-20  6.558646277142E-21  1.326456203093E-19 -9.442325692855E-03
  6.900000000000E+01  7.050000000000E+01  1.457634188467E+01 -1.112147274953E-13 -4.365107240979E-02  2.147532828019E+02  4.958334495962E-01  7.153469282378E-01 -4.221266383475E-01 -2.820421071659E-03 -6.254193364166E-01  4.158539050099E+00  5.496152801703E-02 -1.813730089589E-01  1.264114809436E-01 -1.478147304744E-01 -1.164144657809E-03  1.335925741200E-05 -4.502948088674E-06  1.620509330481E-05  4.398584516090E-01 -1.335925733259E-05  1.578310022091E-03  1.803077594454E-21 -2.000558391785E-20  1.251289818160E-19 -9.057524523344E-03
  7.200000000000E+01  7.350000000000E+01  1.465739481507E+01 -1.088653678200E-13 -4.321450858320E-02  2.171179862727E+02  4.954734976807E-01  7.115287575749E-01 -4.209553860961E-01 -2.839593937841E-03 -6.223835998890E-01  4.099142135957E+00  5.276919700853E-02 -1.764200800544E-01  1.236508830469E-01 -1.419057139918E-01 -1.388436942269E-03  3.949816466821E-06 -4.844474009645E-06  8.840298974284E-06  4.254263961287E-01 -3.949816214148E-06  2.448911977516E-03  7.463150788057E-21  1.749543928158E-21  1.416247281718E-19 -8.700721604766E-03
  7.500000000000E+01  7.650000000000E+01  1.473591727584E+01 -1.044335954520E-13 -4.275294370992E-02  2.194210261290E+02  4.949263654011E-01  7.078484681757E-01 -4.197850640539E-01 -2.874801403051E-03 -6.189314090461E-01  4.040964318511E+00  5.080595788837E-02 -1.716481697913E-01  1.208422119025E-01 -1.365001503388E-01 -1.309929625619E-03 -2.930613873421E-06 -6.158410392491E-06  4.554903786048E-06  4.124185720717E-01  2.930614146550E-06  2.306279945584E-03  9.491934472327E-21  3.272825924824E-23  1.666820935166E-19 -8.369674933241E-03
  7.800000000000E+01  7.950000000000E+01  1.481197655886E+01 -9.936309349097E-14 -4.235858445755E-02  2.216637437138E+02  4.942317198180E-01  7.039938664499E-01 -4.185526983076E-01 -2.909481420575E-03 -6.161286118315E-01  3.984922551029E+00  4.899336435262E-02 -1.669971323552E-01  1.180037680010E-01 -1.313828797699E-01 -1.187261856931E-03 -2.961754319114E-06 -5.579015673475E-06  3.311712262606E-06  3.995847110275E-01  2.961754535477E-06  2.153597523391E-03 -1.272391227694E-20  2.842204726125E-21  1.408646577811E-19 -8.056435066198E-03
  8.100000000000E+01  8.250000000000E+01  1.488566081526E+01 -9.472539347239E-14 -4.195894090804E-02  2.238472504009E+02  4.934125074001E-01  6.999567800135E-01 -4.173271853383E-01 -2.958528232223E-03 -6.132417138436E-01  3.930330812058E+00  4.712243328046E-02 -1.625448681388E-01  1.154224348589E-01 -1.265189927039E-01 -1.056825982880E-03  8.277722634570E-06 -2.859292016614E-06  6.152521647336E-06  3.868976867810E-01 -8.277722549542E-06  2.036352852440E-03 -2.146280413766E-20 -1.312938407357E-20  1.473190551252E-19 -7.763516392986E-03
  8.400000000000E+01  8.550000000000E+01  1.495710301749E+01 -9.115035607086E-14 -4.161432933735E-02  2.259750254121E+02  4.924827182823E-01  6.960809876046E-01 -4.160981779039E-01 -2.992934724939E-03 -6.113126667519E-01  3.876220821514E+00  4.538782069688E-02 -1.582958296368E-01  1.129080089407E-01 -1.218590181407E-01 -8.794589334585E-04  1.037005415392E-05 -1.385327696800E-06  2.456052120123E-06  3.754825275809E-01 -1.037005410790E-05  1.773723877069E-03 -1.179521007136E-20  1.095526862905E-20  1.388145156923E-19 -7.483998326380E-03
  8.700000000000E+01  8.850000000000E+01  1.502655459051E+01 -8.900632054304E-14 -4.129741581072E-02  2.280529623426E+02  4.914423452824E-01  6.923661778147E-01 -4.148415664206E-01 -3.031445975994E-03 -6.096370884140E-01  3.824740558219E+00  4.375417308564E-02 -1.542438742006E-01  1.104897011147E-01 -1.175489784400E-01 -7.708672450791E-04  6.082579224744E-06 -1.925574870830E-06  6.695188442590E-06  3.648489445055E-01 -6.082579274109E-06  1.496568922718E-03 -9.944795488094E-21 -3.420448043203E-22  1.248184212361E-19 -7.215587500633E-03
  9.000000000000E+01  9.150000000000E+01  1.509396386130E+01 -8.723244450277E-14 -4.105971163206E-02  2.300791879372E+02  4.902759690663E-01  6.885272271760E-01 -4.136098504005E-01 -3.066626608867E-03 -6.090431977297E-01  3.775080142325E+00  4.227958892788E-02 -1.504383729019E-01  1.081587839748E-01 -1.132720032087E-01 -8.482509367692E-04  7.561712805554E-06 -3.459723129626E-06  1.135890873973E-05  3.542696506342E-01 -7.561712788532E-06  1.002210376690E-03 -3.833881992143E-21  8.513714615466E-21  1.300811985985E-19 -6.954486182130E-03
  9.300000000000E+01  9.450000000000E+01  1.515942971183E+01 -8.521316305933E-14 -4.092491969760E-02  2.320554769793E+02  4.890015032705E-01  6.847552685577E-01 -4.123359858182E-01 -3.121983435774E-03 -6.097093235464E-01  3.727297382640E+00  4.079233923452E-02 -1.469270373305E-01  1.061346980965E-01 -1.091989827906E-01 -7.189995688247E-04  7.542321572509E-06 -5.484719868402E-06  1.171707407461E-07  3.443807748703E-01 -7.542321535041E-06  2.718071443677E-04 -1.641315237162E-20  5.042066906907E-21  1.279077415181E-19 -6.703778148514E-03
  9.600000000000E+01  9.750000000000E+01  1.522307203587E+01 -8.245957461410E-14 -4.094799790147E-02  2.339842964108E+02  4.876747937081E-01  6.810368552224E-01 -4.110566037026E-01 -3.157074066211E-03 -6.124934961239E-01  3.682880836895E+00  3.947424716019E-02 -1.436390205836E-01  1.041647734222E-01 -1.054710551445E-01 -4.691632057483E-04 -3.777113801620E-06 -5.681053241302E-06 -9.173125351533E-06  3.352418273694E-01  3.777113878226E-06 -2.517428283413E-04 -4.138035264196E-21 -5.933336725589E-21  1.345037016123E-19 -6.481189934825E-03
  9.900000000000E+01  1.005000000000E+02  1.528509946229E+01 -7.753759396698E-14 -4.101611729774E-02  2.358715939439E+02  4.863310785670E-01  6.772823626034E-01 -4.097603491929E-01 -3.188491912915E-03 -6.155906908771E-01  3.638197754039E+00  3.818301654983E-02 -1.403120321866E-01  1.021290156361E-01 -1.019689627341E-01 -2.929109080636E-04 -3.957511737269E-07 -4.009024909527E-06  4.825139679036E-07  3.264437339058E-01  3.957513069755E-07 -3.884636314871E-04 -6.313779660205E-22 -5.673249182601E-21  1.264232881341E-19 -6.268239479492E-03
  1.020000000000E+02  1.035000000000E+02  1.534552174944E+01 -7.321320257223E-14 -4.110066252368E-02  2.377178137726E+02  4.849517410907E-01  6.734031279850E-01 -4.084483023980E-01 -3.215371416909E-03 -6.189150632138E-01  3.595351084129E+00  3.698102694911E-02 -1.371972054009E-01  1.002161784521E-01 -9.870268848622E-02 -3.824277275765E-04  1.193729512730E-05 -3.319131269319E-06 -1.427972324249E-06  3.175356830866E-01 -1.193729510344E-05 -6.137077964185E-04 -6.741930046873E-21  8.871506488524E-22  1.255894225477E-19 -6.069591676472E-03
  1.050000000000E+02  1.065000000000E+02  1.540422706125E+01 -6.938652712292E-14 -4.125869548112E-02  2.395182362842E+02  4.835411804517E-01  6.693108908646E-01 -4.071390941725E-01 -3.251206097144E-03 -6.231517939137E-01  3.553397317214E+00  3.582576788575E-02 -1.341965440900E-01  9.837077620254E-02 -9.544740460701E-02 -3.529455679575E-04  2.033982900295E-05 -3.636103078016E-06 -1.164368639998E-05  3.089882301989E-01 -2.033982906416E-05 -6.784816154509E-04 -2.704629338042E-20 -1.035038513192E-20  1.210525346067E-19 -5.867056213727E-03
  1.080000000000E+02  1.095000000000E+02  1.546139871141E+01 -6.841963280657E-14 -4.136813214013E-02  2.412778656600E+02  4.821208387079E-01  6.651899138673E-01 -4.058406664494E-01 -3.269713605309E-03 -6.266342191608E-01  3.512107029475E+00  3.488830637703E-02 -1.313341855576E-01  9.644587918010E-02 -9.229843481394E-02 -2.495468068590E-04  2.216883426246E-06 -3.447483628256E-06 -3.091601051199E-06  3.012405789427E-01 -2.216883516770E-06 -6.786149278459E-04 -1.851090977341E-20 -1.065012747755E-20  1.227420478498E-19 -5.680750761395E-03
  1.110000000000E+02  1.125000000000E+02  1.551720140234E+01 -7.041097717896E-14 -4.151046853201E-02  2.430009214874E+02  4.806818831161E-01  6.614617192724E-01 -4.045065165348E-01 -3.288541661850E-03 -6.307552427685E-01  3.470747981451E+00  3.374675930326E-02 -1.283506054699E-01  9.460384616601E-02 -8.939219995218E-02 -1.766868449417E-04 -6.510242760973E-06 -3.188500002246E-06 -2.659305368434E-06  2.939188375396E-01  6.510242744857E-06 -1.162581456351E-03 -2.513594214384E-20 -7.824161352587E-21  1.248813092143E-19 -5.502704870992E-03
  1.140000000000E+02  1.155000000000E+02  1.557164092636E+01 -7.392140429866E-14 -4.178890747029E-02  2.446876292129E+02  4.791889633180E-01  6.582091853626E-01 -4.032125780338E-01 -3.310364385997E-03 -6.370838797687E-01  3.431286804850E+00  3.285482261858E-02 -1.255467174951E-01  9.269189487640E-02 -8.672334713602E-02 -5.122378406099E-05  1.084564125177E-05 -3.612319168894E-06 -2.042260243401E-05  2.868021348914E-01 -1.084564134628E-05 -1.705670088215E-03 -2.165697480608E-20 -2.164588504156E-21  1.096297678408E-19 -5.339354371503E-03
  1.170000000000E+02  1.185000000000E+02  1.562473184067E+01 -7.654664676999E-14 -4.216499084924E-02  2.463380314104E+02  4.776351922137E-01  6.552586502264E-01 -4.018584430104E-01 -3.318737596010E-03 -6.452041721891E-01  3.392527846265E+00  3.193605699212E-02 -1.229114026100E-01  9.097534561805E-02 -8.413672841705E-02  6.689449959307E-06  6.544621310724E-06 -3.597682145980E-06 -8.268031583669E-06  2.797792803263E-01 -6.544621335602E-06 -2.265513925353E-03 -4.246861799538E-20 -1.469682900551E-20  1.087499862917E-19 -5.172714601232E-03
  1.200000000000E+02  1.215000000000E+02  1.567654817553E+01 -7.871608519085E-14 -4.268143050771E-02  2.479545578085E+02  4.760221006349E-01  6.522969514797E-01 -4.005459849831E-01 -3.345342162810E-03 -6.556170925788E-01  3.355580039710E+00  3.092229344358E-02 -1.203161741246E-01  8.939388068152E-02 -8.143480087423E-02  1.890291165352E-04 -1.521783932821E-05 -3.139213914373E-06  1.676824030894E-05  2.729523783854E-01  1.521783921165E-05 -3.190829369288E-03 -3.904266898066E-20 -6.228705054776E-21  1.166191538357E-19 -5.010417106539E-03
  1.230000000000E+02  1.245000000000E+02  1.572708893181E+01 -7.983715269473E-14 -4.336584288906E-02  2.495357853963E+02  4.743379286498E-01  6.493664977520E-01 -3.991756879444E-01 -3.347496683255E-03 -6.686991671136E-01  3.318703376763E+00  2.992605999573E-02 -1.177642748747E-01  8.783821487890E-02 -7.887388767514E-02  3.176668758561E-04 -1.321296819394E-05 -2.998117813636E-06  6.482180324537E-06  2.663157237958E-01  1.321296827468E-05 -3.469586898584E-03 -7.104449013410E-20 -1.133990321563E-20  9.979864819314E-20 -4.851744375536E-03
  1.260000000000E+02  1.275000000000E+02  1.577638190310E+01 -8.206417580348E-14 -4.394057369777E-02  2.510830053822E+02  4.725744793514E-01  6.463681857658E-01 -3.978548656661E-01 -3.344445859015E-03 -6.800486712948E-01  3.282857237464E+00  2.909462119754E-02 -1.153918035905E-01  8.629718239400E-02 -7.640181548359E-02  2.686924313330E-04  5.880253189471E-06 -2.406437047506E-06 -1.068895610488E-05  2.588954973970E-01 -5.880253375423E-06 -2.799149245111E-03 -2.583585916529E-20 -1.507337510474E-20  1.241481623312E-19 -4.695867179090E-03
  1.290000000000E+02  1.305000000000E+02  1.582417288875E+01 -8.513681934282E-14 -4.440586800568E-02  2.525875350490E+02  4.707393131885E-01  6.433028998560E-01 -3.964976140129E-01 -3.334553226770E-03 -6.897712813413E-01  3.248665857914E+00  2.844615543837E-02 -1.132469870133E-01  8.480083157556E-02 -7.388952263376E-02  1.446837242180E-04 -3.717530934782E-06 -1.703033748738E-06 -1.171055254440E-05  2.516000493917E-01  3.717530889515E-06 -2.086879409575E-03 -3.349369641623E-20 -2.356444225140E-20  1.110592466651E-19 -4.542078527558E-03
  1.320000000000E+02  1.335000000000E+02  1.587074255135E+01 -8.733430882053E-14 -4.475000871445E-02  2.540570675739E+02  4.688703340031E-01  6.401278179961E-01 -3.951370522744E-01 -3.343661552355E-03 -6.977315874930E-01  3.214683135754E+00  2.768138579837E-02 -1.111173105176E-01  8.343592471851E-02 -7.155074374975E-02 -1.021294840826E-05 -8.830042647265E-06 -1.208277632366E-06 -9.232783607369E-06  2.453843403898E-01  8.830042539530E-06 -1.744871851244E-03 -6.913164658573E-20 -5.777568732178E-21  1.138555268090E-19 -4.404255867452E-03
  1.350000000000E+02  1.365000000000E+02  1.591617270600E+01 -9.071259646943E-14 -4.506352425882E-02  2.554939741887E+02  4.669769333873E-01  6.368164607201E-01 -3.937579996784E-01 -3.338935864364E-03 -7.052353094026E-01  3.181167831279E+00  2.689906220225E-02 -1.090352710695E-01  8.213620886673E-02 -6.939963983572E-02  1.466740881345E-05  1.374010769512E-06 -6.879161677257E-07 -4.393951290803E-06  2.394783339825E-01 -1.374010819543E-06 -1.598402892876E-03 -4.826926689603E-20 -8.327813861749E-22  1.239745049475E-19 -4.274722856929E-03
  1.380000000000E+02  1.395000000000E+02  1.596054912108E+01 -9.357228844484E-14 -4.533517876191E-02  2.569015245791E+02  4.650540752355E-01  6.334855248461E-01 -3.923957072340E-01 -3.341826660982E-03 -7.119777816157E-01  3.148759403492E+00  2.612905857767E-02 -1.069535582740E-01  8.082449969623E-02 -6.737255431447E-02  1.500202234839E-05  1.050389427883E-05 -6.009771989209E-07 -5.899581583029E-07  2.338348172150E-01 -1.050389428819E-05 -1.435739825604E-03 -4.310692577749E-20 -1.647771123657E-20  1.017000632738E-19 -4.150092127636E-03
  1.410000000000E+02  1.425000000000E+02  1.600389521642E+01 -9.671850962990E-14 -4.559528507325E-02  2.582801907579E+02  4.631137569608E-01  6.302419861106E-01 -3.909911840542E-01 -3.335667674867E-03 -7.186591720437E-01  3.117063162940E+00  2.541622796725E-02 -1.049715015279E-01  7.955527356098E-02 -6.535517269195E-02  1.357453673130E-05  5.733105393543E-06 -1.497004801842E-06 -4.469022534141E-06  2.285419399708E-01 -5.733105365626E-06 -1.357121083767E-03 -5.393516822004E-20 -1.688199863734E-20  1.051541198469E-19 -4.030176897805E-03
  1.440000000000E+02  1.455000000000E+02  1.604625082013E+01 -9.833055244973E-14 -4.583381203444E-02  2.596305882324E+02  4.611776012183E-01  6.270283922490E-01 -3.896219687682E-01 -3.331915374602E-03 -7.247491095110E-01  3.086405222585E+00  2.477067197227E-02 -1.029695478366E-01  7.819887586386E-02 -6.360149160960E-02 -1.050158784416E-04 -8.349007258027E-06 -2.793470984604E-06 -4.079712763028E-06  2.236281608813E-01  8.349007318566E-06 -1.029362406037E-03 -7.093360809916E-20 -1.975311855734E-20  1.106075355504E-19 -3.918904637807E-03
  1.470000000000E+02  1.485000000000E+02  1.608771884331E+01 -9.928878644825E-14 -4.595718894069E-02  2.609561071275E+02  4.592632472316E-01  6.237056935314E-01 -3.882261698961E-01 -3.335000629328E-03 -7.290472804922E-01  3.053747877716E+00  2.405091860865E-02 -1.008780525968E-01  7.682713398891E-02 -6.175051301512E-02 -1.397817491415E-04  5.716867163180E-06 -3.205984377901E-06 -1.597991775969E-06  2.183136524207E-01 -5.716867130135E-06 -7.549996094605E-04 -5.004604839825E-20 -1.048589171399E-20  1.044804275626E-19 -3.802084106401E-03
  1.500000000000E+02  1.515000000000E+02  1.612813250203E+01 -9.821963519742E-14 -4.610824812153E-02  2.622507886134E+02  4.573714861624E-01  6.203318990583E-01 -3.868370075131E-01 -3.330212069370E-03 -7.336442875768E-01  3.023596738226E+00  2.344183993191E-02 -9.897500375635E-02  7.553316382531E-02 -5.991372687476E-02 -9.552175835335E-05  1.614832037987E-06 -3.718093021205E-06 -7.188799644467E-06  2.130441841261E-01 -1.614831915013E-06 -5.504731510692E-04 -6.128089284904E-20 -5.421981664736E-21  1.100111651911E-19 -3.692907018440E-03
  1.530000000000E+02  1.545000000000E+02  1.616762122614E+01 -9.661427119539E-14 -4.616908515925E-02  2.635185422980E+02  4.554890820264E-01  6.171452968013E-01 -3.854372333947E-01 -3.339935184523E-03 -7.368133781082E-01  2.993991711420E+00  2.282549306178E-02 -9.719275962052E-02  7.436726655947E-02 -5.830949358940E-02 -1.350619533923E-04 -1.559027452095E-05 -4.542535670802E-06 -1.088169556306E-05  2.084886680527E-01  1.559027468379E-05 -3.231982079811E-04 -7.679508422870E-20 -2.093487272459E-20  1.084280110821E-19 -3.591060008210E-03
  1.560000000000E+02  1.575000000000E+02  1.620626417717E+01 -9.323808772400E-14 -4.622545617492E-02  2.647616995236E+02  4.536255470839E-01  6.139987114890E-01 -3.840472262184E-01 -3.341860511534E-03 -7.397341206429E-01  2.964140638159E+00  2.227734748417E-02 -9.543378639628E-02  7.315643891196E-02 -5.664926096227E-02 -8.729593641051E-05  6.350618278577E-06 -4.310365680591E-06 -8.403591338285E-06  2.032965004496E-01 -6.350618141657E-06 -4.201872743143E-04 -8.629324295136E-20 -1.790703832061E-20  1.028446965163E-19 -3.488792448432E-03
  1.590000000000E+02  1.605000000000E+02  1.624382756804E+01 -8.941780338447E-14 -4.634476491586E-02  2.659722616203E+02  4.517913185080E-01  6.107717270871E-01 -3.826291498621E-01 -3.351877223589E-03 -7.432327321054E-01  2.935384520940E+00  2.167480057521E-02 -9.372505913196E-02  7.205025855767E-02 -5.500998883526E-02 -1.790851964213E-05  8.591706081290E-06 -3.442609029417E-06 -5.618531808978E-06  1.976920177651E-01 -8.591706020989E-06 -8.155021335730E-04 -7.205607695739E-20 -1.617976531775E-20  1.027469576503E-19 -3.386159949309E-03
  1.620000000000E+02  1.635000000000E+02  1.628042833384E+01 -8.391599268040E-14 -4.656559801237E-02  2.671541446878E+02  4.499630797612E-01  6.074906154936E-01 -3.812341569203E-01 -3.358968006352E-03 -7.480442795163E-01  2.907568245567E+00  2.115309835969E-02 -9.206436276025E-02  7.091126440038E-02 -5.333799879298E-02  1.117283495988E-04  7.862158721562E-08 -3.480939706146E-06 -3.354225706027E-06  1.925684000243E-01 -7.862148861431E-08 -1.438124181356E-03 -5.383237875742E-20 -1.619790544059E-20  7.800909098289E-20 -3.282651826676E-03
  1.650000000000E+02  1.665000000000E+02  1.631607351967E+01 -8.276847714873E-14 -4.687689197648E-02  2.683074407058E+02  4.481205335270E-01  6.041062260922E-01 -3.798176604962E-01 -3.365590846038E-03 -7.542298643512E-01  2.880986311503E+00  2.066878814124E-02 -9.053892156553E-02  6.987013342432E-02 -5.167804021568E-02  2.745644725755E-04 -2.930837278077E-06 -4.377998752183E-06 -8.823810199565E-07  1.878000210769E-01  2.930837320850E-06 -1.713296450762E-03 -8.113110759205E-20 -8.107672499557E-21  8.425275094919E-20 -3.182972447624E-03
  1.680000000000E+02  1.695000000000E+02  1.635083891044E+01 -7.723757538495E-14 -4.718689191143E-02  2.694341807039E+02  4.462728856688E-01  6.006385217908E-01 -3.784210917349E-01 -3.366011523820E-03 -7.603256679530E-01  2.854736559589E+00  2.011429062089E-02 -8.899174143981E-02  6.887745081833E-02 -5.018195935311E-02  3.056604341913E-04 -1.551972695590E-06 -4.505278829767E-06 -5.284724399927E-06  1.835059579951E-01  1.551972817753E-06 -1.745606580498E-03 -9.973317954404E-20 -1.428883534782E-20  9.822600229213E-20 -3.090539257998E-03
  1.710000000000E+02  1.725000000000E+02  1.638486202913E+01 -7.278261485976E-14 -4.755458572974E-02  2.705388819768E+02  4.444564400892E-01  5.970376073873E-01 -3.770031569733E-01 -3.380106025745E-03 -7.674542361147E-01  2.827145648195E+00  1.957972493539E-02 -8.749287161718E-02  6.791314668207E-02 -4.868041819507E-02  4.082357083219E-04  3.363088250231E-06 -3.661912678514E-06 -2.476459965545E-06  1.788153367077E-01 -3.363088259444E-06 -1.812010636672E-03 -6.187335945667E-20 -1.188355972228E-20  1.068393776474E-19 -2.995119878178E-03
  1.740000000000E+02  1.755000000000E+02  1.641791914349E+01 -5.692453977086E-14 -4.789379860356E-02  2.716139146107E+02  4.426793482421E-01  5.935137491473E-01 -3.755897674375E-01 -3.385392361406E-03 -7.741339927809E-01  2.800257446076E+00  1.913854641201E-02 -8.596026544121E-02  6.682171902956E-02 -4.714191378193E-02  4.661595796092E-04  9.983698509380E-06 -3.185093611070E-06  5.844741003129E-06  1.743267561105E-01 -9.983698255310E-06 -2.010016297856E-03 -9.962457922456E-20 -4.956301409270E-21  9.423923980130E-20 -2.907145324026E-03
  1.770000000000E+02  1.785000000000E+02  1.645026176242E+01 -3.285934848871E-14 -4.830375746093E-02  2.726676419575E+02  4.409300753177E-01  5.900674208064E-01 -3.741586149518E-01 -3.394017069960E-03 -7.817484786860E-01  2.774405469838E+00  1.871511762289E-02 -8.442630304602E-02  6.571118542282E-02 -4.589785565876E-02  5.116924761858E-04  4.929923455340E-08 -3.319658534298E-06  7.682206918144E-06  1.699953949290E-01 -4.929937571922E-08 -2.329793989723E-03 -9.153081808345E-20 -1.592438273125E-20  1.003716390053E-19 -2.822385381740E-03
  1.800000000000E+02  1.815000000000E+02  1.648165678072E+01  3.152042140029E-15 -4.875545687619E-02  2.736922914633E+02  4.392068421774E-01  5.867746593505E-01 -3.727577237903E-01 -3.398132487101E-03 -7.896865130163E-01  2.749383471949E+00  1.830784992689E-02 -8.305801304294E-02  6.475016311640E-02 -4.440544805738E-02  4.868492899334E-04  2.670445974018E-06 -3.362990902259E-06  2.683434694169E-06  1.652841765152E-01 -2.670445383294E-06 -2.559918354794E-03 -9.119127050870E-20 -2.026559043865E-20  8.418308742015E-20 -2.738876653881E-03
  1.830000000000E+02  1.845000000000E+02  1.651224319691E+01  4.046681696332E-14 -4.926411658370E-02  2.746920705282E+02  4.375177421408E-01  5.834182564080E-01 -3.713047573585E-01 -3.399039391480E-03 -7.985844910377E-01  2.723901245170E+00  1.789899126699E-02 -8.167608939459E-02  6.377709812743E-02 -4.320694605541E-02  5.510612560501E-04  7.110540445654E-07 -3.368014526567E-06 -1.034066114989E-06  1.608780002854E-01 -7.110535157456E-07 -2.731267986181E-03 -9.483667414456E-20 -8.132822356316E-21  8.987408468270E-20 -2.661466929891E-03
  1.860000000000E+02  1.875000000000E+02  1.654198864573E+01  8.464141504292E-14 -4.979935898803E-02  2.756658358431E+02  4.358623747141E-01  5.799485321714E-01 -3.699052392815E-01 -3.405391607403E-03 -8.080615010764E-01  2.699486036856E+00  1.755137450649E-02 -8.034224212287E-02  6.279086761568E-02 -4.194926395636E-02  5.686687773400E-04 -1.808015254921E-06 -3.348935459894E-06 -3.278398904247E-06  1.569273140012E-01  1.808016089990E-06 -2.726753002339E-03 -7.563504871132E-20 -1.238067627780E-20  8.513028784348E-20 -2.585374770346E-03
  1.890000000000E+02  1.905000000000E+02  1.657107558020E+01  1.556705843513E-13 -5.030552141318E-02  2.766195090509E+02  4.342294057010E-01  5.764586804148E-01 -3.684506061530E-01 -3.409444268719E-03 -8.170462348840E-01  2.675349902845E+00  1.714447818393E-02 -7.903608687607E-02  6.189160869232E-02 -4.073589214660E-02  4.773383658369E-04  7.370231662727E-06 -3.045490720115E-06 -1.470523335426E-06  1.523525968769E-01 -7.370231991403E-06 -2.777478706336E-03 -1.075172646837E-19 -1.905493343811E-20  7.432886207897E-20 -2.501471607164E-03
  1.920000000000E+02  1.935000000000E+02  1.659912687212E+01  2.522720058025E-13 -5.084244065701E-02  2.775404373118E+02  4.326099564247E-01  5.732103874465E-01 -3.670729802271E-01 -3.412701658849E-03 -8.265966787847E-01  2.652453557801E+00  1.683787100654E-02 -7.785217010141E-02  6.101429909440E-02 -3.932504875521E-02  4.450633429741E-04  4.847698726433E-06 -3.146759791483E-06  5.542933355784E-06  1.481558380935E-01 -4.847697680664E-06 -2.843152962891E-03 -8.493315809977E-20 -6.154334858269E-21  7.788301121148E-20 -2.425441768234E-03
  1.950000000000E+02  1.965000000000E+02  1.662665214991E+01  3.336875417547E-13 -5.136622641942E-02  2.784448325930E+02  4.310036737978E-01  5.695471331336E-01 -3.655794519134E-01 -3.418778021113E-03 -8.358868496274E-01  2.628002676532E+00  1.645253287413E-02 -7.653791568869E-02  6.008538281480E-02 -3.823856225687E-02  4.869339610626E-04 -9.100127567047E-06 -3.738379473023E-06  6.566060976190E-06  1.442861016042E-01  9.100127774355E-06 -2.884419685634E-03 -9.927821273614E-20 -1.785419025049E-20  6.551335054264E-20 -2.353420316119E-03
  1.980000000000E+02  1.995000000000E+02  1.665320935755E+01  3.588362957288E-13 -5.192373621345E-02  2.793189167930E+02  4.294422619847E-01  5.663866297634E-01 -3.642269820413E-01 -3.422028713703E-03 -8.458712816749E-01  2.607441322007E+00  1.620730334077E-02 -7.535895880936E-02  5.915165546819E-02 -3.707874641906E-02  2.602836784689E-04 -7.861560892090E-06 -3.463353402629E-06 -4.064731296347E-06  1.416101941741E-01  7.861561393857E-06 -3.321523643638E-03 -1.192144028381E-19 -8.330228104350E-21  7.126155607809E-20 -2.288490572897E-03
  2.010000000000E+02  2.025450000000E+02  1.667972866768E+01  3.753929422990E-13 -5.262503133818E-02  2.801922764562E+02  4.278386667360E-01  5.631168012965E-01 -3.627014695905E-01 -3.435149323201E-03 -8.581979994456E-01  2.586142916693E+00  1.562494762954E-02 -7.369969522883E-02  5.807474759924E-02 -3.627506561262E-02  4.155478644941E-04  8.333356527850E-06 -2.500371714400E-06 -1.440193074923E-06  1.386100065778E-01 -8.333356399050E-06 -3.599765810286E-03 -1.055027522236E-19 -2.131909098806E-20  7.832339681500E-20 -2.249847533895E-03
  2.040900000000E+02  2.056813500000E+02  1.670677125582E+01  3.979282369652E-13 -5.331847658867E-02  2.810841990394E+02  4.262360841757E-01  5.600612201035E-01 -3.612078286536E-01 -3.442316211039E-03 -8.703401088132E-01  2.565844838680E+00  1.495630020626E-02 -7.189247338914E-02  5.693617318280E-02 -3.572331464919E-02  3.971800040549E-04  3.126301468179E-06 -2.630380664910E-06  6.902045827412E-06  1.360426771818E-01 -3.126300922927E-06 -3.490664226593E-03 -7.934688093585E-20 -1.746544896712E-20  7.499871568142E-20 -2.207441053071E-03
  2.072727000000E+02  2.089117905000E+02  1.673386024590E+01  4.345873722647E-13 -5.399173092418E-02  2.819785420162E+02  4.246219350749E-01  5.568289037364E-01 -3.596423620522E-01 -3.450985300722E-03 -8.824067970744E-01  2.542701613529E+00  1.425858988553E-02 -7.000738992644E-02  5.574880004037E-02 -3.492174562992E-02  4.720030207034E-04 -1.078410244689E-05 -3.289643863295E-06  2.058727408169E-06  1.322894468654E-01  1.078410254999E-05 -3.398951619166E-03 -1.114332896066E-19 -6.706524131417E-21  7.731679127608E-20 -2.152264292466E-03
  2.105508810000E+02  2.122391442150E+02  1.676093317896E+01  4.778526335205E-13 -5.468318801603E-02  2.828733929397E+02  4.230002163313E-01  5.537811875485E-01 -3.580407442127E-01 -3.457224745983E-03 -8.948466601567E-01  2.521189062056E+00  1.356400828524E-02 -6.821892694712E-02  5.465491866167E-02 -3.401064925053E-02  5.203288214062E-04 -2.944721036936E-06 -2.447072889240E-06  4.741110166032E-06  1.281000723501E-01  2.944721662423E-06 -3.128548865925E-03 -1.045441466496E-19 -1.021600241356E-20  7.557193345225E-20 -2.093909468790E-03
  2.139274074300E+02  2.156663185415E+02  1.678790069722E+01  5.182805523908E-13 -5.528203620321E-02  2.837658334609E+02  4.213585579283E-01  5.506927013248E-01 -3.563928683241E-01 -3.463471266038E-03 -9.058368381914E-01  2.500598866568E+00  1.288133645849E-02 -6.646708071395E-02  5.358574425545E-02 -3.299074904164E-02  5.235159648319E-04  1.026974482012E-05 -9.633185782522E-07  3.474789177098E-06  1.241532589632E-01 -1.026974488387E-05 -2.925238456665E-03 -1.264212217959E-19 -1.297228891414E-20  6.114158490998E-20 -2.035232361857E-03
  2.174052296529E+02  2.191963080977E+02  1.681494143550E+01  5.529055695183E-13 -5.594423203469E-02  2.846615889448E+02  4.197215418661E-01  5.478272780935E-01 -3.546894556012E-01 -3.472492660829E-03 -9.179825107646E-01  2.480982325122E+00  1.220412433936E-02 -6.467148443117E-02  5.246736009184E-02 -3.210398235143E-02  6.278342414835E-04  6.848271874980E-06 -9.837803618000E-07 -1.317237144430E-06  1.204965315627E-01 -6.848271034762E-06 -3.095214811832E-03 -9.760543185799E-20 -2.589067417195E-20  6.818706833668E-20 -1.976786447485E-03
  2.209873865425E+02  2.228321973406E+02  1.684188683738E+01  5.760574952978E-13 -5.666657023143E-02  2.855544852201E+02  4.180677975588E-01  5.450911057663E-01 -3.529560011471E-01 -3.469648187706E-03 -9.313706275146E-01  2.460753409596E+00  1.147455106199E-02 -6.285799965132E-02  5.138344858927E-02 -3.115224960400E-02  7.023904432410E-04 -1.090465416560E-05 -2.340696976438E-06  5.757771945052E-06  1.172749208533E-01  1.090465439163E-05 -3.311307500606E-03 -9.672874934476E-20 -2.147697781021E-20  5.878880223463E-20 -1.921683767072E-03
  2.246770081388E+02  2.265771632608E+02  1.686898334536E+01  5.884189249222E-13 -5.744758396736E-02  2.864536219582E+02  4.163903712607E-01  5.424144804012E-01 -3.511141664757E-01 -3.479272219928E-03 -9.456739346587E-01  2.438772242342E+00  1.070854244580E-02 -6.092356461799E-02  5.021502217168E-02 -3.043454906706E-02  7.514408682411E-04 -1.227968960505E-05 -2.498127899106E-06  4.543858543151E-06  1.142102882861E-01  1.227969023177E-05 -3.588082717586E-03 -1.171095150438E-19 -1.487716102055E-20  7.057058920859E-20 -1.875093910434E-03
  2.284773183829E+02  2.304344781587E+02  1.689609606980E+01  6.008075506513E-13 -5.835789554205E-02  2.873537156378E+02  4.147175643870E-01  5.395101781618E-01 -3.492757752542E-01 -3.471414960023E-03 -9.620797279314E-01  2.417416004907E+00  9.947368101112E-03 -5.896892745281E-02  4.902155935161E-02 -2.959662058796E-02  8.100475291058E-04  7.249900481295E-06 -1.282467309917E-06  6.759582196604E-07  1.106334291396E-01 -7.249900640992E-06 -3.758471119592E-03 -1.111883255226E-19 -1.155956184571E-20  6.827574288957E-20 -1.823004375962E-03
  2.323916379344E+02  2.344075125034E+02  1.692314073321E+01  6.116203946796E-13 -5.928823172435E-02  2.882528826864E+02  4.130387007350E-01  5.364484664522E-01 -3.473359649687E-01 -3.477378558010E-03 -9.789461730573E-01  2.394821761834E+00  9.243575395429E-03 -5.698780211061E-02  4.774422671501E-02 -2.871912909895E-02  8.295982470103E-04  2.097190128169E-06 -1.114850256907E-06  2.952291976372E-06  1.069353922630E-01 -2.097189630884E-06 -3.806017272475E-03 -1.007789698991E-19 -1.668430874297E-20  6.837979327447E-20 -1.767542297388E-03
  2.364233870724E+02  2.384997378785E+02  1.695000363064E+01  6.172254090932E-13 -6.027015082718E-02  2.891467099558E+02  4.113466235710E-01  5.332908843649E-01 -3.453873088000E-01 -3.455761516139E-03 -9.970381673861E-01  2.372635517537E+00  8.487690268261E-03 -5.499289437678E-02  4.650520410838E-02 -2.784657581289E-02  8.670294024239E-04 -2.804378076563E-06 -1.865161162717E-06  2.555861072006E-06  1.033529310725E-01  2.804378073884E-06 -3.925526309187E-03 -1.535404235693E-19 -1.723432819281E-20  5.033475195298E-20 -1.713976341776E-03
  2.405760886846E+02  2.427147300149E+02  1.697678307533E+01  6.274306078308E-13 -6.132204233703E-02  2.900384566615E+02  4.096546426388E-01  5.300451326636E-01 -3.433108770870E-01 -3.445365378223E-03 -1.016535249891E+00  2.352206371867E+00  7.711546762934E-03 -5.298403103139E-02  4.527248426841E-02 -2.701398287614E-02  8.549530626860E-04 -2.076721484101E-06 -2.450189642422E-06 -7.365640737342E-07  9.937794891955E-02  2.076721930898E-06 -4.263013674397E-03 -1.406280446552E-19 -1.335790972800E-20  5.393152774638E-20 -1.655414369518E-03
  2.448533713452E+02  2.470561719153E+02  1.700313682633E+01  6.384261141664E-13 -6.255706934406E-02  2.909174190666E+02  4.079651447956E-01  5.267175819827E-01 -3.412329489100E-01 -3.428625580625E-03 -1.039413397226E+00  2.332102066896E+00  7.109270491891E-03 -5.106832308345E-02  4.395905259164E-02 -2.604179434752E-02  9.526275192779E-04 -3.988880139085E-06 -2.694681478986E-06 -4.026707817657E-06  9.576170719529E-02  3.988880305733E-06 -4.736800280886E-03 -1.363943962078E-19 -2.595641067912E-20  6.377835827670E-20 -1.606005527007E-03
  2.492589724855E+02  2.515278570728E+02  1.702952810666E+01  6.468935778757E-13 -6.395430195988E-02  2.917981425755E+02  4.063183507644E-01  5.233258611205E-01 -3.390542143856E-01 -3.403042274020E-03 -1.064905748757E+00  2.312438404296E+00  6.403579829866E-03 -4.906105357533E-02  4.265747374563E-02 -2.533286179855E-02  1.015627867653E-03  5.210439309846E-06 -2.696832526914E-06  5.527822733944E-07  9.220139252277E-02 -5.210438994864E-06 -5.004084979702E-03 -1.339330942299E-19 -2.253705168504E-20  4.362229576846E-20 -1.557792884385E-03
  2.537967416601E+02  2.561336927850E+02  1.705546419553E+01  6.753617514769E-13 -6.541236804094E-02  2.926638476628E+02  4.047678113661E-01  5.199444632979E-01 -3.368309556362E-01 -3.395764413277E-03 -1.091507717035E+00  2.293143571707E+00  5.635700058120E-03 -4.698051360287E-02  4.134481354463E-02 -2.449976751273E-02  1.103366570815E-03  3.414683620947E-06 -3.095408370606E-06  4.996380747723E-06  8.800394692505E-02 -3.414683458664E-06 -5.130429072069E-03 -1.361950804824E-19 -1.598517173464E-20  4.591332027297E-20 -1.506456195332E-03
  2.584706439099E+02  2.608777035685E+02  1.708095836702E+01  7.214451122733E-13 -6.694893055776E-02  2.935152439067E+02  4.032812881970E-01  5.165575808339E-01 -3.344999490943E-01 -3.361412662839E-03 -1.119294606751E+00  2.273923320306E+00  4.711174360897E-03 -4.486868032052E-02  4.015750595983E-02 -2.369461176397E-02  1.036499863537E-03 -6.088963531084E-06 -3.510915803880E-06 -1.584884014257E-07  8.419938869305E-02  6.088963710638E-06 -5.218963948114E-03 -1.384567704053E-19 -7.490023720312E-21  6.444557683471E-20 -1.457936403741E-03
  2.632847632272E+02  2.657640346756E+02  1.710611960212E+01  7.437815500218E-13 -6.856287754235E-02  2.943553109937E+02  4.017905734587E-01  5.132128412458E-01 -3.321480647250E-01 -3.347291107121E-03 -1.148924435340E+00  2.257090997967E+00  3.920297499953E-03 -4.280748402617E-02  3.888718652583E-02 -2.295884229538E-02  1.062594971405E-03 -8.557454946735E-07 -3.089463244053E-06 -1.899473799795E-06  8.094855581793E-02  8.557457211361E-07 -4.654313421266E-03 -1.542907025298E-19 -8.972823421057E-21  5.924316539668E-20 -1.414261050831E-03
  2.682433061240E+02  2.707969557159E+02  1.713113353936E+01  7.491821901711E-13 -6.985138908319E-02  2.951914402781E+02  4.003069100571E-01  5.096172400273E-01 -3.296453283113E-01 -3.311273277005E-03 -1.173161519196E+00  2.241682080575E+00  3.192763535708E-03 -4.082996917016E-02  3.763720563434E-02 -2.233491942715E-02  9.258728644257E-04  1.374045657039E-06 -2.831334685693E-06  1.410996174372E-06  7.809913852632E-02 -1.374045879132E-06 -4.038453937871E-03 -1.105549198714E-19 -1.156684608883E-20  6.016423161120E-20 -1.377327809047E-03
  2.733506053077E+02  2.759808643873E+02  1.715598605032E+01  7.482115930152E-13 -7.114724911219E-02  2.960221864437E+02  3.988870359571E-01  5.057401814494E-01 -3.271199544389E-01 -3.306593743709E-03 -1.197514961857E+00  2.226808597553E+00  2.480500535021E-03 -3.875630364909E-02  3.627580311416E-02 -2.175124817626E-02  8.925526283829E-04 -4.422481889331E-06 -3.196836852999E-06  5.685403273230E-07  7.512754111207E-02  4.422482015112E-06 -3.580107211831E-03 -1.115385761437E-19 -4.567835349937E-21  5.270281345696E-20 -1.340197794903E-03
  2.786111234669E+02  2.813202903189E+02  1.718052542305E+01  7.345225890194E-13 -7.221124803650E-02  2.968428736026E+02  3.975376267595E-01  5.018672475579E-01 -3.244652285927E-01 -3.276776635746E-03 -1.218283513449E+00  2.213244700564E+00  1.715835942494E-03 -3.667032042050E-02  3.495448447777E-02 -2.116298156296E-02  8.166344391554E-04 -2.033868826254E-06 -3.107109697251E-06  5.928676455355E-07  7.310743775027E-02  2.033869325239E-06 -2.935677028219E-03 -1.486380353154E-19 -1.386609312438E-20  4.019743698212E-20 -1.310911374961E-03
  2.840294571710E+02  2.868198990285E+02  1.720550260232E+01  7.238578898609E-13 -7.314016463902E-02  2.976794959515E+02  3.962038238753E-01  4.982503483018E-01 -3.217679825225E-01 -3.274737854350E-03 -1.237027704533E+00  2.201457995242E+00  9.748062136166E-04 -3.459960392144E-02  3.362479770818E-02 -2.076365590428E-02  6.686425202812E-04  2.020930489753E-06 -2.588334972003E-06  2.100051620865E-06  7.098776133061E-02 -2.020930184311E-06 -2.003194896528E-03 -1.204811203892E-19 -1.693852318766E-20  4.426788485670E-20 -1.276323933426E-03
  2.896103408861E+02  2.924844959994E+02  1.723006207164E+01  7.160465751871E-13 -7.361644987048E-02  2.985019770491E+02  3.949627791442E-01  4.941627735799E-01 -3.189646327903E-01 -3.282190298409E-03 -1.248271635468E+00  2.191553615935E+00  1.729829688219E-04 -3.258940365290E-02  3.241642068380E-02 -2.012993035575E-02  4.254626283543E-04  1.890503543463E-06 -2.377063880597E-06  1.005010099760E-06  6.850042615928E-02 -1.890503533561E-06 -7.266956473557E-04 -1.207677236462E-19 -2.267061347594E-20  2.595103902346E-20 -1.246095717411E-03
  2.953586511127E+02  2.983190308794E+02  1.725472889107E+01  7.125041124953E-13 -7.367640019319E-02  2.993289363558E+02  3.939017268652E-01  4.893826474062E-01 -3.161066163700E-01 -3.269357755687E-03 -1.252277510693E+00  2.180987180981E+00 -6.135387437659E-04 -3.042253636765E-02  3.103607511163E-02 -1.972884449165E-02  2.897347031994E-04 -4.803150753360E-07 -2.401373581701E-06  2.042510960700E-06  6.586225801653E-02  4.803153570723E-07  3.402684902643E-04 -1.287669197436E-19 -1.697892279025E-21  2.829618855452E-20 -1.210086422678E-03
  3.012794106460E+02  3.043286018057E+02  1.727880356813E+01  7.130999994057E-13 -7.335820150375E-02  3.001360429507E+02  3.929012255170E-01  4.845998019014E-01 -3.131461482715E-01 -3.288084322789E-03 -1.249828616967E+00  2.168402593419E+00 -1.398493125169E-03 -2.811681861324E-02  2.951531173868E-02 -1.905596166724E-02  1.248147560360E-04 -1.313069208792E-06 -2.499950378001E-06  2.371080406517E-06  6.311037974237E-02  1.313068964822E-06  1.103612979535E-03 -1.069401638025E-19 -1.771801546491E-20  3.119689116979E-20 -1.177347046689E-03
  3.073777929654E+02  3.105184598599E+02  1.730282661352E+01  7.148204521068E-13 -7.282180170596E-02  3.009426213064E+02  3.919046289560E-01  4.800446742659E-01 -3.101024990021E-01 -3.284669839962E-03 -1.243704471144E+00  2.159069930377E+00 -2.120218428600E-03 -2.590948541853E-02  2.802970384729E-02 -1.863972439454E-02  7.645648906260E-05 -1.122913778950E-06 -2.355308098249E-06  8.625253298134E-07  6.079567243446E-02  1.122913872229E-06  1.570823211200E-03 -1.380286070106E-19 -8.224652779121E-21  2.793541499666E-20 -1.147108090545E-03
  3.136591267544E+02  3.168940136557E+02  1.732653065157E+01  7.115279572854E-13 -7.213326118112E-02  3.017382024284E+02  3.908438986197E-01  4.759923391026E-01 -3.069792030512E-01 -3.343760277979E-03 -1.234657112827E+00  2.152442807388E+00 -2.871462916078E-03 -2.373384555827E-02  2.660530847443E-02 -1.809331384763E-02 -1.025283867028E-05 -2.231180471578E-06 -1.964015812113E-06  3.002508144439E-06  5.777811063374E-02  2.231180068685E-06  2.314050749808E-03 -1.142269886344E-19 -1.094273747682E-20  3.772118104653E-20 -1.114465402648E-03
  3.201289005570E+02  3.234608340654E+02  1.734955199654E+01  7.049635769527E-13 -7.097054101171E-02  3.025114231997E+02  3.895657062367E-01  4.727046927522E-01 -3.037390550805E-01 -3.337795407417E-03 -1.216876344744E+00  2.149243407050E+00 -3.527766504640E-03 -2.163950795671E-02  2.516727446120E-02 -1.758646380832E-02 -2.413842185719E-04 -1.725909007502E-06 -1.600478098785E-06  2.968642327820E-06  5.506130138804E-02  1.725908916825E-06  2.958159112539E-03 -1.289318826991E-19 -1.163900276380E-20  2.990063695191E-20 -1.087626597832E-03
  3.267927675737E+02  3.302246590873E+02  1.737238995312E+01  7.044592900916E-13 -6.969388390824E-02  3.032797824817E+02  3.882707583900E-01  4.697789802716E-01 -3.004250022680E-01 -3.396171291562E-03 -1.196536614211E+00  2.146968696410E+00 -4.189629676336E-03 -1.963302139829E-02  2.382265107458E-02 -1.720909671166E-02 -2.512769512609E-04  2.571771355744E-07 -1.322580330090E-06  3.548824924800E-06  5.293662758262E-02 -2.571768542858E-07  3.829662835545E-03 -1.438559555775E-19 -1.166846644797E-20  2.277324771150E-20 -1.066899437081E-03
  3.336565506009E+02  3.371913988600E+02  1.739497086414E+01  6.981262878266E-13 -6.770404417706E-02  3.040396387022E+02  3.870541033349E-01  4.672314252898E-01 -2.970035989520E-01 -3.401917724871E-03 -1.163435603638E+00  2.144765673615E+00 -4.837831591245E-03 -1.756518934104E-02  2.240302093238E-02 -1.687466449838E-02 -4.703322368543E-04  4.837177916756E-07 -8.958929160159E-07  5.706286062361E-06  5.010095402643E-02 -4.837177561156E-07  4.682007314320E-03 -8.471993197188E-20 -9.317257846295E-21  2.049681500755E-20 -1.033516793550E-03
  3.407262471190E+02  3.443671408258E+02  1.741668215202E+01  6.798461060602E-13 -6.556991205506E-02  3.047704400905E+02  3.858245647883E-01  4.648132243034E-01 -2.935416171443E-01 -3.457847119875E-03 -1.127823306982E+00  2.146102277721E+00 -5.474114922735E-03 -1.556322148710E-02  2.103733641005E-02 -1.615933331409E-02 -5.863338941009E-04  1.677252611759E-06 -2.275849994971E-07  4.316866054567E-06  4.727833099852E-02 -1.677252724373E-06  5.331727405530E-03 -1.110105706848E-19 -1.148875351720E-20  1.374753811278E-20 -9.988718297258E-04
  3.480080345325E+02  3.517581550505E+02  1.743803113187E+01  6.696557454967E-13 -6.285842214034E-02  3.054877219231E+02  3.845604372973E-01  4.627193743098E-01 -2.899136495373E-01 -3.479662173299E-03 -1.082240119884E+00  2.151556784625E+00 -6.253459328956E-03 -1.333118994596E-02  1.958464927473E-02 -1.588062665542E-02 -7.148904573788E-04  2.368551418151E-06  9.918137586054E-08  3.674617847796E-06  4.629747534662E-02 -2.368551285833E-06  6.373124496873E-03 -1.139406093968E-19 -1.922608782225E-20  4.004355933553E-21 -9.932774195114E-04
  3.555082755685E+02  3.593708997020E+02  1.746011475153E+01  6.743211457966E-13 -5.957121767820E-02  3.062309968337E+02  3.833251310849E-01  4.612248274287E-01 -2.862290067924E-01 -3.573288367174E-03 -1.026491139277E+00  2.159623511735E+00 -6.981000560297E-03 -1.112453910635E-02  1.810553966676E-02 -1.591480500853E-02 -8.926661311314E-04  1.074613323674E-06 -6.525010532837E-08  1.542424189019E-06  4.586210149728E-02 -1.074613105958E-06  7.086497511983E-03 -1.050272276022E-19 -4.702751868743E-21  4.360703380488E-21 -9.902571339067E-04
  3.632335238356E+02  3.672120266931E+02  1.748233221835E+01  6.795924155454E-13 -5.597059491626E-02  3.069793864532E+02  3.820784015531E-01  4.589232739738E-01 -2.824053952309E-01 -3.635083087196E-03 -9.652758738889E-01  2.166173859587E+00 -7.595453751447E-03 -8.961813102680E-03  1.655726685411E-02 -1.578207710682E-02 -1.032022419766E-03  6.494609580275E-07 -1.376952738629E-07  4.787269225745E-07  4.504915226073E-02 -6.494609205962E-07  7.084211843064E-03 -1.184909297291E-19 -9.703266271642E-21  3.048584924701E-21 -9.896640557099E-04
  3.711905295506E+02  3.752883874939E+02  1.750491764908E+01  6.835129963470E-13 -5.249008481177E-02  3.077422094335E+02  3.806517486747E-01  4.581921089730E-01 -2.785119801081E-01 -3.765314018519E-03 -9.051709613130E-01  2.176038913137E+00 -8.290609911193E-03 -6.901520662670E-03  1.519213057376E-02 -1.590715749666E-02 -9.481183715753E-04  1.819868942055E-06 -9.286062889913E-08 -2.996450774780E-07  4.463386569262E-02 -1.819869039067E-06  6.026128597806E-03 -1.130437943476E-19 -1.006057824206E-20  9.421333999957E-21 -9.982529808741E-04
  3.793862454372E+02  3.836070391187E+02  1.752804932623E+01  6.900485204943E-13 -4.977569906599E-02  3.085230497350E+02  3.789943802405E-01  4.583166748973E-01 -2.744347544072E-01 -3.882272874575E-03 -8.579162753313E-01  2.188091331143E+00 -8.965684127889E-03 -4.820966147511E-03  1.378665027541E-02 -1.603527052900E-02 -7.054630971856E-04  1.307084480929E-06 -1.510387941761E-07 -9.932365015323E-07  4.431756749394E-02 -1.307084663565E-06  4.189638025883E-03 -1.320828192846E-19  6.061277032076E-21  4.819437959768E-21 -1.002134889537E-03
  3.878278328003E+02  3.921752502923E+02  1.755166231370E+01  6.959477475647E-13 -4.806826519546E-02  3.093229707416E+02  3.770253597075E-01  4.585059689509E-01 -2.703582061234E-01 -3.986444661188E-03 -8.282962890318E-01  2.203569952411E+00 -9.700860571497E-03 -2.588544639296E-03  1.228940521091E-02 -1.605095269249E-02 -3.603961452000E-04  1.434061914967E-06  2.037536511948E-07 -1.402601619400E-06  4.423677142762E-02 -1.434061986362E-06  3.504465066692E-03 -8.776090734515E-20 -1.396415737562E-21 -6.457047905597E-21 -1.009421408304E-03
  3.965226677843E+02  4.010005078010E+02  1.757610881892E+01  7.022291448962E-13 -4.598267560086E-02  3.101530682626E+02  3.747267377381E-01  4.579551382886E-01 -2.660428979328E-01 -4.137394961909E-03 -7.920976219093E-01  2.221132388083E+00 -1.034084765516E-02 -4.487603919990E-04  1.078960804717E-02 -1.624917002290E-02 -4.023125067990E-04  1.870762403995E-08  7.665195568728E-07 -1.965171211630E-06  4.409907721670E-02 -1.870786543942E-08  3.590875198963E-03 -1.261871111324E-19 -5.105401103714E-23  2.010164872033E-21 -1.017346890851E-03
  4.054783478178E+02  4.100905230351E+02  1.760102265683E+01  6.980398084326E-13 -4.406923178476E-02  3.109991524105E+02  3.721386205268E-01  4.583016992163E-01 -2.616596758301E-01 -4.204906723818E-03 -7.594113547464E-01  2.242069862929E+00 -1.095433662748E-02  1.574047882191E-03  9.380288745230E-03 -1.636944075817E-02 -4.537084767270E-04 -1.463274923145E-06  1.653561704011E-06 -1.594145192039E-06  4.397143010695E-02  1.463274863538E-06  2.596508563443E-03 -9.672318141853E-20 -9.969273827626E-21 -1.713842481962E-20 -1.027569116085E-03
  4.147026982523E+02  4.194532387261E+02  1.762681524870E+01  6.744810497696E-13 -4.301092079489E-02  3.118765796265E+02  3.692482835982E-01  4.575628450140E-01 -2.572106396320E-01 -4.442630900845E-03 -7.415055285801E-01  2.262987844355E+00 -1.170426062075E-02  3.650054948552E-03  8.054205671948E-03 -1.654621494430E-02 -2.038534303593E-04 -7.275007184577E-07  2.950826155175E-06  1.455035786606E-06  4.401007704413E-02  7.275005085493E-07  2.506083284207E-03 -1.172096065838E-19 -9.881936382486E-21  6.607727676593E-22 -1.039819950818E-03
  4.242037791999E+02  4.290968358879E+02  1.765329930824E+01  6.384155163070E-13 -4.110307581779E-02  3.127791064209E+02  3.658181582951E-01  4.570205496211E-01 -2.525603063604E-01 -4.475437588070E-03 -7.079471716498E-01  2.291357408756E+00 -1.229769577271E-02  5.744263517072E-03  6.553432255685E-03 -1.672276161802E-02 -5.438155873714E-04 -1.960235724892E-07  3.484063473482E-06  1.830461495210E-06  4.452886102630E-02  1.960236415962E-07  2.610504696620E-03 -1.158085889368E-19 -1.854517190871E-21 -5.755699443764E-21 -1.060820020076E-03
  4.339898925759E+02  4.390297409645E+02  1.768128819704E+01  6.028162640283E-13 -3.981618490992E-02  3.137355647544E+02  3.617188410901E-01  4.551974503364E-01 -2.477763468748E-01 -4.711351691422E-03 -6.839393458553E-01  2.322838521821E+00 -1.283427244061E-02  7.639528880316E-03  5.194743559996E-03 -1.726093595864E-02 -2.880837539165E-04 -9.023117405583E-07  2.797192337459E-06  5.147913977076E-07  4.472705618263E-02  9.023116194675E-07  2.558443924080E-03 -1.085026011788E-19 -8.753244492511E-21 -1.996963703147E-20 -1.082423025148E-03
  4.440695893532E+02  4.492606331935E+02  1.770965550738E+01  5.860276528731E-13 -3.787293262104E-02  3.147058498458E+02  3.571867930604E-01  4.541078313415E-01 -2.429637322747E-01 -4.721511236177E-03 -6.486000843662E-01  2.354670070113E+00 -1.347903852925E-02  9.763376123266E-03  3.715662406270E-03 -1.737220818655E-02 -4.668959681995E-04 -2.289725278011E-07  1.542123497301E-06  1.182181202108E-06  4.535862447672E-02  2.289725892436E-07  3.262907295537E-03 -1.136048451525E-19 -3.703642391876E-21 -1.371880254119E-20 -1.103350156686E-03
  4.544516770338E+02  4.597984521893E+02  1.774014282889E+01  5.856551078878E-13 -3.558329985136E-02  3.157535727320E+02  3.522499298525E-01  4.534256315330E-01 -2.378365051288E-01 -4.970258846921E-03 -6.079869979041E-01  2.389161980389E+00 -1.414457157562E-02  1.186421579784E-02  2.280355777933E-03 -1.802087217103E-02 -4.766511311403E-04 -1.102211925347E-06  4.278806184806E-07  1.932211694713E-06  4.729673444241E-02  1.102211677320E-06  3.051390539907E-03 -1.025081221641E-19 -4.181371274031E-21 -3.001226635738E-20 -1.151060407706E-03
  4.651452273448E+02  4.706524057550E+02  1.777285635684E+01  5.878422856632E-13 -3.380065395063E-02  3.168805059249E+02  3.468803498378E-01  4.541360828430E-01 -2.327038778716E-01 -4.924243870458E-03 -5.768848263754E-01  2.422883888880E+00 -1.451329101633E-02  1.374746925047E-02  7.658217660832E-04 -1.883404708019E-02 -3.454856047628E-04 -3.929679163624E-06 -5.580018735216E-07  3.708355413068E-06  4.910916322739E-02  3.929679196353E-06  2.761475232991E-03 -9.326645556707E-20  1.282517544918E-21 -3.274965297482E-20 -1.199741362570E-03
  4.761595841651E+02  4.818319779276E+02  1.780773893012E+01  5.883451698197E-13 -3.176740330676E-02  3.180866434411E+02  3.411747075888E-01  4.552739679814E-01 -2.273051333458E-01 -5.158387514164E-03 -5.392941471403E-01  2.458420469541E+00 -1.493780622365E-02  1.565011187560E-02 -7.123056521963E-04 -1.960999791991E-02 -1.963686639666E-04 -2.206738167345E-06 -1.148164167328E-06  3.961786633914E-06  5.016438445878E-02  2.206738126614E-06  3.200330858499E-03 -1.025190309275E-19  1.263981775442E-21 -2.500877764342E-20 -1.251441796778E-03
  4.875043716901E+02  4.933469372654E+02  1.784398425288E+01  5.785158116625E-13 -2.925337083228E-02  3.193425569789E+02  3.353124288052E-01  4.550784041300E-01 -2.218254762802E-01 -5.169508294849E-03 -4.955744289372E-01  2.501086939765E+00 -1.537220180493E-02  1.754541666250E-02 -2.173214857516E-03 -2.047154361911E-02 -4.330081488929E-04 -1.365433032831E-07 -1.276236049882E-06  3.466030383344E-06  5.192315234343E-02  1.365432133649E-07  3.444664861308E-03 -9.175853289194E-20 -5.774795794305E-22 -3.049705522246E-20 -1.307140279342E-03
  4.991895028408E+02  5.052073453834E+02  1.788358926384E+01  5.572420606093E-13 -2.673668219585E-02  3.207233330607E+02  3.293862345808E-01  4.539253383985E-01 -2.160564723254E-01 -5.316722181567E-03 -4.518759709647E-01  2.538921496092E+00 -1.580494877252E-02  1.929716937137E-02 -3.492220598574E-03 -2.132060147157E-02 -5.291103015002E-04  1.479883399222E-06 -1.657077878037E-06  3.116483499022E-06  5.333286794645E-02 -1.479883529325E-06  3.483731398294E-03 -5.973906685293E-20 -6.300752552917E-22 -2.664233106427E-20 -1.342896448645E-03
  5.112251879260E+02  5.174235657449E+02  1.792424820205E+01  5.371969823592E-13 -2.400627610391E-02  3.221460645476E+02  3.231745513064E-01  4.503245063122E-01 -2.101533985537E-01 -5.319537527229E-03 -4.040457880493E-01  2.581122682805E+00 -1.624668653674E-02  2.100671912215E-02 -4.760032585509E-03 -2.173962046894E-02 -7.396469234360E-04 -5.221152392203E-07 -2.364559175121E-06  5.375498229707E-06  5.381054283396E-02  5.221151175196E-07  3.506288841651E-03 -8.252646286038E-20  1.525963106849E-21 -5.318616871419E-20 -1.378389970940E-03
  5.236219435638E+02  5.300062727173E+02  1.796699611566E+01  5.230766452033E-13 -2.130380602188E-02  3.236497953958E+02  3.167354396656E-01  4.442611517100E-01 -2.040036625907E-01 -5.473629501400E-03 -3.575507048819E-01  2.623155817285E+00 -1.665730597329E-02  2.252013802722E-02 -5.862832054087E-03 -2.230512016290E-02 -8.437288061118E-04  2.415988232980E-07 -2.526589594482E-06  2.593859089091E-06  5.410707766653E-02 -2.415988313090E-07  3.124272642749E-03 -6.002899499845E-20 -4.057294406938E-21 -4.439975468317E-20 -1.392990888150E-03
  5.363906018707E+02  5.429664608988E+02  1.801063061611E+01  5.139735180790E-13 -1.900674596998E-02  3.251914580325E+02  3.102013872134E-01  4.381626908682E-01 -1.977569146075E-01 -5.354011126809E-03 -3.184738969825E-01  2.679265432040E+00 -1.704998790442E-02  2.420804646085E-02 -7.158058556494E-03 -2.234804479173E-02 -7.195557667819E-04  1.172987593742E-06 -2.349942060266E-06  1.743816835372E-06  5.525386226074E-02 -1.172987485284E-06  2.905395796501E-03 -8.018298464554E-20 -2.578601492934E-21 -4.696074694356E-20 -1.424713212855E-03
  5.495423199268E+02  5.563154547257E+02  1.805784713809E+01  5.065149256330E-13 -1.650861937874E-02  3.268665158731E+02  3.035414949835E-01  4.305070624716E-01 -1.913920615630E-01 -5.477608022999E-03 -2.766019416121E-01  2.733142110416E+00 -1.722604557780E-02  2.569344676550E-02 -8.467401187686E-03 -2.318954124480E-02 -6.933130059931E-04 -1.326657054352E-08 -2.124343186218E-06  1.514698799608E-06  5.603150123671E-02  1.326661106720E-08  2.698110143829E-03 -7.625573999350E-20 -1.253644094957E-21 -2.711679049296E-20 -1.462492116738E-03
  5.630885895246E+02  5.700649183675E+02  1.810550155194E+01  4.971486228331E-13 -1.444175769917E-02  3.285603852388E+02  2.966348874773E-01  4.247416520943E-01 -1.846784589089E-01 -5.425239066585E-03 -2.417739955860E-01  2.785822213402E+00 -1.733887918611E-02  2.701359020339E-02 -9.674711017015E-03 -2.375354158907E-02 -6.927982675877E-04  5.301576166148E-07 -1.796088363146E-06  4.015773589451E-07  5.684074274220E-02 -5.301576556542E-07  1.323358645377E-03 -5.933978301318E-20 -6.399588424179E-23 -3.296865971639E-20 -1.512566649099E-03
  5.770412472104E+02  5.842268659185E+02  1.815697346181E+01  4.862046676726E-13 -1.421983356629E-02  3.303982713536E+02  2.895891595674E-01  4.196692015644E-01 -1.779431756167E-01 -5.438654806305E-03 -2.395591729008E-01  2.851221227957E+00 -1.770473511299E-02  2.845477672563E-02 -1.075004161254E-02 -2.477470762515E-02 -2.150177752770E-04  1.026681321819E-06 -9.801510806345E-07 -6.196251872090E-07  5.774613964647E-02 -1.026681292742E-06 -6.188380976675E-05 -4.626378490956E-20 -6.236321297812E-21 -3.720228771673E-20 -1.561042277127E-03
  5.914124846267E+02  5.988136718961E+02  1.820923186103E+01  4.712424236999E-13 -1.458564032679E-02  3.322700649360E+02  2.825156117315E-01  4.116086968252E-01 -1.711260878993E-01 -5.452602148474E-03 -2.469778436292E-01  2.918556656597E+00 -1.791983142501E-02  2.974882641905E-02 -1.182899499362E-02 -2.512230264928E-02 -7.057708003479E-05  4.904969111097E-07  1.670800461745E-07 -7.170031257528E-07  5.841922419834E-02 -4.904971459152E-07 -1.244935777583E-03 -5.642651369593E-20  2.647498062356E-21 -4.390468374760E-20 -1.603829532389E-03
  6.062148591655E+02  6.137148591655E+02  1.826505386550E+01  4.569309748279E-13 -1.653796123183E-02  3.342771033407E+02  2.758329346503E-01  4.021350587478E-01 -1.640441775272E-01 -5.361720490124E-03 -2.819641895050E-01  2.927812704604E+00 -1.787868560820E-02  2.993745687914E-02 -1.205877127123E-02 -2.594235299237E-02  2.462657143197E-04 -2.521153104745E-07  6.849764253670E-07  8.525547807695E-07  5.921383267719E-02  2.521153234041E-07 -2.269318349352E-03 -6.607358388720E-20  1.332863819643E-20 -3.240880987305E-20 -1.622003951431E-03
  6.212148591655E+02  6.287148591655E+02  1.832025934777E+01  4.469955944738E-13 -1.881287562706E-02  3.362684684058E+02  2.697567344282E-01  3.898366038414E-01 -1.573961374162E-01 -5.342497354966E-03 -3.250710546601E-01  2.888311291019E+00 -1.737416944569E-02  2.924330256570E-02 -1.186913312002E-02 -2.573836450431E-02  5.140399759201E-04 -1.846460265592E-07  7.432925799959E-07  1.918229921701E-06  6.016475782738E-02  1.846460147086E-07 -1.925672313921E-03 -5.495704769560E-20  2.319198036745E-21 -2.512534360723E-20 -1.605623433480E-03
  6.362148591655E+02  6.437148591655E+02  1.837787389131E+01  4.408288729711E-13 -2.011272036465E-02  3.383562504192E+02  2.638411179910E-01  3.792669822775E-01 -1.504117488426E-01 -5.301971672606E-03 -3.514014615254E-01  2.844012657601E+00 -1.702435427120E-02  2.834046013369E-02 -1.131610586241E-02 -2.539329194473E-02  4.429330281184E-04 -1.421023368418E-06  7.526481258958E-07  1.912628844254E-06  6.014543440010E-02  1.421023489860E-06 -2.248978559922E-03 -5.079769876853E-20  3.057977566874E-21 -1.846867547698E-20 -1.557199356369E-03
  6.512148591655E+02  6.587148591655E+02  1.843301232224E+01  4.326642736215E-13 -2.301835969321E-02  3.403596413606E+02  2.579419200150E-01  3.700102258193E-01 -1.438593139787E-01 -5.270821696800E-03 -4.069007898263E-01  2.807323547403E+00 -1.650691443309E-02  2.754478290224E-02 -1.103786846922E-02 -2.451430790197E-02  7.883485337647E-04 -2.484160803135E-07  8.893024147031E-07  1.780851902388E-07  5.878790845737E-02  2.484160197470E-07 -4.066227496071E-03 -4.658365405519E-20  1.718808401097E-22 -3.466834160088E-20 -1.518190340430E-03
  6.662148591655E+02  6.737148591655E+02  1.848808290447E+01  4.158473468641E-13 -2.774146304594E-02  3.423655902243E+02  2.517942594673E-01  3.626940258827E-01 -1.371551363655E-01 -5.172077942341E-03 -4.974856837820E-01  2.782770753105E+00 -1.604731844412E-02  2.714889038515E-02 -1.110157194110E-02 -2.424037160870E-02  1.171144749211E-03 -1.677702256665E-07  5.203107176670E-07  1.544732869496E-06  6.014467876097E-02  1.677702228523E-07 -4.199650841750E-03 -5.807366994834E-20  6.183608945449E-21 -3.319219817094E-20 -1.532345182457E-03
  6.812148591655E+02  6.887148591655E+02  1.854579502685E+01  3.870039601284E-13 -3.090275115345E-02  3.444788997644E+02  2.456362353113E-01  3.531930201226E-01 -1.305833367836E-01 -4.892862317471E-03 -5.589698975435E-01  2.760273437545E+00 -1.567451474084E-02  2.642890768372E-02 -1.075439294300E-02 -2.458248351851E-02  9.691339846501E-04  3.253285492472E-07  5.666408401562E-08  3.647771502699E-08  6.091733762998E-02 -3.253286001448E-07 -3.858570309143E-03 -4.420398725180E-20  8.187659515531E-21 -4.212437274260E-20 -1.523311870457E-03
  6.962148591655E+02  7.037148591655E+02  1.860231535654E+01  3.454291022780E-13 -3.497337274290E-02  3.465539581729E+02  2.392957868911E-01  3.429318161761E-01 -1.240089840080E-01 -4.929875306803E-03 -6.373723122709E-01  2.726052328115E+00 -1.528708340721E-02  2.585966158580E-02 -1.057257817852E-02 -2.414583779983E-02  1.237871978875E-03  4.196435632506E-07  9.464014702597E-09 -4.796819448942E-07  6.045648012182E-02 -4.196437428811E-07 -4.582790769464E-03 -3.543347729277E-20  6.180530220730E-21 -4.396609277516E-20 -1.499856590446E-03
  7.112148591655E+02  7.187148591655E+02  1.865914414385E+01  3.115517667347E-13 -3.947393655571E-02  3.486489228626E+02  2.327458445268E-01  3.309093595392E-01 -1.176260244169E-01 -4.536284188897E-03 -7.254362045085E-01  2.703490136197E+00 -1.507707407760E-02  2.558522718536E-02 -1.050815310788E-02 -2.394203685047E-02  1.276155820710E-03  8.028426423384E-07  6.842796293794E-08 -1.037915834797E-06  6.068779012450E-02 -8.028425991565E-07 -5.448815180877E-03 -3.617259759557E-20  4.228016220645E-21 -3.980544401624E-20 -1.493840206936E-03
  7.262148591655E+02  7.337148591655E+02  1.871608861734E+01  2.873731857223E-13 -4.517956413363E-02  3.507523193440E+02  2.262112888165E-01  3.195573002234E-01 -1.111975726120E-01 -4.451299097782E-03 -8.354778987723E-01  2.661576016501E+00 -1.468881027223E-02  2.497545860180E-02 -1.028664832990E-02 -2.364255622132E-02  1.515212061665E-03 -7.476697208107E-07  4.604908152188E-08  8.790382332314E-07  5.933701073365E-02  7.476696033568E-07 -5.598012345779E-03 -3.896123440693E-20 -7.215856466696E-22 -3.825833292198E-20 -1.435271322759E-03
  7.412148591655E+02  7.487148591655E+02  1.877038904001E+01  2.632110114355E-13 -4.997077525132E-02  3.527651758264E+02  2.194825061278E-01  3.091020592869E-01 -1.050517370026E-01 -4.153708271459E-03 -9.298706573141E-01  2.626457765155E+00 -1.433892176473E-02  2.438211198247E-02 -1.004319021765E-02 -2.236164091887E-02  1.289430427760E-03 -5.425040889494E-07  2.871661766681E-09  1.309689938194E-06  5.779179129536E-02  5.425040340659E-07 -5.263397970690E-03 -4.145689312621E-20 -1.503449727013E-21 -3.542194111889E-20 -1.387397644841E-03
  7.562148591655E+02  7.637148591655E+02  1.882445232241E+01  2.371026664935E-13 -5.505941636506E-02  3.547727942359E+02  2.124098112701E-01  2.999597978111E-01 -9.853791068357E-02 -3.902822094733E-03 -1.029861720682E+00  2.592560676472E+00 -1.393649251695E-02  2.383407696442E-02 -9.897584447436E-03 -2.199646503193E-02  1.394450758192E-03 -5.003821264928E-07 -5.225709700894E-07  4.075014870014E-07  5.641127438037E-02  5.003820060063E-07 -4.811978046013E-03 -2.943583867763E-20 -4.835033649283E-21 -4.118872922139E-20 -1.343998438063E-03
  7.712148591655E+02  7.787148591655E+02  1.887617988788E+01  2.118091567300E-13 -5.901617083460E-02  3.567025141765E+02  2.050611103706E-01  2.878392521381E-01 -9.265583010957E-02 -3.734613766954E-03 -1.108761384711E+00  2.541880350388E+00 -1.358117998552E-02  2.298112414108E-02 -9.399944155513E-03 -2.087743934665E-02  1.146846750222E-03  8.158858338981E-07 -1.291299721125E-06 -2.439490050512E-06  5.394258608088E-02 -8.158858751816E-07 -4.169704186260E-03 -2.387436687618E-20  1.054272725055E-20 -3.882075158754E-20 -1.268160518251E-03
  7.862148591655E+02  7.937148591655E+02  1.892560121967E+01  1.918812556762E-13 -6.287586441029E-02  3.585505728885E+02  1.973723334351E-01  2.781072761196E-01 -8.625282216575E-02 -3.311517897087E-03 -1.187649980974E+00  2.497527905761E+00 -1.335144668266E-02  2.227251302215E-02 -8.921066339634E-03 -1.978030452818E-02  1.006446230809E-03  1.955305268509E-06 -1.734179985756E-06 -2.002598683292E-06  5.264980630499E-02 -1.955305337874E-06 -1.906015076606E-03 -1.295554617623E-20 -2.605710690301E-21 -4.043051065726E-20 -1.218247925894E-03
  8.012148591655E+02  8.087148591655E+02  1.897488211107E+01  1.729803699007E-13 -6.257216481748E-02  3.604018827382E+02  1.891903253476E-01  2.693014496963E-01 -8.034244025552E-02 -3.295625537326E-03 -1.187177318352E+00  2.452013370366E+00 -1.301865817842E-02  2.162583117935E-02 -8.607173000845E-03 -1.912696847333E-02  3.714879258269E-04  1.638911572218E-06 -1.881611339899E-06  1.087294913575E-06  4.985271302296E-02 -1.638911639618E-06 -1.056403654982E-03 -1.871441685905E-20  5.748814001426E-21 -3.118529754650E-20 -1.150096237694E-03
  8.162148591655E+02  8.237148591655E+02  1.901906968897E+01  1.606780041773E-13 -6.486461284880E-02  3.620637956722E+02  1.803841579235E-01  2.604227568688E-01 -7.419429432906E-02 -2.803753335036E-03 -1.237017472535E+00  2.403894519269E+00 -1.274036651624E-02  2.106088194548E-02 -8.320515429137E-03 -1.764426453480E-02  6.363435169832E-04  1.546263306692E-06 -1.852011785400E-06  2.841292730536E-06  4.672931639979E-02 -1.546263338777E-06 -9.683251406175E-04 -1.857630619672E-20  3.801191372685E-21 -2.385666888307E-20 -1.071458483100E-03
  8.312148591655E+02  8.387148591655E+02  1.906250766112E+01  1.518059668133E-13 -6.439657097893E-02  3.637039618593E+02  1.710751871214E-01  2.522866404956E-01 -6.829368746424E-02 -2.821551657160E-03 -1.235056236061E+00  2.350539546334E+00 -1.244479914879E-02  2.034893063510E-02 -7.904131486275E-03 -1.654122587250E-02 -6.649241881059E-05  8.554545103371E-07 -2.193869635337E-06  2.239627123462E-06  4.370028262020E-02 -8.554545211109E-07  6.014760385506E-04 -1.985586386973E-20  1.152684335235E-21 -3.247379033566E-20 -9.829602919232E-04
  8.462148591655E+02  8.537148591655E+02  1.910100324608E+01  1.429030023654E-13 -6.373133350115E-02  3.651593159469E+02  1.614899043407E-01  2.445233733689E-01 -6.213625278930E-02 -2.373381121223E-03 -1.229255040977E+00  2.301625257963E+00 -1.203068921172E-02  1.957721347238E-02 -7.546524260533E-03 -1.492933491285E-02 -2.290537740491E-04  3.967874384757E-08 -2.236912698543E-06  5.646675490014E-07  4.069876010540E-02 -3.967872897736E-08  1.904201905526E-03 -2.301722467005E-20 -6.806132873657E-21 -3.235852478652E-20 -8.993019146336E-04
  8.612148591655E+02  8.687148591655E+02  1.913881063408E+01  1.359659763250E-13 -6.083104595832E-02  3.665941327676E+02  1.514396117699E-01  2.346634889832E-01 -5.620115160340E-02 -2.321250830788E-03 -1.179380032314E+00  2.258152512671E+00 -1.177317058234E-02  1.912267964526E-02 -7.349509063073E-03 -1.391897641023E-02 -6.883970381450E-04 -1.851734922534E-07 -2.160479541170E-06  5.164269081464E-07  3.816384749935E-02  1.851734920149E-07  1.476607264641E-03 -1.455523752241E-20  2.177116865766E-21 -3.473801876931E-20 -8.317285746373E-04
  8.762148591655E+02  8.837148591655E+02  1.917255636857E+01  1.236943367467E-13 -6.097041505823E-02  3.678778861553E+02  1.409036248052E-01  2.269621197267E-01 -5.014776224171E-02 -1.928780795559E-03 -1.186893900001E+00  2.205399011862E+00 -1.151833804922E-02  1.840958969198E-02 -6.891251642744E-03 -1.248291108698E-02 -2.038383497842E-04  5.102807943133E-07 -2.256601682173E-06  1.014775975888E-06  3.419056561316E-02 -5.102808353203E-07  1.009345504910E-03 -1.383144737930E-20  3.856615821645E-21 -2.960481460204E-20 -7.295974411840E-04
  8.912148591655E+02  8.987148591655E+02  1.920291636062E+01  1.080605931703E-13 -5.893587512888E-02  3.690357398960E+02  1.298876779456E-01  2.184765398221E-01 -4.414876805465E-02 -1.915184642274E-03 -1.153106886819E+00  2.156092903545E+00 -1.126598865876E-02  1.790148177597E-02 -6.635493117142E-03 -1.101286585784E-02 -5.564362977225E-04  7.868634070566E-07 -1.819923222957E-06  1.259738513618E-07  3.129795832044E-02 -7.868634527227E-07 -5.801969360913E-04 -1.142233819922E-20  4.818865454523E-22 -3.198153944318E-20 -6.559894309226E-04
  9.062148591655E+02  9.137148591655E+02  1.923124373075E+01  9.229094196049E-14 -6.205392280962E-02  3.701167364754E+02  1.183930372082E-01  2.133554033401E-01 -3.814559993051E-02 -1.416010038458E-03 -1.217344382456E+00  2.116962901512E+00 -1.075706115707E-02  1.727508095825E-02 -6.518019801126E-03 -1.005639604389E-02  9.109144770098E-05  9.800468073633E-07 -1.026670901381E-06 -3.055094748432E-07  2.938512716422E-02 -9.800468435393E-07 -1.801792688806E-04 -1.977523286502E-20  3.541088184437E-21 -3.396226178250E-20 -6.072067152413E-04
  9.212148591655E+02  9.287148591655E+02  1.925801447019E+01  8.108634698296E-14 -5.927138797486E-02  3.711406104069E+02  1.059504456811E-01  2.082535405184E-01 -3.220064105781E-02 -1.279874658984E-03 -1.166497006368E+00  2.078425360521E+00 -1.042210312952E-02  1.667239638522E-02 -6.250293255730E-03 -9.407046784758E-03 -7.650994107761E-04  2.252241494342E-07 -7.842167671537E-07 -5.200230025865E-07  2.814531171337E-02 -2.252241130194E-07  1.733419950559E-03 -1.737586040285E-20 -3.291149205846E-21 -2.614781674786E-20 -5.747351817229E-04
  9.362148591655E+02  9.437148591655E+02  1.928401122522E+01  7.318768797023E-14 -5.880368274506E-02  3.721349979165E+02  9.206967728410E-02  2.065717632302E-01 -2.618240523929E-02 -9.580421165478E-04 -1.160262477282E+00  2.056491095174E+00 -1.003969139628E-02  1.624254122871E-02 -6.202849832362E-03 -9.045325890898E-03 -5.217641684892E-04 -1.618421565721E-06 -1.245970555026E-06 -6.658337754567E-08  2.810884478085E-02  1.618421594251E-06  1.101131450243E-03 -1.467461497290E-20 -3.678604935339E-21 -1.844925795901E-20 -5.599036179888E-04
  9.512148591655E+02  9.587148591655E+02  1.931071880423E+01  5.477087302215E-14 -5.721161649533E-02  3.731602375272E+02  7.617455073774E-02  2.052315287445E-01 -2.019921572114E-02 -6.158385474976E-04 -1.131917907761E+00  2.035831109414E+00 -9.700927725530E-03  1.574566517853E-02 -6.044737452970E-03 -8.803227682970E-03 -6.422273084970E-04  5.231342710211E-07 -1.335391509259E-06  8.958338935615E-07  2.841042380635E-02 -5.231342966925E-07  2.238239125983E-03 -2.172048729282E-20  3.844822270952E-21 -2.661183169138E-20 -5.420395419556E-04
  9.662148591655E+02  9.737148591655E+02  1.933728550539E+01  2.967979341751E-14 -5.461180422008E-02  3.741862203726E+02  5.763196447039E-02  2.071048126220E-01 -1.419640538064E-02 -4.921775836349E-04 -1.083266828085E+00  2.036649260884E+00 -9.577021551498E-03  1.534052132632E-02 -5.763499774813E-03 -8.538011064664E-03 -9.689128336195E-04  6.897749928087E-07 -1.034209590737E-06  2.075116017463E-06  3.075437148253E-02 -6.897749771596E-07  2.047205728072E-03 -1.251246630261E-20 -5.334226271229E-21 -1.983658271055E-20 -5.521568966242E-04
  9.812148591655E+02  9.887148591655E+02  1.936838073783E+01  9.511285892274E-15 -5.337088207036E-02  3.753981167886E+02  3.532294127970E-02  2.198797938344E-01 -8.186081940777E-03 -1.670000694681E-04 -1.061977453315E+00  2.157861155443E+00 -9.933389727201E-03  1.664219026096E-02 -6.708800533686E-03 -9.457604237619E-03 -3.086851503175E-04 -1.893042798827E-06 -6.124421632628E-07  2.120640431912E-06  3.830400081877E-02  1.893042789864E-06  1.059876960538E-03 -1.556775326731E-20  1.309107868515E-21 -1.847978849037E-20 -6.978736676364E-04
  9.962148591655E+02  1.003714859165E+03  1.940910300695E+01  7.999746517706E-16 -5.262240475784E-02  3.770010067801E+02  7.227049185620E-03  2.489294166153E-01 -2.363337209802E-03 -7.176700526860E-05 -1.047545992729E+00  2.184406167500E+00 -1.101065855126E-02  1.823639540127E-02 -7.225736850232E-03 -1.166364656762E-02  9.595462015767E-05  9.669754922446E-07 -1.483946356771E-07  3.045181793874E-06  2.171802846469E-02 -9.669754046601E-07  3.997752210707E-04 -9.464913687525E-21  4.178803171856E-22 -2.413144265794E-20 -3.412919707665E-04
