                   y                  ym                   U                   V                   W                 U^2                 V^2                 W^2                  UV                  VW                  UW                VISC               SFSxx               SFSyy               SFSzz               SFSxy               SFSyz                dUdX                dVdX                dWdX                dUdY                dVdY                dWdY                dUdZ                dVdZ                dWdZ              SFSxym
 -4.000000000000E+00 -2.000000000000E+00  0.000000000000E+00  0.000000000000E+00  0.000000000000E+00  0.000000000000E+00  0.000000000000E+00  0.000000000000E+00  0.000000000000E+00  0.000000000000E+00  0.000000000000E+00  0.000000000000E+00  0.000000000000E+00  0.000000000000E+00  0.000000000000E+00  0.000000000000E+00  0.000000000000E+00  0.000000000000E+00  0.000000000000E+00  0.000000000000E+00  0.000000000000E+00  0.000000000000E+00  0.000000000000E+00  0.000000000000E+00  0.000000000000E+00  0.000000000000E+00  0.000000000000E+00
  2.220446049250E-16  2.000000000000E+00  8.252892208897E+00  9.826962738916E-17 -4.943873654967E-02  7.088820771259E+01  6.381981527418E-02  8.352833852474E-01 -1.930666323830E-01 -1.746383805087E-03 -4.127304438285E-01  1.598815540893E+00 -3.054389124885E-03  1.410427996129E-02 -1.104989083734E-02 -6.856040713515E+00  3.933026946838E-02 -1.676104612328E-03 -1.546242839353E-04  8.218012920240E-06  3.711336694539E+01  1.676104612341E-03 -1.828323570981E-01  5.406945579403E-20 -7.441170126490E-22 -1.008075163483E-20 -2.418064347974E-02
  4.000000000000E+00  6.000000000000E+00  1.030424664504E+01  4.614915220802E-16 -4.198047707020E-02  1.095863883061E+02  2.568085980739E-01  9.113708151356E-01 -4.167204699626E-01 -2.898556149635E-03 -4.351334393884E-01  6.464640437699E+00  3.852618917783E-01 -3.328241474136E-01 -5.243774436553E-02 -1.945891705609E+00 -9.274551117132E-02  4.131528324063E-04 -2.499886723635E-04  4.781927406062E-06  5.339021030591E+00 -4.131528324338E-04  2.536173588992E-02  1.869407731481E-20  5.865383260066E-21 -1.125918720354E-21 -1.275691008267E-01
  8.000000000000E+00  1.000000000000E+01  1.092179520481E+01  7.839205268719E-16 -3.679887694915E-02  1.221513250678E+02  3.267581783152E-01  8.629046262601E-01 -4.014357350533E-01 -2.940043572040E-03 -4.042571775435E-01  6.843377723497E+00  1.906071393723E-01 -4.396833230581E-01  2.490761836851E-01 -9.500683133715E-01 -3.637167132391E-02  3.272692479365E-04 -1.477154045077E-04  5.836348201530E-06  2.392822942536E+00 -3.272692479144E-04  2.065792576457E-02  2.103521009905E-20 -8.135167142894E-21  2.219527693876E-20 -5.736044259657E-02
  1.200000000000E+01  1.400000000000E+01  1.150062567048E+01  6.772329008350E-16 -3.168494945109E-02  1.350998553072E+02  3.674691859407E-01  8.490625979529E-01 -4.376518440381E-01 -3.032575066789E-03 -3.664797446771E-01  6.755987537116E+00  1.806468461068E-01 -4.053914636822E-01  2.247446175739E-01 -9.057533912051E-01 -5.858284049275E-03  2.266162330421E-04 -8.099646635008E-05 -1.801875389959E-05  1.966080358793E+00 -2.266162331024E-04  1.894879971060E-02 -1.872208362349E-21  1.052009901123E-21  6.307067803141E-20 -4.877984024561E-02
  1.600000000000E+01  1.800000000000E+01  1.190490229296E+01  1.637188142579E-15 -2.732173619311E-02  1.444332618612E+02  3.988758004352E-01  8.390658270110E-01 -4.368811480539E-01 -3.096762696418E-03 -3.278396511702E-01  6.380137110440E+00  1.488380294970E-01 -3.656922572286E-01  2.168542277307E-01 -6.412941242207E-01 -3.396454587266E-03  1.842989187523E-04 -4.427117900770E-05  1.787189000793E-06  1.512803528672E+00 -1.842989187283E-04  1.587569298018E-02  2.120625368419E-20 -1.409658108488E-20  6.228051540835E-20 -3.694745896698E-02
  2.000000000000E+01  2.200000000000E+01  1.225717260401E+01  4.053413990091E-15 -2.372919120372E-02  1.528923138910E+02  4.248527348276E-01  8.352295017465E-01 -4.474167576983E-01 -3.169034906034E-03 -2.931529463979E-01  6.126839045384E+00  1.333708450546E-01 -3.348364411385E-01  2.014655960843E-01 -5.502183008960E-01 -4.263582362252E-03  1.129407323949E-04 -2.630035335973E-05  1.588352036660E-05  1.274102488251E+00 -1.129407324165E-04  1.294480497261E-02  8.048040670220E-21 -8.101147198152E-21  6.415165882450E-20 -3.110840033177E-02
  2.400000000000E+01  2.600000000000E+01  1.254204562574E+01  6.253989802881E-15 -2.080358579096E-02  1.598944868168E+02  4.463829739508E-01  8.303875126999E-01 -4.481757295179E-01 -3.213607763485E-03 -2.630812061082E-01  5.851908790903E+00  1.159903756203E-01 -3.068974086074E-01  1.909070329882E-01 -4.449984976445E-01 -3.541691455977E-03  8.848816570005E-05 -1.905462159344E-05 -5.346017085825E-06  1.073840712968E+00 -8.848816566826E-05  1.084967635778E-02  2.604441802314E-20 -8.579209752653E-21  7.737481645307E-20 -2.593446965273E-02
  2.800000000000E+01  3.000000000000E+01  1.279403642402E+01  8.759672602438E-15 -1.832610498407E-02  1.662391940757E+02  4.639695951240E-01  8.267727148354E-01 -4.518003414013E-01 -3.241755792878E-03 -2.357597466932E-01  5.629661745830E+00  1.034360665304E-01 -2.839737825531E-01  1.805377160226E-01 -3.883706255910E-01 -3.665875880783E-03  5.544065425067E-05 -1.328372551937E-05 -9.156901409570E-06  9.406269068337E-01 -5.544065428168E-05  9.327252019557E-03  2.776292861446E-20 -1.473887330544E-21  1.024489471374E-19 -2.259503227106E-02
  3.200000000000E+01  3.400000000000E+01  1.301233118002E+01  1.225504738199E-14 -1.614454555455E-02  1.718330128324E+02  4.782713923890E-01  8.226936572945E-01 -4.520704385553E-01 -3.264641139499E-03 -2.099061467627E-01  5.422085942802E+00  9.279039683188E-02 -2.641223317252E-01  1.713319348937E-01 -3.356263622465E-01 -3.343279691359E-03  6.026256484317E-05 -8.783228520187E-06 -1.321776810871E-05  8.317212959472E-01 -6.026256475611E-05  7.911757338569E-03  3.103326208716E-20  2.113231451345E-21  1.085837266731E-19 -1.986140289808E-02
  3.600000000000E+01  3.800000000000E+01  1.320991234557E+01  1.590304587959E-14 -1.435637998026E-02  1.769865892415E+02  4.898832427512E-01  8.192544994288E-01 -4.531193212323E-01 -3.297780263329E-03 -1.877903906750E-01  5.246764926331E+00  8.441103331878E-02 -2.474594485776E-01  1.630484152584E-01 -3.011074340063E-01 -2.913767635746E-03  4.579904201027E-05 -6.494200871216E-06  2.397158734063E-06  7.518022002453E-01 -4.579904202508E-05  6.519228752481E-03  2.598518503720E-20 -1.204254330753E-20  1.044368523093E-19 -1.783236779672E-02
  4.000000000000E+01  4.200000000000E+01  1.338819835462E+01  1.917164286121E-14 -1.291057133387E-02  1.817024876747E+02  4.992975790712E-01  8.149245134229E-01 -4.528532738511E-01 -3.311628273145E-03 -1.695121739051E-01  5.084405043060E+00  7.737500398192E-02 -2.329807671188E-01  1.556057631373E-01 -2.702632040610E-01 -2.555896818455E-03  3.043311867383E-05 -4.096092517697E-06  1.487312221944E-05  6.851301606563E-01 -3.043311859129E-05  5.394248633589E-03  2.805617943948E-20 -1.011272149051E-20  1.081308342863E-19 -1.616125398730E-02
  4.400000000000E+01  4.600000000000E+01  1.355247811690E+01  2.150896416993E-14 -1.165938384348E-02  1.861073003377E+02  5.069721285207E-01  8.105639556088E-01 -4.528397533886E-01 -3.366413075549E-03 -1.525775579573E-01  4.938044063035E+00  7.124054456821E-02 -2.201890123012E-01  1.489484677334E-01 -2.471298055376E-01 -2.169095142736E-03  1.866652002659E-05 -2.693317434997E-06  2.023283111327E-06  6.314848483320E-01 -1.866652002380E-05  4.524814808872E-03  1.812250639670E-21 -3.295428711184E-21  1.206034116139E-19 -1.479134210513E-02
  4.800000000000E+01  5.000000000000E+01  1.370394937629E+01  2.395491545288E-14 -1.061513609376E-02  1.902172151209E+02  5.132177729859E-01  8.062386843312E-01 -4.521915317541E-01 -3.349597109222E-03 -1.384066948335E-01  4.801219690059E+00  6.544305769311E-02 -2.084166664729E-01  1.429736087798E-01 -2.263584676892E-01 -1.748285346853E-03  2.523104576930E-05 -2.762029289953E-06 -2.083717769687E-06  5.856092449660E-01 -2.523104576192E-05  4.796631167236E-03  3.645838577091E-20 -1.914850798812E-20  1.163684531806E-19 -1.361355555383E-02
  5.200000000000E+01  5.400000000000E+01  1.384526948609E+01  2.740937974273E-14 -9.239411077866E-03  1.940943033098E+02  5.181977584585E-01  8.015350992772E-01 -4.516109069272E-01 -3.294929688976E-03 -1.201691125629E-01  4.681103651190E+00  6.096810760354E-02 -1.983201560585E-01  1.373520484555E-01 -2.095334150756E-01 -1.988987398457E-03  1.017923965466E-05 -3.682099214458E-06 -2.652610470906E-06  5.474536640663E-01 -1.017923957397E-05  5.596212794083E-03  3.140876775708E-20 -1.675754020061E-21  1.194021232906E-19 -1.264030010409E-02
  5.600000000000E+01  5.800000000000E+01  1.397763664803E+01  3.064010337406E-14 -7.811016454790E-03  1.977637731758E+02  5.220709037930E-01  7.971898570118E-01 -4.507471711054E-01 -3.257801369486E-03 -1.010923461730E-01  4.566379901026E+00  5.671017202697E-02 -1.890959482394E-01  1.323857762118E-01 -1.949160111070E-01 -2.059775258187E-03 -4.626191247182E-06 -4.160707848090E-06 -1.078791207291E-05  5.140220861394E-01  4.626191254567E-06  5.836670587885E-03 -7.763754251921E-21  4.498301819457E-21  1.245088502261E-19 -1.178148487918E-02
  6.000000000000E+01  6.200000000000E+01  1.410223752108E+01  3.179826027778E-14 -6.328063177761E-03  2.012503265155E+02  5.251183720264E-01  7.922794251236E-01 -4.498414829422E-01 -3.246159717717E-03 -8.097678722182E-02  4.461092569919E+00  5.330576271562E-02 -1.811256718880E-01  1.278199091727E-01 -1.820704721219E-01 -2.023780358373E-03  2.843365729276E-05 -3.145773358592E-06  2.325263902107E-06  4.834518582865E-01 -2.843365742168E-05  5.534445378901E-03  3.213413873595E-20 -1.162713727113E-20  1.094989693870E-19 -1.099776147405E-02
  6.400000000000E+01  6.600000000000E+01  1.421936807742E+01  3.261242838282E-14 -5.033865346043E-03  2.045560858933E+02  5.276059085194E-01  7.873648949102E-01 -4.487956630488E-01 -3.191158432229E-03 -6.298759118885E-02  4.363911584909E+00  4.998518505186E-02 -1.737679309653E-01  1.237827459122E-01 -1.700408921434E-01 -1.961877301426E-03  2.023971175565E-05 -2.411834781249E-06  9.874241435949E-06  4.558104443247E-01 -2.023971174853E-05  5.169433130734E-03  4.298763789298E-20  1.081268623118E-20  1.220462118779E-19 -1.028812686227E-02
  6.800000000000E+01  7.000000000000E+01  1.433016961821E+01  3.411726341255E-14 -3.708402228826E-03  2.077070649052E+02  5.296507805305E-01  7.825759410002E-01 -4.476960543762E-01 -3.157172062186E-03 -4.410840837761E-02  4.273857132121E+00  4.714164822315E-02 -1.671632788291E-01  1.200216306067E-01 -1.594567594552E-01 -2.111577690180E-03  4.812943605346E-06 -2.951521932991E-06  3.268604071902E-06  4.321110766609E-01 -4.812943602565E-06  5.207258827315E-03  3.140041606507E-20 -9.143382759152E-21  1.106550463067E-19 -9.669585905846E-03
  7.200000000000E+01  7.400000000000E+01  1.443541871138E+01  3.646924855565E-14 -2.419131140386E-03  2.107216160873E+02  5.313454829274E-01  7.779294689041E-01 -4.465051794165E-01 -3.125144475204E-03 -2.511118276576E-02  4.188685422799E+00  4.450660854514E-02 -1.609880272557E-01  1.164814187101E-01 -1.500596631676E-01 -2.030976290803E-03 -2.380089912109E-06 -3.401049250442E-06 -1.205521809798E-06  4.109593763416E-01  2.380089917941E-06  5.316467339467E-03  4.230567320542E-20 -1.315727415891E-20  1.219712748184E-19 -9.119494733751E-03
  7.600000000000E+01  7.800000000000E+01  1.453561476058E+01  4.077180050463E-14 -1.057120559591E-03  2.136115660330E+02  5.327288237284E-01  7.741778446784E-01 -4.452262611257E-01 -3.066069761043E-03 -4.812665682669E-03  4.111635514217E+00  4.200736187378E-02 -1.551547393172E-01  1.131473774415E-01 -1.419243111630E-01 -1.818440258852E-03 -1.225140347409E-05 -2.764368996035E-06  1.063729077998E-05  3.915660575475E-01  1.225140354232E-05  5.340589554093E-03  7.029737759190E-21 -1.239372161270E-20  1.247686699480E-19 -8.631232172407E-03
  8.000000000000E+01  8.200000000000E+01  1.463116845706E+01  4.341351294660E-14  2.722944162405E-04  2.163864511716E+02  5.337893976925E-01  7.705959108161E-01 -4.439197541310E-01 -3.023277685030E-03  1.548236904909E-02  4.034910287559E+00  3.966705957563E-02 -1.496380387238E-01  1.099709791485E-01 -1.344538312893E-01 -1.676872686831E-03 -4.591889062055E-06 -9.912252365815E-07 -1.103548076086E-07  3.736267471374E-01  4.591888998582E-06  5.475017459557E-03  2.172609930425E-20 -1.611662837888E-20  1.241227858823E-19 -8.179105567484E-03
  8.400000000000E+01  8.600000000000E+01  1.472242253916E+01  4.622192725500E-14  1.664396183691E-03  2.190532197552E+02  5.345585207457E-01  7.672667030999E-01 -4.425682460928E-01 -2.958979867026E-03  3.666089419616E-02  3.965922505214E+00  3.756543536656E-02 -1.447764078237E-01  1.072109724576E-01 -1.274535218103E-01 -1.695574977352E-03  1.959342315757E-05  7.755281396879E-07 -4.095396387882E-06  3.572263130864E-01 -1.959342311021E-05  5.356872904038E-03  1.960590795680E-20 -8.736468837983E-21  1.087004314167E-19 -7.769298595697E-03
  8.800000000000E+01  9.000000000000E+01  1.480979771516E+01  5.262502897283E-14  2.929639680067E-03  2.216218403926E+02  5.350750651849E-01  7.647131890934E-01 -4.411358208822E-01 -2.887342921589E-03  5.659913439971E-02  3.902119881336E+00  3.572284157090E-02 -1.403164492070E-01  1.045936076374E-01 -1.211483832591E-01 -1.672076364041E-03  1.456896769775E-05  2.289955813140E-06  6.491461209522E-06  3.418236948689E-01 -1.456896769217E-05  5.907603567758E-03  3.802749640272E-20 -1.175378275384E-21  1.162061604341E-19 -7.396053808696E-03
  9.200000000000E+01  9.400000000000E+01  1.489337215936E+01  5.656679999989E-14  4.651381829246E-03  2.240930109257E+02  5.353841277708E-01  7.627108914617E-01 -4.396797862493E-01 -2.801704049835E-03  8.312293768286E-02  3.840523285091E+00  3.419558368184E-02 -1.362831553510E-01  1.020875716684E-01 -1.154138267500E-01 -2.040799183010E-03 -1.078525025342E-05  2.455341516443E-06  3.305485705215E-06  3.276696176987E-01  1.078525029192E-05  7.218445523910E-03  5.260639955326E-20  6.460730988755E-22  1.040644591038E-19 -7.045255290339E-03
  9.600000000000E+01  9.800000000000E+01  1.497366463565E+01  5.787315273999E-14  6.543350117417E-03  2.264797309227E+02  5.355219912292E-01  7.606948179676E-01 -4.382037520645E-01 -2.754347132489E-03  1.121644344350E-01  3.783587459536E+00  3.269534665619E-02 -1.326092768306E-01  9.991393017448E-02 -1.100700917973E-01 -2.280604392661E-03 -5.694642980464E-06  4.560590755955E-07  1.499623687887E-08  3.160919565095E-01  5.694642971283E-06  7.471046993414E-03  4.942114890921E-20  2.433365565800E-21  1.475934530271E-19 -6.732580748165E-03
  1.000000000000E+02  1.020000000000E+02  1.505139366062E+01  6.198216831281E-14  8.370695195425E-03  2.288014892551E+02  5.355240455288E-01  7.588551758649E-01 -4.366653892646E-01 -2.707464225696E-03  1.402621371115E-01  3.728361471684E+00  3.105270547955E-02 -1.289049042050E-01  9.785219872667E-02 -1.054916307313E-01 -2.112590351031E-03 -2.994013658837E-06 -9.573847925294E-07 -3.904744146025E-06  3.049506705226E-01  2.994013701265E-06  7.222315887990E-03  2.737078120778E-20 -8.740570605549E-21  1.085708809804E-19 -6.445419006282E-03
  1.040000000000E+02  1.060000000000E+02  1.512609994580E+01  6.393503989759E-14  1.016088555663E-02  2.310441585876E+02  5.353753037637E-01  7.574070350355E-01 -4.351420812700E-01 -2.660463210151E-03  1.681304386841E-01  3.676684454748E+00  2.947636220801E-02 -1.254256955321E-01  9.594933332428E-02 -1.009362846620E-01 -2.036904293598E-03 -1.612649892452E-05 -4.750841742283E-07 -4.667911558346E-06  2.933784966734E-01  1.612649889156E-05  6.966656793746E-03  5.211664150996E-20  3.232124897271E-21  1.080500805540E-19 -6.174823013273E-03
  1.080000000000E+02  1.100000000000E+02  1.519808284028E+01  6.260563846491E-14  1.184439600204E-02  2.332144118617E+02  5.350737462511E-01  7.558952315444E-01 -4.335231859684E-01 -2.620978837258E-03  1.947037743744E-01  3.625141157084E+00  2.812513742877E-02 -1.222011406605E-01  9.407600323235E-02 -9.665826703621E-02 -1.958004676166E-03  4.378663947752E-06  4.109816275609E-07 -3.039905372617E-06  2.826407971530E-01 -4.378663915450E-06  5.923294281399E-03  5.425219521989E-20 -5.533002382373E-21  1.326156278588E-19 -5.922079224104E-03
  1.120000000000E+02  1.140000000000E+02  1.526744073195E+01  6.362923734544E-14  1.311900025966E-02  2.353147190389E+02  5.346850731669E-01  7.539416825424E-01 -4.319522420918E-01 -2.587478561235E-03  2.153296970882E-01  3.576931760233E+00  2.699602336054E-02 -1.191374156880E-01  9.214139232796E-02 -9.282157341166E-02 -1.478746155086E-03  7.458703842629E-06  1.163036135720E-06 -4.091380164439E-06  2.729003616662E-01 -7.458703882032E-06  4.362968893374E-03  6.315367281272E-20 -1.025291258213E-20  1.007133190079E-19 -5.686552199461E-03
  1.160000000000E+02  1.180000000000E+02  1.533455756610E+01  6.408455611153E-14  1.404337968746E-02  2.373542211225E+02  5.342554490957E-01  7.515299231397E-01 -4.302827118335E-01 -2.521775207696E-03  2.307450566657E-01  3.528449611140E+00  2.588378074887E-02 -1.161758176777E-01  9.029203692921E-02 -8.913954189827E-02 -1.074568033217E-03  3.309199029520E-06  1.586381227260E-06  2.296988125681E-06  2.640248305020E-01 -3.309198972845E-06  3.310563111712E-03  4.759217323746E-20 -1.282804095325E-20  1.164007669504E-19 -5.465800358726E-03
  1.200000000000E+02  1.220000000000E+02  1.539948975114E+01  6.287800918680E-14  1.480077402882E-02  2.393355025581E+02  5.337619402244E-01  7.488928840262E-01 -4.286434987350E-01 -2.458125532826E-03  2.434973730907E-01  3.484612847966E+00  2.487005041922E-02 -1.134177802029E-01  8.854772978371E-02 -8.579823333924E-02 -8.304408336193E-04 -2.436588442352E-06  1.175070450872E-06  6.469836065812E-06  2.562225673234E-01  2.436588455049E-06  2.884817363394E-03  4.182333236959E-20  5.313660296310E-21  1.048939581222E-19 -5.268132435057E-03
  1.240000000000E+02  1.260000000000E+02  1.546268893195E+01  6.385400241690E-14  1.551053157294E-02  2.412714684595E+02  5.332307974937E-01  7.462739657898E-01 -4.269913477671E-01 -2.369431333197E-03  2.559337241690E-01  3.443921835891E+00  2.393882691067E-02 -1.108989836937E-01  8.696015678224E-02 -8.274124480147E-02 -9.475344489723E-04 -6.182915740582E-07  4.108022996087E-07 -3.759741342748E-06  2.491927902585E-01  6.182916308134E-07  2.887454056639E-03  6.788781298782E-20 -5.143916539189E-21  1.033431427573E-19 -5.075685212621E-03
  1.280000000000E+02  1.300000000000E+02  1.552407346220E+01  6.406068884631E-14  1.622647402749E-02  2.431600057247E+02  5.327138246126E-01  7.435163315243E-01 -4.253330354053E-01 -2.300193658014E-03  2.689486339340E-01  3.402325381153E+00  2.310397871522E-02 -1.084081927756E-01  8.530421406055E-02 -7.967906457234E-02 -9.129422352649E-04 -3.204507751392E-06  4.677758928561E-08 -2.602383579173E-06  2.416917104978E-01  3.204507675467E-06  2.215105502243E-03  5.729542806478E-20  1.410529612652E-21  1.077912661845E-19 -4.890620379153E-03
  1.320000000000E+02  1.340000000000E+02  1.558350168333E+01  6.238247812560E-14  1.659454578577E-02  2.449953428973E+02  5.322258391398E-01  7.406198598370E-01 -4.236239160347E-01 -2.230686444815E-03  2.765740994501E-01  3.361346137135E+00  2.215694973306E-02 -1.059245669930E-01  8.376761726062E-02 -7.689180365669E-02 -5.690852641405E-04 -7.264432582905E-06  8.450253698253E-07  3.552561375245E-06  2.346211411426E-01  7.264432658829E-06  1.161739297936E-03  7.986965130945E-20 -5.208533987794E-21  1.039423586028E-19 -4.720338269919E-03
  1.360000000000E+02  1.380000000000E+02  1.564138997315E+01  6.542009597166E-14  1.683469374091E-02  2.467893979921E+02  5.317301735897E-01  7.374599390280E-01 -4.219407663367E-01 -2.144081306979E-03  2.824638706506E-01  3.321098690321E+00  2.129805304706E-02 -1.035325579414E-01  8.223450489396E-02 -7.423801581026E-02 -4.210163540966E-04  1.195152397262E-05  1.960809556795E-06 -1.576425943279E-06  2.286319568667E-01 -1.195152403521E-05  1.909290773649E-04  5.973968029790E-20  5.653464527742E-21  1.069880574126E-19 -4.566400321637E-03
  1.400000000000E+02  1.420000000000E+02  1.569789528716E+01  6.947124637349E-14  1.671363573140E-02  2.485474745033E+02  5.311538198073E-01  7.340199085772E-01 -4.202298906239E-01 -2.070830393447E-03  2.827488087046E-01  3.282698352599E+00  2.058695783662E-02 -1.013296844398E-01  8.074272660241E-02 -7.181522466803E-02 -1.780121264849E-04  1.266170972215E-05  9.158138121811E-07  1.317655662488E-08  2.231400707119E-01 -1.266170958464E-05 -9.192763799035E-04  5.756046392736E-20  1.070661839939E-20  1.153542048393E-19 -4.420485546443E-03
  1.440000000000E+02  1.460000000000E+02  1.575301896287E+01  6.957398177541E-14  1.634747449088E-02  2.502692334293E+02  5.304833519051E-01  7.306182079225E-01 -4.185113574412E-01 -1.975005824411E-03  2.791337861922E-01  3.247477653873E+00  1.993902892275E-02 -9.920532636096E-02  7.926629743805E-02 -6.957448691866E-02 -6.020956376407E-05 -5.261047720869E-06 -1.524088971771E-06  2.698217749836E-06  2.177568832491E-01  5.261047721531E-06 -1.691183377114E-03  7.264661295750E-20  9.536675954293E-21  8.325994215795E-20 -4.286977819161E-03
  1.480000000000E+02  1.500000000000E+02  1.580674480862E+01  7.053414066647E-14  1.583379348137E-02  2.519529067629E+02  5.297792023807E-01  7.272207807487E-01 -4.167989156049E-01 -1.884262654919E-03  2.736408342825E-01  3.212037827867E+00  1.926828891769E-02 -9.706959837029E-02  7.780130945294E-02 -6.756690892456E-02  3.065536398313E-05  2.530635277844E-06 -2.468730311175E-06 -1.717313466965E-06  2.118156345360E-01 -2.530635223948E-06 -2.434428651278E-03  8.066139282416E-20  9.129192447920E-23  8.708751717689E-20 -4.149935780549E-03
  1.520000000000E+02  1.540000000000E+02  1.585889482180E+01  7.116880518792E-14  1.513204167040E-02  2.535921390814E+02  5.291006334877E-01  7.241928999168E-01 -4.150767926507E-01 -1.774133455666E-03  2.656385161476E-01  3.177522100607E+00  1.864016979462E-02 -9.507447480433E-02  7.643430500933E-02 -6.524103480983E-02  2.334104697094E-04  5.227669614980E-06 -2.371237595758E-06 -1.465068328305E-06  2.049411161441E-01 -5.227669631642E-06 -2.528477517674E-03  8.728748681735E-20 -8.286301916664E-21  1.001086530189E-19 -3.998475562116E-03
  1.560000000000E+02  1.580000000000E+02  1.590923466200E+01  7.009057483714E-14  1.457793671212E-02  2.551804062614E+02  5.284054279435E-01  7.214550073233E-01 -4.133696760522E-01 -1.664765435545E-03  2.601468621890E-01  3.145502626986E+00  1.793667421414E-02 -9.329311543645E-02  7.535644122232E-02 -6.271328593923E-02  1.079961135682E-04  6.068586852602E-06 -3.033955199442E-06  4.254162078038E-06  1.985335601573E-01 -6.068586815035E-06 -1.871204920140E-03  9.015043741887E-20  2.159076126752E-21  1.126356194660E-19 -3.854212750337E-03
  1.600000000000E+02  1.620000000000E+02  1.595815934556E+01  7.016059536009E-14  1.418294097644E-02  2.567284406991E+02  5.276124280650E-01  7.189276936776E-01 -4.115947044040E-01 -1.567209421849E-03  2.571642259823E-01  3.113012281929E+00  1.717618785546E-02 -9.143514558903E-02  7.425895773332E-02 -6.065273831862E-02  5.231903328965E-05  5.198501023141E-06 -3.699219638064E-06  1.681551471810E-06  1.933214529873E-01 -5.198501050530E-06 -1.501219382651E-03  7.571801505886E-20 -2.144005846753E-21  9.369045287611E-20 -3.728924426852E-03
  1.640000000000E+02  1.660000000000E+02  1.600587774114E+01  6.924238027568E-14  1.381190389516E-02  2.582430772087E+02  5.267405177597E-01  7.163337159573E-01 -4.098785697077E-01 -1.439228236304E-03  2.542613389919E-01  3.081557050721E+00  1.640921053127E-02 -8.963918254806E-02  7.322997201686E-02 -5.870898950821E-02  6.058863353356E-05  2.839701202365E-06 -4.038522058967E-06 -4.455707209657E-06  1.889252628639E-01 -2.839701209973E-06 -1.409281366521E-03  7.958734598019E-20  1.055447451784E-20  8.154158993553E-20 -3.613532215969E-03
  1.680000000000E+02  1.700000000000E+02  1.605261714541E+01  6.686370259912E-14  1.347625487123E-02  2.597305697325E+02  5.258325915896E-01  7.134690463087E-01 -4.081105057979E-01 -1.354128177458E-03  2.514606586965E-01  3.052374391965E+00  1.585204244466E-02 -8.789460644006E-02  7.204256399535E-02 -5.696175365329E-02  1.357028210380E-04  2.533230696505E-06 -4.470829105996E-06  2.552298225752E-06  1.847853637963E-01 -2.533230721657E-06 -1.904177896480E-03  9.430385957996E-20  4.822842331730E-21  1.058400136163E-19 -3.510635304279E-03
  1.720000000000E+02  1.740000000000E+02  1.609826238218E+01  6.692323567059E-14  1.285679021473E-02  2.611876230287E+02  5.248358534837E-01  7.101253977550E-01 -4.063396810174E-01 -1.229870368216E-03  2.436193434549E-01  3.022864336837E+00  1.543542228908E-02 -8.624413134118E-02  7.080870905223E-02 -5.533109523916E-02  3.841448614875E-04  7.071355428852E-06 -4.946384557846E-06 -1.621366621465E-06  1.812801408411E-01 -7.071355420322E-06 -2.245509083201E-03  1.013810150341E-19 -6.672219128450E-21  8.922811371716E-20 -3.417857314541E-03
  1.760000000000E+02  1.780000000000E+02  1.614324803133E+01  6.676047393942E-14  1.231671345077E-02  2.626276205964E+02  5.237361713866E-01  7.067339439355E-01 -4.045640074381E-01 -1.115377188045E-03  2.366296699358E-01  2.993468859764E+00  1.494127436591E-02 -8.464372516067E-02  6.970245079468E-02 -5.402755322014E-02  3.593711526892E-04  9.492622093637E-06 -5.475508230898E-06 -9.127208582292E-06  1.774630121985E-01 -9.492622106455E-06 -2.277246269060E-03  1.048776072782E-19  1.711175222578E-21  9.417237695393E-20 -3.323038519473E-03
  1.800000000000E+02  1.820000000000E+02  1.618699576390E+01  6.439841397412E-14  1.167519281055E-02  2.640312364905E+02  5.225822506792E-01  7.035198804520E-01 -4.028484433136E-01 -9.870097920138E-04  2.276575701468E-01  2.965407258195E+00  1.459010198238E-02 -8.317045678674E-02  6.858035480431E-02 -5.232516100753E-02  4.165648472491E-04 -3.077197209812E-06 -5.840788966079E-06 -5.103139119515E-06  1.734083067893E-01  3.077197227409E-06 -2.766785781762E-03  9.828807497208E-20 -6.814172757967E-21  8.755985447407E-20 -3.225312838015E-03
  1.840000000000E+02  1.860000000000E+02  1.622993746072E+01  6.347935906671E-14  1.092834113969E-02  2.654120771059E+02  5.214076462654E-01  7.002173131613E-01 -4.010200386177E-01 -8.602325347601E-04  2.166847948303E-01  2.936172570561E+00  1.416090326310E-02 -8.164319162608E-02  6.748228836242E-02 -5.089417302376E-02  5.130827923883E-04 -4.186953113133E-06 -5.204505858158E-06  1.383544574984E-06  1.685753375476E-01  4.186953102820E-06 -3.041044234323E-03  9.960705709453E-20 -8.421372820872E-21  9.215011071093E-20 -3.120901033833E-03
  1.880000000000E+02  1.900000000000E+02  1.627127906933E+01  6.319611620034E-14  1.017805490846E-02  2.667455474364E+02  5.202146021993E-01  6.970401708185E-01 -3.993460844352E-01 -7.445220823993E-04  2.050713579185E-01  2.908448772428E+00  1.380630241469E-02 -8.020456091074E-02  6.639825849604E-02 -4.904134008393E-02  4.838674111339E-04  6.959974961387E-06 -4.356792108306E-06  2.016945143902E-06  1.636732621596E-01 -6.959974959187E-06 -3.053443058110E-03  6.779530286026E-20  4.697197876610E-22  9.509873955650E-20 -3.025843242511E-03
  1.920000000000E+02  1.940000000000E+02  1.631180217279E+01  6.131173321504E-14  9.422752446771E-03  2.680551705849E+02  5.189903060205E-01  6.937678916017E-01 -3.974907789864E-01 -6.087216534317E-04  1.931532742215E-01  2.879970413517E+00  1.341127149534E-02 -7.870611461901E-02  6.529484312396E-02 -4.768833369840E-02  4.747997487542E-04 -4.345165218342E-06 -4.640479125549E-06 -9.858275499313E-06  1.598676770769E-01  4.345165212362E-06 -3.331410905219E-03  8.578741897419E-20 -9.350206327325E-21  7.449906249943E-20 -2.932321503091E-03
  1.960000000000E+02  1.980000000000E+02  1.635120794168E+01  5.935995972828E-14  8.507656309506E-03  2.693325488171E+02  5.177675740646E-01  6.910517609236E-01 -3.958429406224E-01 -4.689388347707E-04  1.785380195264E-01  2.856032498143E+00  1.303633216008E-02 -7.740602301750E-02  6.436969085780E-02 -4.616886415418E-02  3.914142403452E-04 -1.084884990606E-05 -4.594094406738E-06 -1.301297536453E-05  1.571016486032E-01  1.084884987430E-05 -3.545059749091E-03  1.041203101889E-19 -2.458457565320E-20  9.907159263635E-20 -2.841949934138E-03
  2.000000000000E+02  2.020600000000E+02  1.639032845818E+01  5.752607114620E-14  7.648104742343E-03  2.706025192525E+02  5.163540632533E-01  6.877686666559E-01 -3.939464853630E-01 -3.185086052014E-04  1.645106624229E-01  2.832900922222E+00  1.212687397128E-02 -7.492954657446E-02  6.280267260289E-02 -4.509012255791E-02  7.484010501877E-04  7.106124999245E-06 -3.349311188641E-06 -3.457349027433E-06  1.534471392971E-01 -7.106125014783E-06 -3.397061492488E-03  9.186477607775E-20 -2.621538718138E-20  7.305917115998E-20 -2.805410096572E-03
  2.041200000000E+02  2.062418000000E+02  1.643025088518E+01  5.509791424106E-14  6.770950423196E-03  2.719028763235E+02  5.148181837822E-01  6.844126341741E-01 -3.921110327922E-01 -1.627025089508E-04  1.498573530899E-01  2.814281282576E+00  1.115165320958E-02 -7.240273508844E-02  6.125108187929E-02 -4.469335746703E-02  6.708961800448E-04  5.772891084299E-06 -2.483915536084E-06 -3.560041928785E-06  1.509134325434E-01 -5.772891054300E-06 -3.216069405034E-03  9.155620092790E-20  5.851841915570E-21  8.221958474998E-20 -2.771543618428E-03
  2.083636000000E+02  2.105490540000E+02  1.647041342537E+01  5.319588581119E-14  5.933003344613E-03  2.732140201427E+02  5.131010498986E-01  6.808208220474E-01 -3.901631306870E-01 -4.964068040346E-06  1.358679433464E-01  2.791487617709E+00  1.028227017287E-02 -6.980236244883E-02  5.952009227564E-02 -4.395023518061E-02  7.132156775865E-04 -4.477286237224E-06 -2.798343608547E-06 -3.689512020917E-06  1.474223388739E-01  4.477286107369E-06 -2.578003099835E-03  7.195620732555E-20 -1.524052472333E-20  7.202696158215E-20 -2.715672627461E-03
  2.127345080000E+02  2.149855256200E+02  1.651079076786E+01  5.131548020123E-14  5.345411555748E-03  2.745359272405E+02  5.112304940068E-01  6.774323751429E-01 -3.882100875010E-01  1.724676878167E-04  1.256792502697E-01  2.771498412398E+00  9.337835188707E-03 -6.717537491407E-02  5.783753972519E-02 -4.301869739122E-02  5.865420646318E-04 -9.040943932507E-06 -2.963547576224E-06  3.420896594129E-06  1.440761337713E-01  9.040943985445E-06 -1.949310655025E-03  9.524989113647E-20 -2.368404277433E-20  8.390644439326E-20 -2.665984603451E-03
  2.172365432400E+02  2.195550913886E+02  1.655147116265E+01  4.911790265694E-14  4.849000405295E-03  2.758706932934E+02  5.092231595792E-01  6.739793714263E-01 -3.861219449261E-01  3.265163911315E-04  1.172522832872E-01  2.752884734599E+00  8.375561204258E-03 -6.449094662093E-02  5.611538541638E-02 -4.240238129916E-02  5.516565147138E-04 -3.013153095004E-06 -1.827880846806E-06  2.833175940786E-06  1.412804791482E-01  3.013153047746E-06 -1.878791499974E-03  1.011607427057E-19 -4.810240797232E-21  8.451542014857E-20 -2.628190023407E-03
  2.218736395372E+02  2.242617441303E+02  1.659268347452E+01  4.801780139595E-14  4.268380159760E-03  2.772263983739E+02  5.071047885392E-01  6.702164487134E-01 -3.840829851332E-01  4.949351287643E-04  1.081859317011E-01  2.733207762426E+00  7.456935219310E-03 -6.176310552285E-02  5.430617030345E-02 -4.170818587872E-02  6.788447984286E-04  4.151960649272E-06 -3.924559340141E-07 -3.357575066419E-06  1.382777705818E-01 -4.151960605214E-06 -2.244851154911E-03  8.547264135781E-20 -1.264409160499E-20  6.846251322298E-20 -2.583355264765E-03
  2.266498487233E+02  2.291095964542E+02  1.663405168512E+01  4.809523804246E-14  3.487643758579E-03  2.785902191639E+02  5.048681219442E-01  6.659335268316E-01 -3.819043774086E-01  6.428129988363E-04  9.571412105730E-02  2.714048068613E+00  6.441228577878E-03 -5.900367404512E-02  5.256244546702E-02 -4.086486703761E-02  8.315650017948E-04  1.144527867474E-06 -2.029553380687E-08 -2.637280143254E-06  1.348402057118E-01 -1.144527903607E-06 -3.101703732456E-03  1.230065653740E-19 -1.277682929586E-20  6.570553790870E-20 -2.532960131882E-03
  2.315693441850E+02  2.341028843478E+02  1.667561847746E+01  4.854844376627E-14  2.333732202646E-03  2.799643731451E+02  5.025049470211E-01  6.610882344530E-01 -3.796982793140E-01  8.166805289077E-04  7.686984621998E-02  2.694115321858E+00  5.433137415633E-03 -5.619340673700E-02  5.076026932083E-02 -4.012399829089E-02  1.148025371082E-03 -2.400935051783E-06 -1.819284918281E-07  3.886619539900E-06  1.313274660826E-01  2.400935066542E-06 -3.436648001471E-03  1.080916603262E-19 -6.856689311905E-22  5.365256159852E-20 -2.475943776314E-03
  2.366364245106E+02  2.392459708782E+02  1.671722518419E+01  4.870899343590E-14  1.304996282394E-03  2.813424460782E+02  4.999684594548E-01  6.560620004212E-01 -3.774539931370E-01  1.008438532011E-03  5.966279188302E-02  2.673386834474E+00  4.412563097836E-03 -5.320915647326E-02  4.879659337564E-02 -3.916011875101E-02  1.046901144723E-03  1.040024280305E-06 -5.933793555466E-08  5.121471971022E-06  1.285341711138E-01 -1.040024257163E-06 -2.425564205158E-03  1.436911227997E-19 -1.059125880194E-20  6.523283919525E-20 -2.427033286563E-03
  2.418555172459E+02  2.445433500046E+02  1.675945778982E+01  4.850686338420E-14  7.547906998101E-04  2.827437195705E+02  4.972419444628E-01  6.503656688335E-01 -3.751015613858E-01  1.216286713207E-03  4.995945656662E-02  2.654132640170E+00  3.337732097207E-03 -5.019929901580E-02  4.686156691881E-02 -3.855563171720E-02  8.047659970176E-04  1.920917042255E-06 -2.192944464340E-08  2.144893498122E-06  1.257979624991E-01 -1.920917029627E-06 -1.540594229286E-03  8.413844756631E-20 -9.240101138975E-21  5.059189780726E-20 -2.388874919605E-03
  2.472311827633E+02  2.499996505047E+02  1.680174639858E+01  4.850168140377E-14  2.745050869055E-04  2.841504400016E+02  4.943396369158E-01  6.445607025373E-01 -3.726763865426E-01  1.415306851129E-03  4.164412938878E-02  2.638653671075E+00  2.314437975208E-03 -4.742309020421E-02  4.510865222931E-02 -3.783603570978E-02  7.075453945019E-04 -2.798918860179E-07 -7.263802730863E-07 -2.116852748250E-06  1.226519241726E-01  2.798918687622E-07 -1.022860944536E-03  1.143994722210E-19 -1.179971034667E-20  4.717435203965E-20 -2.345106281472E-03
  2.527681182462E+02  2.556196400198E+02  1.684433076395E+01  4.901234944519E-14  5.183978285340E-05  2.855698946425E+02  4.913832438643E-01  6.390522653282E-01 -3.701950418494E-01  1.595053850964E-03  3.780935927453E-02  2.622451947764E+00  1.398512017216E-03 -4.454109961790E-02  4.314258760100E-02 -3.727120346835E-02  5.184936855874E-04 -6.732409769768E-07 -1.762726436862E-06 -2.969486566051E-06  1.194090831951E-01  6.732410135051E-07 -2.632792393358E-04  1.210279798729E-19 -4.838504313474E-21  3.486124339195E-20 -2.310260220959E-03
  2.584711617935E+02  2.614082292204E+02  1.688684654503E+01  4.950451666074E-14  9.169024708019E-05  2.869888252037E+02  4.884531065525E-01  6.335652613089E-01 -3.676282458904E-01  1.761090706635E-03  3.878285513777E-02  2.608025074296E+00  3.909471999482E-04 -4.151464156486E-02  4.112369436461E-02 -3.671624020630E-02  4.520390117153E-04 -3.739529640165E-07 -2.374724073574E-06  1.126670969423E-06  1.171266206502E-01  3.739529502506E-07  1.776588524630E-05  1.236835118209E-19 -3.415409847984E-21  4.136817176596E-20 -2.289897319706E-03
  2.643452966473E+02  2.673704760971E+02  1.693031635610E+01  4.929453792495E-14  8.596837115769E-05  2.884419643579E+02  4.855299434384E-01  6.278318934640E-01 -3.649549764113E-01  1.913833986314E-03  3.881481141447E-02  2.593742071736E+00 -5.214508204777E-04 -3.851392374251E-02  3.903537456306E-02 -3.652371763330E-02  4.535614314052E-04 -2.423440874310E-06 -2.534228079184E-06  4.865356698292E-07  1.146639525783E-01  2.423440870549E-06  1.997667121999E-05  9.754919967774E-20 -1.700011475420E-20  6.043364980844E-20 -2.257496223261E-03
  2.703956555468E+02  2.735115903800E+02  1.697355919304E+01  4.805005351938E-14  1.250510162786E-04  2.898915296021E+02  4.826675010037E-01  6.219746939488E-01 -3.622709955295E-01  2.100770321225E-03  3.889221698209E-02  2.582250819523E+00 -1.461131092388E-03 -3.552694870554E-02  3.698807979834E-02 -3.575575230437E-02  4.476730463559E-04 -1.278711348008E-06 -2.695872905380E-06 -1.333983490852E-06  1.121124505639E-01  1.278711325638E-06 -7.584925957582E-04  9.451886119943E-20 -5.485835169108E-21  3.205946800275E-20 -2.225363573027E-03
  2.766275252132E+02  2.798369380914E+02  1.701765216347E+01  4.651773866278E-14 -5.090858957729E-04  2.913732941759E+02  4.799209034529E-01  6.158536506464E-01 -3.594146669459E-01  2.225600727863E-03  2.752569126750E-02  2.571959156082E+00 -2.378062714954E-03 -3.259747063005E-02  3.497553334504E-02 -3.541406534390E-02  7.470923162840E-04 -3.646853249725E-07 -3.215908607893E-06 -1.591629367109E-07  1.099910346264E-01  3.646852948495E-07 -2.137260628442E-03  1.142710363669E-19 -1.906934445154E-20  3.664447273878E-20 -2.194390493206E-03
  2.830463509696E+02  2.863520462341E+02  1.706181191253E+01  4.575844318617E-14 -1.600988314200E-03  2.928604884388E+02  4.773087402581E-01  6.093013406928E-01 -3.565847601353E-01  2.405474272799E-03  6.709629781892E-03  2.560078797312E+00 -3.474049653410E-03 -2.944322993251E-02  3.291727958629E-02 -3.480037523151E-02  9.421772728729E-04 -2.487015553603E-07 -3.941542717141E-06  2.674745779043E-06  1.071612847064E-01  2.487015625120E-07 -2.867485089860E-03  9.247874602358E-20 -2.191144492550E-20  2.824839714713E-20 -2.155642914972E-03
  2.896577414987E+02  2.930626076211E+02  1.710621430326E+01  4.531872649140E-14 -2.893953173060E-03  2.943604633462E+02  4.746442765584E-01  6.028858420955E-01 -3.535735075235E-01  2.544923978395E-03 -1.752469038426E-02  2.554102986681E+00 -4.388104476648E-03 -2.655123574386E-02  3.093934022035E-02 -3.419472455538E-02  9.149716929280E-04 -2.122497506266E-06 -4.613169460702E-06  1.776871183333E-06  1.049148087020E-01  2.122497486201E-06 -3.101473214328E-03  1.084432945241E-19 -1.978418558350E-20  3.804466000937E-20 -2.123855950855E-03
  2.964674737436E+02  2.999744858498E+02  1.715111911793E+01  4.473026665499E-14 -4.258108193216E-03  2.958810916856E+02  4.719122253275E-01  5.965100511414E-01 -3.505987986160E-01  2.762894644150E-03 -4.285724977340E-02  2.549760144594E+00 -5.202735006695E-03 -2.373868826531E-02  2.894142327182E-02 -3.379892499297E-02  9.361093466651E-04  3.269322627930E-07 -4.557730038409E-06 -2.424839974154E-07  1.026544620201E-01 -3.269322717012E-07 -3.223221508412E-03  1.378163634194E-19 -1.011491208176E-20  2.740358226856E-20 -2.094101672075E-03
  3.034814979559E+02  3.070937204253E+02  1.719621216958E+01  4.423088111050E-14 -5.727926282379E-03  2.974125079802E+02  4.691482217808E-01  5.902325650858E-01 -3.473722417185E-01  2.876752623967E-03 -7.080271543469E-02  2.546221752544E+00 -6.172806551054E-03 -2.085167791967E-02  2.702448447092E-02 -3.319298174712E-02  1.074441667364E-03  1.816666528278E-06 -3.791010428395E-06 -1.644592450030E-06  9.952211844596E-02 -1.816666549998E-06 -3.442008105206E-03  1.032068812962E-19 -1.553782593564E-20  2.886652211417E-20 -2.053285723057E-03
  3.107059428946E+02  3.144265320380E+02  1.724100016177E+01  4.302858807106E-14 -7.370853478548E-03  2.989382312938E+02  4.663576856739E-01  5.834610961176E-01 -3.441942798890E-01  3.084165369264E-03 -1.023177288310E-01  2.545966519511E+00 -7.063544208655E-03 -1.793209237223E-02  2.499563658089E-02 -3.253435775758E-02  1.155482634841E-03  1.644446172971E-06 -3.238341966839E-06 -2.271261692936E-06  9.671259365558E-02 -1.644446184005E-06 -3.595538720340E-03  1.387006027120E-19 -3.081080969000E-20  2.950171942567E-20 -2.021809387408E-03
  3.181471211814E+02  3.219793279992E+02  1.728617838584E+01  4.045850922803E-14 -9.067725716938E-03  3.004789759171E+02  4.635576371769E-01  5.766294545991E-01 -3.408024132948E-01  3.191212296556E-03 -1.352192114226E-01  2.549450810694E+00 -7.884465731405E-03 -1.517165897795E-02  2.305612470932E-02 -3.216221446214E-02  1.111294585328E-03  2.995778586511E-06 -2.880439196626E-06 -1.274245367235E-06  9.436989709557E-02 -2.995778636067E-06 -3.787092271359E-03  1.125358977913E-19 -1.889129930404E-20  9.890220938378E-21 -1.997179581520E-03
  3.258115348169E+02  3.297587078391E+02  1.733141500375E+01  3.732859926835E-14 -1.097509064792E-02  3.020254032992E+02  4.607880944828E-01  5.692538769348E-01 -3.373776655505E-01  3.374900864709E-03 -1.709402885690E-01  2.548452234846E+00 -8.599801766787E-03 -1.232365040002E-02  2.092345216688E-02 -3.169627035014E-02  1.334265187985E-03  4.835066144100E-06 -2.625719536633E-06 -1.943206753641E-06  9.172436280011E-02 -4.835066137355E-06 -4.502133416285E-03  1.142726762154E-19 -2.889882512311E-20  8.434480242755E-21 -1.962475383789E-03
  3.337058808614E+02  3.377714690743E+02  1.737669946411E+01  3.419270191059E-14 -1.348213737255E-02  3.035772535939E+02  4.579545583506E-01  5.620728835319E-01 -3.338004400770E-01  3.478531177719E-03 -2.175151517292E-01  2.551094500186E+00 -9.423866128206E-03 -9.452160536462E-03  1.887602666461E-02 -3.116940633298E-02  1.482046553202E-03  3.654817266058E-06 -2.270609845633E-06 -3.708767555336E-07  8.958970684910E-02 -3.654817295760E-06 -5.952675582021E-03  9.721120749539E-20 -1.750886519317E-20  4.893586744598E-21 -1.945437114004E-03
  3.418370572872E+02  3.460246131465E+02  1.742246693991E+01  3.211381009206E-14 -1.700044484344E-02  3.051458789792E+02  4.548396149915E-01  5.550358345043E-01 -3.301195689248E-01  3.595344115466E-03 -2.814571277689E-01  2.555857309109E+00 -1.028451483872E-02 -6.692647593111E-03  1.697716243184E-02 -3.099269269207E-02  1.905465814496E-03  2.448841919578E-06 -1.403461920257E-06 -2.988892926258E-07  8.701511767922E-02 -2.448841921080E-06 -7.724212522357E-03  8.534765094226E-20 -2.273143131323E-20 -1.188776578290E-20 -1.911954531482E-03
  3.502121690058E+02  3.545253515409E+02  1.746778207077E+01  3.126675994213E-14 -2.154715539066E-02  3.067033840060E+02  4.514132694342E-01  5.468392744026E-01 -3.262938637867E-01  3.718572237269E-03 -3.633721233617E-01  2.565742740254E+00 -1.113433480169E-02 -3.871042606033E-03  1.500537740738E-02 -3.024273213030E-02  2.322294231917E-03 -1.078112359942E-07 -3.511063595976E-07 -1.808844251595E-06  8.425065073524E-02  1.078112204705E-07 -9.387172806534E-03  1.017653234722E-19 -3.264657590486E-20 -1.522804097159E-20 -1.877986440204E-03
  3.588385340760E+02  3.632811120872E+02  1.751330668872E+01  3.067790722699E-14 -2.711447923529E-02  3.082713087063E+02  4.477045540665E-01  5.383640317865E-01 -3.223928629576E-01  3.801582816254E-03 -4.622255013475E-01  2.573369637680E+00 -1.203668277812E-02 -1.152109429472E-03  1.318879220736E-02 -2.980983146173E-02  2.827521484374E-03  2.278789315601E-08  5.162818243673E-07 -2.301529181091E-06  8.040641122626E-02 -2.278790610985E-08 -1.089383313616E-02  1.088824439798E-19 -4.220364676949E-20 -1.362360618423E-20 -1.829575149877E-03
  3.677236900983E+02  3.722995454498E+02  1.755709340943E+01  3.059337368219E-14 -3.365257880504E-02  3.097838173936E+02  4.438101257806E-01  5.304210173486E-01 -3.183285169448E-01  3.970172324650E-03 -5.771257385855E-01  2.581294316738E+00 -1.278928912043E-02  1.278962840070E-03  1.151032628044E-02 -2.867424668710E-02  2.981771751880E-03 -2.687736524067E-07  1.517596060693E-06 -2.069821658335E-06  7.669231776030E-02  2.687736541131E-07 -1.143536146671E-02  1.010825514737E-19 -3.421399896557E-20 -1.588765648943E-20 -1.782528672109E-03
  3.768754008012E+02  3.815885318133E+02  1.760107445328E+01  3.056728636845E-14 -4.021993618433E-02  3.113051722726E+02  4.398978508106E-01  5.238261481668E-01 -3.141672094553E-01  4.093534091475E-03 -6.934755545533E-01  2.595970273439E+00 -1.335011654868E-02  3.767012108171E-03  9.583104440874E-03 -2.848582444133E-02  3.115030274663E-03 -1.166961978162E-06  2.353341806369E-06 -1.793974429379E-06  7.487445172278E-02  1.166961984635E-06 -1.112789295008E-02  1.092464187412E-19 -2.986809309296E-20 -1.451616165338E-20 -1.765644203631E-03
  3.863016628253E+02  3.911561877677E+02  1.764532208906E+01  2.920326393901E-14 -4.679505524017E-02  3.128377137102E+02  4.358687119440E-01  5.167060402200E-01 -3.099020692903E-01  4.251762454638E-03 -8.113180728512E-01  2.613973092799E+00 -1.412638104856E-02  6.334931686108E-03  7.791449362238E-03 -2.806098082656E-02  3.002285131732E-03 -3.457867929246E-06  2.746087811867E-06 -1.423276793550E-06  7.296498701362E-02  3.457867913161E-06 -1.008033482111E-02  1.178415249664E-19 -2.516915457418E-20 -1.439826244127E-20 -1.748656908949E-03
  3.960107127100E+02  4.010108734007E+02  1.768959367187E+01  2.774074510323E-14 -5.248286323140E-02  3.143741152214E+02  4.315480272787E-01  5.100109227441E-01 -3.054448666707E-01  4.352671560121E-03 -9.147230760572E-01  2.633429058443E+00 -1.488414564109E-02  8.686504498921E-03  6.197641142159E-03 -2.782433222330E-02  2.593493728928E-03 -2.709628065996E-06  3.087859077618E-06  4.383180656489E-07  7.124574528055E-02  2.709628049902E-06 -9.236531050753E-03  8.307579332657E-20 -3.119576657425E-20 -2.922133793764E-20 -1.732274679700E-03
  4.060110340913E+02  4.111611996027E+02  1.773435645372E+01  2.858566197697E-14 -5.835788740657E-02  3.159314919424E+02  4.269500964936E-01  5.029949057537E-01 -3.008255581478E-01  4.462349982417E-03 -1.021586674385E+00  2.654265687980E+00 -1.547277107881E-02  1.103530667097E-02  4.437464407467E-03 -2.753848987459E-02  2.590717428476E-03 -2.053106901808E-06  3.270099422530E-06 -8.918852421426E-08  6.828928307039E-02  2.053106919592E-06 -7.815440924580E-03  8.916561953782E-20 -3.793348141724E-20 -2.073339766146E-20 -1.690532697379E-03
  4.163113651141E+02  4.216160355908E+02  1.777751684925E+01  3.030673455251E-14 -6.253788969139E-02  3.174363999749E+02  4.218520695685E-01  4.965767550441E-01 -2.960417581248E-01  4.541445234220E-03 -1.099331272091E+00  2.678164403880E+00 -1.611902811517E-02  1.328260688853E-02  2.836421226962E-03 -2.656257109277E-02  1.976809257641E-03 -3.556729426003E-07  3.031570179082E-06  1.761207998166E-06  6.502473567396E-02  3.556729464047E-07 -6.632269691736E-03  9.894369115236E-20 -2.590995447595E-20 -2.427222229588E-20 -1.641812395564E-03
  4.269207060675E+02  4.323845166585E+02  1.782061225001E+01  3.149631532147E-14 -6.714512899341E-02  3.189420237017E+02  4.162267278895E-01  4.903260793150E-01 -2.911552986435E-01  4.509650652457E-03 -1.184743131960E+00  2.707903636144E+00 -1.693689751775E-02  1.570770632690E-02  1.229191190698E-03 -2.595204720984E-02  2.046593160388E-03 -7.489843534492E-07  2.301852239179E-06  2.221272963544E-06  6.172637473673E-02  7.489843729671E-07 -5.575987708229E-03  9.654863856818E-20 -2.329780382484E-20 -2.717049058876E-20 -1.587484739357E-03
  4.378483272495E+02  4.434760521583E+02  1.786187165415E+01  3.304681542883E-14 -7.014876024796E-02  3.203853467966E+02  4.102920212876E-01  4.846856411897E-01 -2.859153775283E-01  4.595759291635E-03 -1.241874897133E+00  2.741767610932E+00 -1.760157133316E-02  1.790218730562E-02 -3.006159724600E-04 -2.492789654834E-02  1.506318203461E-03 -1.908283986656E-06  1.503759956876E-06  1.633516942878E-06  6.046627789867E-02  1.908283974806E-06 -3.954124142324E-03  9.246827470603E-20 -2.746085105805E-20 -3.586905770790E-20 -1.568755150825E-03
  4.491037770670E+02  4.549003337230E+02  1.790570266586E+01  3.475792404184E-14 -7.269406602317E-02  3.219248400751E+02  4.038307955149E-01  4.794629523513E-01 -2.807267178566E-01  4.661768682612E-03 -1.293785868036E+00  2.779951904309E+00 -1.823476537235E-02  2.016807106355E-02 -1.933305691075E-03 -2.547666286678E-02  1.496258330545E-03  8.820332999011E-07  1.506960287969E-06  1.274903602458E-06  6.084934847088E-02 -8.820332726475E-07 -4.061671995771E-03  1.000718106157E-19 -2.517207818996E-20 -3.602150031876E-20 -1.611349193676E-03
  4.606968903790E+02  4.666673437347E+02  1.795005388698E+01  3.504003294116E-14 -7.601676097890E-02  3.234818118248E+02  3.968538348522E-01  4.737684556860E-01 -2.751537435664E-01  4.676534205733E-03 -1.358330176291E+00  2.816378532081E+00 -1.872340322445E-02  2.225447083450E-02 -3.531067609993E-03 -2.598178480803E-02  1.726748223773E-03 -3.042726112007E-07  1.804491372770E-06  2.689522138722E-06  6.016643641205E-02  3.042726213637E-07 -3.536570567068E-03  1.328899020369E-19 -2.690985938154E-20 -3.298034036092E-20 -1.631083988863E-03
  4.726377970904E+02  4.787873640468E+02  1.799551326728E+01  3.256126719526E-14 -7.797942127500E-02  3.250846808118E+02  3.895848678296E-01  4.678017289306E-01 -2.694623557936E-01  4.755883074305E-03 -1.397321992852E+00  2.855504606191E+00 -1.928443329552E-02  2.425534865708E-02 -4.970915361670E-03 -2.616329433245E-02  1.252375192683E-03  1.138768682865E-06  1.629974625035E-06  2.619072436015E-06  6.004796758041E-02 -1.138768699915E-06 -2.385447537456E-03  1.066457187030E-19 -4.503310196286E-20 -2.276176382254E-20 -1.637301922331E-03
  4.849369310031E+02  4.912709849682E+02  1.804234728257E+01  2.754722636343E-14 -7.971212633276E-02  3.267352976681E+02  3.821656412244E-01  4.619052820592E-01 -2.634643515968E-01  4.725479785630E-03 -1.432062524312E+00  2.897950107278E+00 -1.965360453554E-02  2.612178986529E-02 -6.468185329358E-03 -2.636983435543E-02  9.440541557073E-04 -4.177084436088E-07  1.188077384201E-06  5.092272696645E-06  5.921144177861E-02  4.177084331388E-07 -2.425024190588E-03  9.634741225833E-20 -3.296924442479E-20 -4.802014537271E-20 -1.647059577219E-03
  4.976050389332E+02  5.041291145172E+02  1.808923824618E+01  1.984784139703E-14 -8.181785796365E-02  3.283948755976E+02  3.746419514831E-01  4.535783049262E-01 -2.574597342037E-01  4.769781813742E-03 -1.471919152354E+00  2.936763312685E+00 -2.004407030559E-02  2.790199751389E-02 -7.857927208264E-03 -2.626948586690E-02  1.128487067894E-03  1.089947534090E-06  1.310144279166E-06  4.708354793460E-06  5.691721739550E-02 -1.089947566474E-06 -2.464457684446E-03  1.052430389023E-19 -3.226969053649E-20 -2.486584355395E-20 -1.620336657082E-03
  5.106531901012E+02  5.173729879527E+02  1.813515684339E+01  1.368175509229E-14 -8.371829099859E-02  3.300231669809E+02  3.670944923744E-01  4.472340096198E-01 -2.510065422988E-01  4.802801549937E-03 -1.508710803576E+00  2.981623776745E+00 -2.034590839429E-02  2.941014424140E-02 -9.064235846762E-03 -2.567991601274E-02  1.275716817341E-03  2.916553505100E-06  1.321468057971E-06  3.825717274933E-07  5.639205685326E-02 -2.916553525181E-06 -5.012067776250E-04  1.078255274165E-19 -3.292237300834E-20 -1.130276965687E-20 -1.620025475532E-03
  5.240927858042E+02  5.310141775913E+02  1.818396650095E+01  1.179606043920E-14 -8.265222948939E-02  3.317603992810E+02  3.592049648705E-01  4.411588051900E-01 -2.444305301504E-01  4.820432613670E-03 -1.492360603608E+00  3.024867045067E+00 -2.030206132054E-02  3.076085812583E-02 -1.045879680541E-02 -2.627525208862E-02  3.990575625403E-04  2.823491774750E-06  7.733265208441E-07  3.548161280268E-07  5.677270004088E-02 -2.823491780093E-06  7.227228944214E-04  1.024272673319E-19 -2.532386671663E-20 -2.846019116554E-20 -1.653257328500E-03
  5.379355693784E+02  5.450646029190E+02  1.823340920346E+01  1.074354891798E-14 -8.243929266294E-02  3.335225262501E+02  3.508098503839E-01  4.325509576099E-01 -2.374758047549E-01  4.878992283660E-03 -1.492651956104E+00  3.079953299457E+00 -2.037029045422E-02  3.213985875407E-02 -1.176956829975E-02 -2.669430190736E-02  2.987320087445E-04  3.198226199719E-06  5.844510779646E-07  1.770755226459E-07  5.666659415070E-02 -3.198226203307E-06  1.187409563917E-03  9.658899004546E-20 -3.034732588347E-20 -3.250659335692E-20 -1.691439574732E-03
  5.521936364597E+02  5.595365410066E+02  1.828500510644E+01  8.211044474557E-15 -8.053110052297E-02  3.353694299295E+02  3.420483328315E-01  4.261638796921E-01 -2.305615077420E-01  4.992664976524E-03 -1.461504628757E+00  3.142489222039E+00 -2.047868198090E-02  3.372023000577E-02 -1.324154802479E-02 -2.733711047462E-02 -1.236501602048E-04  1.595272360934E-06  4.627310213476E-07  7.904094080085E-07  5.635288689977E-02 -1.595272366810E-06  2.341079298657E-03  1.094466862866E-19 -3.821025529930E-20 -8.764732630227E-21 -1.720092507125E-03
  5.668794455535E+02  5.743794455535E+02  1.833689245725E+01  5.209239868168E-15 -7.816858472484E-02  3.372294697811E+02  3.335100944847E-01  4.168973950452E-01 -2.231582965896E-01  4.982498817189E-03 -1.421711794178E+00  3.167432855381E+00 -2.052115142972E-02  3.434593704788E-02 -1.382478561807E-02 -2.744763162807E-02 -5.758159808251E-04 -1.435177270950E-06 -1.202731594721E-07  4.788933320348E-07  5.491545981219E-02  1.435177258844E-06  3.236144233000E-03  9.593961990029E-20 -3.391472553912E-20 -2.802048701914E-20 -1.693651217704E-03
  5.818794455535E+02  5.893794455535E+02  1.838795742401E+01  3.387359114269E-15 -7.447911641273E-02  3.390679132405E+02  3.257403728669E-01  4.083851307201E-01 -2.156952529495E-01  5.058772815548E-03 -1.359216958520E+00  3.126499589387E+00 -1.972723129465E-02  3.322014892354E-02 -1.349291762897E-02 -2.650045184982E-02 -8.636828782037E-04 -1.628656946202E-06 -7.707242639306E-07  2.541837571800E-07  5.447023851813E-02  1.628656940405E-06  3.627814794003E-03  1.029937287972E-19 -2.492737334443E-20 -4.361198221900E-20 -1.656751937901E-03
  5.968794455535E+02  6.043794455535E+02  1.843899857678E+01  2.293777364229E-15 -7.136990411446E-02  3.409051597665E+02  3.181494675780E-01  3.986984560173E-01 -2.081036471975E-01  5.051038899680E-03 -1.305442300445E+00  3.089980118147E+00 -1.934016783623E-02  3.269268440823E-02 -1.335251657189E-02 -2.646402155844E-02 -6.271021275962E-04 -1.818621394284E-06 -1.384336966566E-06 -1.751373275878E-06  5.406269904606E-02  1.818621388808E-06  2.256257835531E-03  9.581001300573E-20 -2.648637069877E-20 -2.444682598525E-20 -1.638540204225E-03
  6.118794455535E+02  6.193794455535E+02  1.848931655266E+01  5.480383218996E-16 -7.023583805178E-02  3.427261526014E+02  3.106264213319E-01  3.885248204281E-01 -2.003661442711E-01  5.269845331424E-03 -1.289403335957E+00  3.056718577013E+00 -1.905736514006E-02  3.225480134883E-02 -1.319743620901E-02 -2.590299709432E-02 -3.941985168090E-04 -1.562513817582E-06 -2.340945987365E-06 -2.777372492402E-06  5.394868099831E-02  1.562513817689E-06  1.589712183795E-03  1.018564143214E-19 -4.333086291717E-20 -2.944959943934E-20 -1.607029888110E-03
  6.268794455535E+02  6.343794455535E+02  1.854014308673E+01 -7.043583020080E-16 -6.838123706983E-02  3.445693939298E+02  3.033349618083E-01  3.792425762991E-01 -1.927752418631E-01  5.112165345344E-03 -1.262155084337E+00  3.018400023456E+00 -1.870607418079E-02  3.161626518539E-02 -1.291019100444E-02 -2.553630221556E-02 -6.527718547538E-04 -2.099485959661E-06 -2.716607728588E-06 -5.260188341572E-07  5.412042448692E-02  2.099485959149E-06  1.197363484057E-03  9.802396089175E-20 -4.174144623473E-20 -3.030749026252E-20 -1.574202296498E-03
  6.418794455535E+02  6.493794455535E+02  1.859077760216E+01 -3.185881463155E-16 -6.799528246912E-02  3.464172168229E+02  2.964331961687E-01  3.702146268897E-01 -1.848428051896E-01  5.190486818056E-03 -1.261641769447E+00  2.972646235551E+00 -1.831786824355E-02  3.068571186987E-02 -1.236784362615E-02 -2.470792989093E-02 -6.653633634820E-04 -1.522040469759E-06 -2.310349096072E-06  8.640979278892E-08  5.242067802928E-02  1.522040480199E-06  1.379925728681E-04  8.251817896656E-20 -2.655448122456E-20 -3.493279172932E-20 -1.510215559351E-03
  6.568794455535E+02  6.643794455535E+02  1.863842243502E+01 -1.809409465430E-16 -6.811779389361E-02  3.481587586654E+02  2.897576181709E-01  3.609945939273E-01 -1.772589788249E-01  5.131514531816E-03 -1.267883305693E+00  2.921191800023E+00 -1.792265177364E-02  2.979788533127E-02 -1.187523355719E-02 -2.361553005353E-02 -1.111569445144E-04 -9.238640638340E-08 -2.091938276304E-06 -8.089034153734E-07  5.121643584713E-02  9.238639967034E-08 -1.313826772489E-03  8.253421275137E-20 -3.048248391943E-20 -2.429481222121E-20 -1.460039578784E-03
  6.718794455535E+02  6.793794455535E+02  1.868682563315E+01 -1.231198203646E-15 -7.045558083053E-02  3.499323957772E+02  2.830083629309E-01  3.515752841810E-01 -1.692729928313E-01  5.141074784805E-03 -1.316354861785E+00  2.885003796429E+00 -1.757910153649E-02  2.929635648930E-02 -1.171725495282E-02 -2.323168803921E-02  8.069946519674E-04 -2.370675572136E-07 -2.235335322361E-06 -2.982756650863E-06  5.095005995990E-02  2.370675616956E-07 -2.038265414432E-03  8.514581587392E-20 -3.160665909345E-20 -2.638858185110E-20 -1.430007895973E-03
  6.868794455535E+02  6.943794455535E+02  1.873397461821E+01 -1.600634880715E-15 -7.194934646836E-02  3.516665147945E+02  2.760049104081E-01  3.446262885872E-01 -1.615807987798E-01  5.088747446376E-03 -1.346650570034E+00  2.845181720609E+00 -1.735580407328E-02  2.868081261966E-02 -1.132500854638E-02 -2.246673444997E-02  5.784759050471E-04  7.647985477845E-07 -2.052112140913E-06 -2.484846299759E-06  5.001672520023E-02 -7.647985472074E-07 -1.284422726156E-03  7.953557256264E-20 -1.458315302875E-20 -2.872833179229E-20 -1.386502713123E-03
  7.018794455535E+02  7.093794455535E+02  1.878059621615E+01 -4.128269268678E-16 -7.287282368286E-02  3.533858274572E+02  2.689323675422E-01  3.349826221047E-01 -1.536928912084E-01  5.145452388603E-03 -1.368482410861E+00  2.807847882016E+00 -1.711589670461E-02  2.825257086143E-02 -1.113667415720E-02 -2.182135672859E-02  2.848966142596E-04  1.699517928933E-06 -1.036808218389E-06 -1.438970267092E-06  4.947811082374E-02 -1.699517913984E-06  3.543178086485E-04  5.291195909535E-20 -1.470240436618E-20 -3.828384131207E-20 -1.352409099378E-03
  7.168794455535E+02  7.243794455535E+02  1.882673265118E+01 -3.528071389723E-16 -7.127338290048E-02  3.550882230004E+02  2.618494403435E-01  3.264849943286E-01 -1.457924496503E-01  4.935538329022E-03 -1.339865301915E+00  2.763978818483E+00 -1.665571740887E-02  2.731578271739E-02 -1.066006530874E-02 -2.146133357713E-02 -4.714911041518E-04  1.037566151602E-06 -2.103094681676E-07 -9.321964894541E-07  4.941526855600E-02 -1.037566157663E-06  3.336503747308E-03  7.948678110043E-20 -2.518564670043E-20 -2.941722753618E-20 -1.322677761127E-03
  7.318794455535E+02  7.393794455535E+02  1.887325088116E+01 -1.170439775915E-15 -6.658955379743E-02  3.568109302841E+02  2.542563794868E-01  3.170967876275E-01 -1.377616711860E-01  4.901434884076E-03 -1.255818486387E+00  2.722670885243E+00 -1.645595127415E-02  2.683924696099E-02 -1.038329568681E-02 -2.091643249332E-02 -1.066400313401E-03 -2.494995447057E-07  1.197369628904E-07 -1.907550843242E-06  4.951534224184E-02  2.494995478475E-07  3.237903619148E-03  5.615930470275E-20 -2.803375956948E-20 -3.809951915691E-20 -1.292958933617E-03
  7.468794455535E+02  7.543794455535E+02  1.891956886881E+01 -2.031777867334E-15 -6.519917516440E-02  3.585340021192E+02  2.464934031298E-01  3.106399235475E-01 -1.298795882550E-01  4.663146114921E-03 -1.231436357892E+00  2.678828554221E+00 -1.587963427897E-02  2.609424976047E-02 -1.021461548137E-02 -2.043790948684E-02 -4.546657429120E-04  1.189581617571E-07  1.130025366414E-06 -3.217760481041E-06  4.929544995543E-02 -1.189581704578E-07  1.982893452372E-03  5.749477230657E-20 -2.965225387221E-20 -3.376608423879E-20 -1.262949287186E-03
  7.618794455535E+02  7.693794455535E+02  1.896567682845E+01 -3.013494103777E-15 -6.290154152200E-02  3.602519798303E+02  2.386352377556E-01  3.026173034226E-01 -1.218808959179E-01  4.474459783596E-03 -1.192720240599E+00  2.639625852175E+00 -1.543319985844E-02  2.557684631206E-02 -1.014364645326E-02 -1.998230258714E-02 -5.272185555197E-04 -9.589424228939E-07  1.957343009027E-06 -1.149006198395E-06  4.880118528655E-02  9.589424290066E-07  3.855493251309E-03  5.204755494216E-20 -1.785228778129E-20 -4.253816506805E-20 -1.236232220073E-03
  7.768794455535E+02  7.843794455535E+02  1.901108021412E+01 -3.088043475850E-15 -5.799195711035E-02  3.619486576676E+02  2.302250908315E-01  2.955736005203E-01 -1.139603097635E-01  4.455411658683E-03 -1.104685524070E+00  2.599010523975E+00 -1.499335756344E-02  2.495739590481E-02 -9.964038341088E-03 -1.944845525952E-02 -1.135319626914E-03 -1.457278081721E-07  1.882579778049E-06  1.026153932067E-06  4.823115029065E-02  1.457278114187E-07  4.347382166599E-03  5.095493120053E-20 -2.410135832041E-20 -3.674864791308E-20 -1.200043216045E-03
  7.918794455535E+02  7.993794455535E+02  1.905612424998E+01 -3.052747959657E-15 -5.474606848853E-02  3.636354139479E+02  2.210430076070E-01  2.896323458826E-01 -1.060676540327E-01  4.111052409648E-03 -1.049160395763E+00  2.556206141375E+00 -1.464136309936E-02  2.429643280241E-02 -9.655069702810E-03 -1.900346967893E-02 -1.000580905046E-03  1.584217217156E-06  1.530039152468E-06  8.322427817594E-07  4.716802364722E-02 -1.584217228959E-06  4.997659167255E-03  4.785763157225E-20 -1.587382047579E-20 -3.248729665805E-20 -1.167606630896E-03
  8.068794455535E+02  8.143794455535E+02  1.909952281780E+01 -3.190036898374E-15 -4.861312327033E-02  3.652683637608E+02  2.115283607257E-01  2.832102953794E-01 -9.813167135807E-02  4.026247178214E-03 -9.362770745707E-01  2.513043441934E+00 -1.431429000249E-02  2.358201043211E-02 -9.267720429759E-03 -1.818718626941E-02 -1.766434617283E-03  9.096201643202E-07  1.215581211661E-06  5.262935862610E-07  4.539735225170E-02 -9.096201561255E-07  7.132719319194E-03  5.623297066006E-20 -2.049141103999E-20 -3.877992022164E-20 -1.100872431873E-03
  8.218794455535E+02  8.293794455535E+02  1.914122578110E+01 -2.468039417584E-15 -4.138137373704E-02  3.668405480108E+02  2.015447041462E-01  2.739581187902E-01 -9.023981580483E-02  3.715602351916E-03 -8.008201440278E-01  2.469771845333E+00 -1.393004948403E-02  2.283216774754E-02 -8.902118263471E-03 -1.700676530205E-02 -1.911302313231E-03  4.221550339432E-07  1.221264164593E-06  2.873393686490E-07  4.333289331153E-02 -4.221550318601E-07  7.132142799938E-03  5.176571018359E-20 -1.219421358369E-20 -4.377554713854E-20 -1.019903653722E-03
  8.368794455535E+02  8.443794455535E+02  1.918076737994E+01 -2.440854170710E-15 -3.525446555602E-02  3.683342733574E+02  1.903799915870E-01  2.647113461528E-01 -8.235975600632E-02  3.654610448183E-03 -6.838622662985E-01  2.417194221871E+00 -1.362101792908E-02  2.223616846002E-02 -8.615150530853E-03 -1.566152239779E-02 -1.593332574583E-03 -4.238480379149E-07  1.493143739222E-06  1.519345626539E-07  4.010066966477E-02  4.238480438018E-07  5.566713764375E-03  5.406292540437E-20 -2.922485025693E-21 -3.061991375404E-20 -9.422349694223E-04
  8.518794455535E+02  8.593794455535E+02  1.921643129752E+01 -3.876926661328E-15 -3.094100000914E-02  3.696806778742E+02  1.779059773277E-01  2.574302048587E-01 -7.442900634476E-02  3.327650613231E-03 -6.016734443420E-01  2.367342781104E+00 -1.349652188350E-02  2.174102018911E-02 -8.244498305533E-03 -1.433979052056E-02 -9.877467941625E-04 -3.814623785223E-07  1.691870155023E-06 -5.073401637578E-07  3.613746691470E-02  3.814623757758E-07  4.168166565780E-03  5.240626670799E-20 -3.468648915100E-21 -4.538752880974E-20 -8.477956329777E-04
  8.668794455535E+02  8.743794455535E+02  1.924853685622E+01 -5.153278714308E-15 -2.742216130076E-02  3.708956846864E+02  1.644224484365E-01  2.493025977702E-01 -6.664781779674E-02  3.175876195729E-03 -5.338786796953E-01  2.322456678308E+00 -1.319979735029E-02  2.120701314149E-02 -8.007215791203E-03 -1.283498853583E-02 -7.771884614082E-04 -2.937821319401E-07  1.224437110188E-06 -2.741573534006E-07  3.226679757573E-02  2.937821451061E-07  3.339948690199E-03  4.108819440044E-20 -8.138781260247E-21 -3.619727001489E-20 -7.573500792332E-04
  8.818794455535E+02  8.893794455535E+02  1.927693343366E+01 -5.188583797456E-15 -2.466524423755E-02  3.719718838115E+02  1.500846981698E-01  2.426676302604E-01 -5.872405097644E-02  2.834209024442E-03 -4.791344203388E-01  2.274016648729E+00 -1.285437412772E-02  2.051506325740E-02 -7.660689129951E-03 -1.143780486691E-02 -4.969297738553E-04 -5.207669386252E-07  1.748599395644E-07 -5.463723686824E-07  2.847779712657E-02  5.207669384864E-07  2.089835234992E-03  3.209273688478E-20 -1.077419979054E-20 -3.006848657439E-20 -6.708027123205E-04
  8.968794455535E+02  9.043794455535E+02  1.930191878310E+01 -4.709783398785E-15 -2.350667822963E-02  3.729199888886E+02  1.351567821825E-01  2.355693215998E-01 -5.099721099962E-02  2.551399590307E-03 -4.556970031455E-01  2.223942508535E+00 -1.245697813563E-02  1.975528904288E-02 -7.298310907341E-03 -9.950649592738E-03  2.115259611466E-04  4.898262728290E-07 -4.631894601754E-07 -8.674093377152E-07  2.509815792134E-02 -4.898262580133E-07 -4.501320637867E-04  3.497060169110E-20 -7.030361951252E-21 -2.306837967491E-20 -5.831035627956E-04
  9.118794455535E+02  9.193794455535E+02  1.932398308837E+01 -4.704179268435E-15 -2.552215575459E-02  3.737586380411E+02  1.198585752088E-01  2.314420583314E-01 -4.302975375372E-02  2.105848524922E-03 -4.941112680399E-01  2.170304818963E+00 -1.195957651324E-02  1.886385100174E-02 -6.904274488396E-03 -8.753544359482E-03  8.407284547309E-04  1.789913198399E-07 -6.558553286739E-07 -2.554136785985E-06  2.273675513030E-02 -1.789913228665E-07 -2.465553345328E-03  3.186797668611E-20 -1.254588825743E-20 -4.360750744328E-20 -5.154038850781E-04
  9.268794455535E+02  9.343794455535E+02  1.934456027763E+01 -5.179340918596E-15 -2.813548034386E-02  3.745463813271E+02  1.035599314699E-01  2.279953296626E-01 -3.528099456730E-02  1.826602643872E-03 -5.446464822492E-01  2.139146668560E+00 -1.147979901721E-02  1.815352106026E-02 -6.673722043060E-03 -7.717325708880E-03  1.014438438299E-03 -4.862875642502E-08 -7.301883793597E-07 -3.763085379928E-06  2.198454123785E-02  4.862875971028E-08 -2.979916568885E-03  2.960366900766E-20 -6.411048562254E-21 -2.483000728809E-20 -4.678025618485E-04
  9.418794455535E+02  9.493794455535E+02  1.936520966392E+01 -5.146467119292E-15 -3.110320947397E-02  3.753391385267E+02  8.533351114408E-02  2.268596915828E-01 -2.727167089585E-02  1.319826871287E-03 -6.034375333117E-01  2.124814301657E+00 -1.118226208670E-02  1.759094097541E-02 -6.408678888785E-03 -7.362899115057E-03  9.572075858066E-04  8.235011618743E-08 -1.104070055138E-06 -3.417146329833E-06  2.241022972856E-02 -8.235012180942E-08 -3.961397854928E-03  2.093752471544E-20 -7.652079093082E-21 -2.806153118293E-20 -4.552903599576E-04
  9.568794455535E+02  9.643794455535E+02  1.938657330564E+01 -4.123546122614E-15 -3.556456989432E-02  3.761628769185E+02  6.438155505652E-02  2.305344450105E-01 -1.928174544030E-02  9.597129658199E-04 -6.911404245327E-01  2.140378149275E+00 -1.107710110646E-02  1.737909405947E-02 -6.301992953135E-03 -7.349138466382E-03  1.083625169532E-03 -7.005027515358E-07 -1.617082968788E-06 -4.160996891330E-06  2.574656713389E-02  7.005027679178E-07 -5.258508045622E-03  1.725748006719E-20 -6.337533654521E-21 -3.437257680072E-20 -5.003955512654E-04
  9.718794455535E+02  9.793794455535E+02  1.941347423974E+01 -2.351523065173E-15 -4.097166920960E-02  3.772096762369E+02  3.924158088159E-02  2.437742552662E-01 -1.120968559094E-02  5.201352136671E-04 -7.963987817603E-01  2.272709200054E+00 -1.121245864362E-02  1.889040209857E-02 -7.677943454826E-03 -9.160471933350E-03  1.533152997074E-03 -1.327507897675E-06 -1.202453057746E-06 -3.159788069751E-06  3.742196356981E-02  1.327507899877E-06 -6.733067754784E-03  2.283030285320E-20 -2.184946403990E-22 -2.116511500212E-20 -7.470107250484E-04
  9.868794455535E+02  9.943794455535E+02  1.945673556241E+01 -6.093194660850E-16 -4.818916653342E-02  3.789070839560E+02  8.013218035006E-03  2.787018610605E-01 -3.230566280496E-03  1.579704669093E-04 -9.391509930965E-01  2.283212764767E+00 -1.217405855138E-02  2.035895900860E-02 -8.184900457403E-03 -1.334478685062E-02  2.176411612059E-03 -8.799955448441E-07 -3.340951671045E-07 -2.254555046443E-06  2.307196833815E-02  8.799955570835E-07 -3.850559965976E-03  6.704346477035E-21  1.901294624769E-21 -4.674289242234E-21 -3.983423330450E-04
