                   y                  ym                   U                   V                   W                 U^2                 V^2                 W^2                  UV                  VW                  UW                VISC               SFSxx               SFSyy               SFSzz               SFSxy               SFSyz                dUdX                dVdX                dWdX                dUdY                dVdY                dWdY                dUdZ                dVdZ                dWdZ              SFSxym
 -4.000000000000E+00 -2.000000000000E+00  0.000000000000E+00  0.000000000000E+00  0.000000000000E+00  0.000000000000E+00  0.000000000000E+00  0.000000000000E+00  0.000000000000E+00  0.000000000000E+00  0.000000000000E+00  0.000000000000E+00  0.000000000000E+00  0.000000000000E+00  0.000000000000E+00  0.000000000000E+00  0.000000000000E+00  0.000000000000E+00  0.000000000000E+00  0.000000000000E+00  0.000000000000E+00  0.000000000000E+00  0.000000000000E+00  0.000000000000E+00  0.000000000000E+00  0.000000000000E+00  0.000000000000E+00
  2.220446049250E-16  2.000000000000E+00  1.214756288718E+01  3.464166381413E-15 -8.336164813368E-02  1.497328095520E+02  4.179488559543E-02  5.680419738749E-01 -1.214668530104E-01 -6.695988035572E-04 -9.906164114537E-01  6.087995167120E-01 -5.314120802186E-04  2.518883874036E-03 -1.987471793427E-03 -3.752504695064E+00  1.583404773999E-02 -4.058337158402E-04 -3.635691950244E-05  1.456157149477E-05  5.070546463719E+01  4.058337159409E-04 -3.770620886571E-01 -4.453373587596E-20  5.788144676393E-22 -1.249623441820E-20 -4.655354465893E-03
  4.000000000000E+00  6.000000000000E+00  1.320537216134E+01  9.871909279618E-15 -1.052254806450E-01  1.761965256977E+02  1.668829660242E-01  5.088296789327E-01 -2.224597560566E-01  2.793304834452E-04 -1.362856980976E+00  4.529624287652E+00  1.241673435275E-01 -1.704924934904E-01  4.632514996494E-02 -6.146007860542E-01 -5.680044986644E-02  9.093459865653E-05 -5.693923726532E-05 -2.665181776771E-06  2.863454177467E+00 -9.093459870431E-05 -5.212499959509E-02 -9.763604095687E-21 -1.115914386253E-20 -4.490076318570E-20 -4.630278637119E-02
  8.000000000000E+00  1.000000000000E+01  1.357905999971E+01  1.417825340640E-14 -1.094126487984E-01  1.859273886607E+02  1.965890463251E-01  4.587706432903E-01 -2.187688686930E-01 -1.898148173938E-04 -1.457752934549E+00  4.752340674772E+00  8.120896542059E-02 -2.208046994723E-01  1.395957340504E-01 -4.073015249543E-01  1.334036495437E-03  6.502305293752E-05 -3.200849109214E-05 -9.220400595270E-06  1.434478582253E+00 -6.502305288917E-05 -1.694619393041E-02 -1.739803659421E-20 -3.180669576385E-21 -5.563329395313E-21 -2.459298054621E-02
  1.200000000000E+01  1.400000000000E+01  1.392261446570E+01  1.582317342835E-14 -1.137003503307E-01  1.953182653758E+02  2.113591520851E-01  4.445984075430E-01 -2.324181425641E-01  1.120979738484E-05 -1.554970125348E+00  4.675028981421E+00  7.559290700805E-02 -2.040545029090E-01  1.284615959046E-01 -3.763584192462E-01  1.017540562251E-02  7.110928175564E-05 -1.573944036573E-05 -8.007825686617E-06  1.189679279599E+00 -7.110928189238E-05 -1.419820373026E-02 -1.788176135843E-20 -8.540382331479E-21 -1.673818807699E-20 -2.076026718056E-02
  1.600000000000E+01  1.800000000000E+01  1.417396607930E+01  2.090431423160E-14 -1.165394844122E-01  2.023098158143E+02  2.230622424367E-01  4.341886529047E-01 -2.316045096411E-01 -4.972244216086E-05 -1.623438865204E+00  4.407217776346E+00  6.283907892497E-02 -1.806275625752E-01  1.177884836452E-01 -2.813506737474E-01  7.141583577714E-03  4.383052919191E-05 -7.624634412070E-06 -3.428712750458E-06  9.476459498374E-01 -4.383052912676E-05 -9.730192308106E-03 -2.273728352845E-20  7.951588642258E-21  4.703937859782E-20 -1.639993513916E-02
  2.000000000000E+01  2.200000000000E+01  1.439641032011E+01  3.039407896373E-14 -1.185575585586E-01  2.086292693448E+02  2.330633381966E-01  4.297628486065E-01 -2.357364648023E-01 -5.260451404107E-05 -1.676715610213E+00  4.225051655934E+00  5.540699229318E-02 -1.636953050833E-01  1.082883127861E-01 -2.461435214506E-01  4.772725555946E-03  3.313741201810E-05 -7.450173645057E-06  6.682443001137E-06  8.152312512458E-01 -3.313741196027E-05 -8.859391938573E-03 -4.634183864283E-20 -1.792211822083E-20  1.994798573368E-20 -1.412267013545E-02
  2.400000000000E+01  2.600000000000E+01  1.458150078439E+01  3.758104208327E-14 -1.209787824821E-01  2.139572721366E+02  2.416442478278E-01  4.269752458452E-01 -2.356146783890E-01 -1.076399250568E-04 -1.732504458966E+00  4.045324037330E+00  4.857341556543E-02 -1.499503519419E-01  1.013769363750E-01 -2.059084645858E-01  3.779293766144E-03  1.285623809816E-05 -8.097632405047E-06 -2.719082982573E-06  7.003465786967E-01 -1.285623808976E-05 -9.218200474879E-03  5.218998045858E-21 -7.054374867569E-21  7.924714533850E-20 -1.211035525989E-02
  2.800000000000E+01  3.000000000000E+01  1.474664393069E+01  4.676444944537E-14 -1.231858251433E-01  2.187766786844E+02  2.489253074598E-01  4.255129492231E-01 -2.369770101287E-01 -1.460546907927E-04 -1.784949510744E+00  3.906483154431E+00  4.413697716265E-02 -1.396216620309E-01  9.548468486514E-02 -1.824053804868E-01  2.916057664834E-03  1.033661848742E-05 -1.022916076263E-05  5.223942716254E-06  6.246164410481E-01 -1.033661844373E-05 -7.416872366471E-03  5.015552916254E-20  1.245903672146E-20  5.040957599221E-20 -1.074978144969E-02
  3.200000000000E+01  3.400000000000E+01  1.489386413176E+01  6.110558492938E-14 -1.246494286608E-01  2.231167881594E+02  2.549716570378E-01  4.241663855919E-01 -2.367292735099E-01 -9.850740364299E-05 -1.825644348089E+00  3.777078477844E+00  3.996990639971E-02 -1.302995333940E-01  9.032962699305E-02 -1.619212708660E-01  1.722167924100E-03  1.438081484375E-05 -1.406499504480E-05  1.336175905607E-06  5.658261525135E-01 -1.438081463047E-05 -4.686835922611E-03  2.631126152015E-20  1.907369477523E-20  3.374521519586E-20 -9.682289400582E-03
  3.600000000000E+01  3.800000000000E+01  1.502952274290E+01  7.553131611913E-14 -1.254923409263E-01  2.271581297235E+02  2.597816198105E-01  4.229851161592E-01 -2.371036668219E-01 -6.782391043862E-05 -1.856638936707E+00  3.657134252258E+00  3.585701850604E-02 -1.221603314149E-01  8.630331290999E-02 -1.481929918814E-01  1.156032985726E-03  1.205519516423E-05 -1.559076313229E-05 -3.270001251039E-06  5.199727965518E-01 -1.205519518670E-05 -2.638730576451E-03  7.749032034868E-21  1.797114601428E-20  7.926628711123E-20 -8.842872666100E-03
  4.000000000000E+01  4.200000000000E+01  1.515385090230E+01  9.117045714300E-14 -1.259515870320E-01  2.308950002827E+02  2.634669589202E-01  4.216837203334E-01 -2.367140026318E-01 -1.706485991808E-05 -1.880496386644E+00  3.550892225129E+00  3.292680454959E-02 -1.154093047737E-01  8.248250022340E-02 -1.350607382896E-01  6.242990239518E-04  2.365655213042E-05 -1.535076932519E-05  7.177814504780E-06  4.809455604159E-01 -2.365655189100E-05 -1.538610851102E-03 -1.533389787920E-20  1.367899260524E-20  3.560293842497E-20 -8.128257398410E-03
  4.400000000000E+01  4.600000000000E+01  1.527002724200E+01  1.065039040395E-13 -1.262282686768E-01  2.344157519798E+02  2.663205945050E-01  4.207740786519E-01 -2.365857204090E-01  3.827284477858E-05 -1.900006962359E+00  3.454210892489E+00  3.045501745967E-02 -1.093329290524E-01  7.887791159314E-02 -1.250172625928E-01  4.867748577750E-04  2.753508195885E-05 -1.522957835362E-05  1.662104140994E-05  4.491280917028E-01 -2.753508201148E-05 -1.415035027457E-03  1.444796700202E-20 -6.870833647349E-21  9.260960101895E-20 -7.527767427346E-03
  4.800000000000E+01  5.000000000000E+01  1.537843281092E+01  1.234808021892E-13 -1.266053519633E-01  2.377253087111E+02  2.685073455420E-01  4.207533914573E-01 -2.361108495563E-01  1.153348003404E-04 -1.919842240232E+00  3.367291703161E+00  2.816225126795E-02 -1.043182917993E-01  7.615604053219E-02 -1.158259168418E-01  1.265227343951E-04  3.008328739870E-05 -1.595281636503E-05  5.560492926848E-06  4.178651737637E-01 -3.008328712425E-05 -1.488555123689E-03  7.133463571662E-22  1.435599901439E-21  7.374651102351E-20 -6.973875709037E-03
  5.200000000000E+01  5.400000000000E+01  1.547897065763E+01  1.440651450855E-13 -1.269415793077E-01  2.408165483547E+02  2.702099194872E-01  4.201355858495E-01 -2.357157534312E-01  2.023367154186E-04 -1.938187558370E+00  3.292017258976E+00  2.639119791003E-02 -9.976523381033E-02  7.337403589977E-02 -1.077791010533E-01  1.248169111671E-04  1.851189011131E-05 -1.641104347330E-05  1.861890427132E-06  3.924093964595E-01 -1.851189012733E-05 -3.055139133682E-04  4.962824962949E-20 -2.980875675578E-20  1.464620555227E-20 -6.554233627903E-03
  5.600000000000E+01  5.800000000000E+01  1.557462860125E+01  1.658084364253E-13 -1.267706549213E-01  2.437789232614E+02  2.716429961842E-01  4.182699022017E-01 -2.351478160357E-01  3.413181341957E-04 -1.948302947503E+00  3.226624317040E+00  2.517633285326E-02 -9.589952328877E-02  7.072319043796E-02 -1.017902519963E-01 -3.460317892601E-04  2.796274370948E-06 -1.595143702258E-05  5.819296625918E-06  3.729480683336E-01 -2.796273853379E-06  1.364765433469E-03  1.673947785219E-20 -7.038881052281E-21  5.404198377859E-20 -6.177880179073E-03
  6.000000000000E+01  6.200000000000E+01  1.566540046087E+01  1.780985454600E-13 -1.262686158291E-01  2.466067372352E+02  2.727973692755E-01  4.162964741177E-01 -2.345309169682E-01  4.345723134815E-04 -1.952629915652E+00  3.154731735639E+00  2.359451696295E-02 -9.183815087716E-02  6.824363391361E-02 -9.576420527537E-02 -6.316015844081E-04  9.443561017452E-06 -1.444994720087E-05  4.609498145254E-06  3.554618331363E-01 -9.443561647073E-06  1.462151825219E-03  6.926967492059E-20  3.956234214155E-21  9.156807150462E-20 -5.816312360777E-03
  6.400000000000E+01  6.600000000000E+01  1.575232354409E+01  1.890011090341E-13 -1.260290930354E-01  2.493313499938E+02  2.735550654506E-01  4.139622678419E-01 -2.340310853287E-01  5.687164054596E-04 -1.960238223957E+00  3.087331166993E+00  2.216706368517E-02 -8.810462291827E-02  6.593755923334E-02 -9.072133608473E-02 -5.637055859637E-04  1.555662686552E-05 -1.346296659777E-05 -3.343047836790E-06  3.380599483588E-01 -1.555662617932E-05  2.174043349685E-04  2.404765169488E-21 -7.051389787525E-21  5.021711542901E-20 -5.508523874905E-03
  6.800000000000E+01  7.000000000000E+01  1.583442467359E+01  2.029685070189E-13 -1.261619969718E-01  2.519189215816E+02  2.740141623886E-01  4.113088804151E-01 -2.334010555678E-01  6.494941427144E-04 -1.972965256852E+00  3.017897161129E+00  2.105332236933E-02 -8.441003206116E-02  6.335670969058E-02 -8.553344061239E-02 -3.187194439263E-04 -5.375699299709E-06 -1.388185950978E-05 -1.206510473838E-05  3.189303971944E-01  5.375699096215E-06  1.119413137934E-05  1.450384458163E-20 -1.162872785043E-20  6.548641249027E-20 -5.183307427720E-03
  7.200000000000E+01  7.400000000000E+01  1.591175207406E+01  2.144773792884E-13 -1.260405773588E-01  2.543698026124E+02  2.741897670870E-01  4.097550322797E-01 -2.328030080866E-01  7.220417933135E-04 -1.981209164374E+00  2.960170843183E+00  2.017039754836E-02 -8.130463556689E-02  6.113423801642E-02 -8.033208188011E-02 -4.653391252122E-04 -1.140014098725E-05 -1.364377112763E-05 -1.121969252950E-05  3.028631559340E-01  1.140014103920E-05 -4.933425024844E-04  4.237478340294E-20 -3.908129986132E-20  8.385359281407E-20 -4.883780884085E-03
  7.600000000000E+01  7.800000000000E+01  1.598583106688E+01  2.318682569442E-13 -1.264103439383E-01  2.567303038877E+02  2.740966513364E-01  4.080859242454E-01 -2.321520909240E-01  8.028334513090E-04 -1.996769495946E+00  2.903869928922E+00  1.894910564813E-02 -7.832726012304E-02  5.937815447449E-02 -7.597116558100E-02 -2.221935344216E-05 -8.916685369233E-06 -1.370497077774E-05 -8.611396985433E-06  2.906658799148E-01  8.916685437437E-06 -1.210012101653E-03 -3.110964733259E-20 -9.218187398371E-21  7.489495495866E-20 -4.620307234572E-03
  8.000000000000E+01  8.200000000000E+01  1.605710888826E+01  2.432120396282E-13 -1.266441682057E-01  2.590119403723E+02  2.737673540213E-01  4.055090135730E-01 -2.315004360651E-01  9.143063979159E-04 -2.009589223214E+00  2.847684674589E+00  1.792327202270E-02 -7.555794105624E-02  5.763466903375E-02 -7.193152625545E-02 -6.114713176123E-05 -1.018828730948E-05 -1.528086234605E-05 -2.550482204509E-06  2.770852278227E-01  1.018828717144E-05 -5.944810954068E-04 -1.975918202808E-21  4.678652162979E-21  8.406218003930E-20 -4.359669252804E-03
  8.400000000000E+01  8.600000000000E+01  1.612437927514E+01  2.541006992492E-13 -1.267237990188E-01  2.611758209483E+02  2.731444162060E-01  4.023155176398E-01 -2.307728495404E-01  9.949350727683E-04 -2.019416131656E+00  2.793662783646E+00  1.669175183354E-02 -7.293378802188E-02  5.624203619007E-02 -6.765502238037E-02 -1.270817583703E-04 -1.543806421069E-05 -1.613216823259E-05  1.391918391859E-06  2.636823932303E-01  1.543806428203E-05 -6.866048933800E-04  3.993845798807E-20  2.313333203586E-21  8.413467450836E-20 -4.129106690746E-03
  8.800000000000E+01  9.000000000000E+01  1.618893531021E+01  2.795092664265E-13 -1.270173239589E-01  2.632608669638E+02  2.722364398152E-01  3.985433200069E-01 -2.300214059786E-01  1.059986319322E-03 -2.032371801428E+00  2.746849789453E+00  1.588865460248E-02 -7.074621990245E-02  5.485756530045E-02 -6.442497531121E-02 -4.884709399666E-05 -9.195265687735E-06 -1.478638067273E-05 -7.502567571947E-07  2.531714949847E-01  9.195265791129E-06 -1.205810962223E-03  4.750788334550E-20  2.023053418760E-20  5.565494829771E-20 -3.924788743814E-03
  9.200000000000E+01  9.400000000000E+01  1.625093845032E+01  2.973127587585E-13 -1.273529885115E-01  2.652718626774E+02  2.711147537217E-01  3.939931891439E-01 -2.293287386287E-01  1.218016858929E-03 -2.046372212352E+00  2.700807693841E+00  1.506369439271E-02 -6.864055235805E-02  5.357685796553E-02 -6.113516307329E-02 -7.881940200415E-05  6.442757044783E-06 -1.258946666821E-05  2.867492663983E-07  2.424435046411E-01 -6.442757006250E-06 -3.413845527757E-04  5.565862893993E-20  1.675319331641E-21  5.344214328114E-20 -3.714196255273E-03
  9.600000000000E+01  9.800000000000E+01  1.631014999785E+01  3.035155544141E-13 -1.271987134445E-01  2.671984509892E+02  2.697935275088E-01  3.894955719959E-01 -2.285670641166E-01  1.263995230500E-03 -2.051553983586E+00  2.654559974461E+00  1.426512750340E-02 -6.641553588390E-02  5.215040837975E-02 -5.771775859669E-02 -1.977315038929E-04  3.217491695794E-06 -1.179407302301E-05 -3.941001613903E-06  2.329568503013E-01 -3.217491631046E-06  1.979510862002E-03  6.140786149335E-21 -1.561543811245E-20  5.269976671911E-20 -3.529195659137E-03
  1.000000000000E+02  1.020000000000E+02  1.636742444523E+01  3.197017258855E-13 -1.263671174488E-01  2.690690334157E+02  2.683078916391E-01  3.846732790694E-01 -2.278305264567E-01  1.402629095634E-03 -2.044990076234E+00  2.613714107873E+00  1.373104443678E-02 -6.441235949905E-02  5.068131506239E-02 -5.510431465825E-02 -5.415205112863E-04 -1.060371230142E-05 -1.217590845176E-05 -3.982666772789E-06  2.248448304350E-01  1.060371236399E-05  4.111815584985E-03  2.556179719400E-20  1.331510037073E-20  5.325939319957E-20 -3.363451366805E-03
  1.040000000000E+02  1.060000000000E+02  1.642255773477E+01  3.291440042972E-13 -1.251505435209E-01  2.708763197046E+02  2.667835817865E-01  3.803755325613E-01 -2.270447466370E-01  1.454069522984E-03 -2.031000254284E+00  2.571106985738E+00  1.327352077686E-02 -6.246383892363E-02  4.919031814601E-02 -5.260938753583E-02 -6.299599096392E-04 -1.494839023158E-05 -1.104440626718E-05 -6.779431323411E-07  2.158282798234E-01  1.494839025479E-05  4.697101197898E-03  4.526788912234E-20  1.184640292065E-20  4.424026460312E-20 -3.220972902605E-03
  1.080000000000E+02  1.100000000000E+02  1.647534237690E+01  3.258424905762E-13 -1.240306368633E-01  2.726105533701E+02  2.652380338498E-01  3.762764864167E-01 -2.261969284935E-01  1.570559065062E-03 -2.018969856875E+00  2.531916479846E+00  1.282257924540E-02 -6.065147471733E-02  4.782889547250E-02 -5.044560167675E-02 -6.290409678994E-04 -5.101057401707E-06 -8.862226837760E-06  5.575673291213E-06  2.076362608799E-01  5.101057525645E-06  4.417329681961E-03  3.261112106840E-20  1.357404918426E-21  8.022324126821E-20 -3.086614669428E-03
  1.120000000000E+02  1.140000000000E+02  1.652638606747E+01  3.307243477922E-13 -1.229506582455E-01  2.742935174116E+02  2.636540527086E-01  3.721710879593E-01 -2.254309427868E-01  1.618966755995E-03 -2.007352168154E+00  2.495198891657E+00  1.219759286586E-02 -5.892838462024E-02  4.673079175481E-02 -4.821074306633E-02 -8.165164370486E-04 -1.447032846773E-06 -7.314777880936E-06  2.632148549740E-07  2.007861533939E-01  1.447032852927E-06  4.832598328503E-03  4.867082553101E-20 -1.738660380345E-20  5.107292842252E-20 -2.938860082780E-03
  1.160000000000E+02  1.180000000000E+02  1.657572771178E+01  3.324336392101E-13 -1.216315756420E-01  2.759262597273E+02  2.620449186786E-01  3.678990588640E-01 -2.245925933809E-01  1.689256700442E-03 -1.991426859573E+00  2.461307541242E+00  1.163986340602E-02 -5.737338342971E-02  4.573352002478E-02 -4.586528102364E-02 -8.367474087200E-04 -7.446947279936E-06 -5.622119881012E-06 -3.475214051811E-06  1.943844993618E-01  7.446947388137E-06  5.510361133838E-03  3.773885447208E-20  1.597427555092E-20  9.229261375631E-20 -2.802948672468E-03
  1.200000000000E+02  1.220000000000E+02  1.662357377577E+01  3.256120076981E-13 -1.202144125795E-01  2.775140061937E+02  2.604840235614E-01  3.635106325030E-01 -2.238172074206E-01  1.739214680697E-03 -1.974208194604E+00  2.427620018348E+00  1.111637549986E-02 -5.593980338790E-02  4.482342788809E-02 -4.389278901813E-02 -9.137807621027E-04 -4.511962124376E-06 -3.457700569379E-06 -1.261654418457E-06  1.875685733949E-01  4.511962292639E-06  5.552500378478E-03  3.234096306889E-20  1.452004122993E-20  5.492219089851E-20 -2.677764466333E-03
  1.240000000000E+02  1.260000000000E+02  1.666953081985E+01  3.268269766511E-13 -1.188609352734E-01  2.790429911577E+02  2.590744086082E-01  3.590332116412E-01 -2.229731497613E-01  1.773184221516E-03 -1.958522762130E+00  2.394117814132E+00  1.065802574452E-02 -5.448168210507E-02  4.382365635999E-02 -4.180635117892E-02 -9.626779566288E-04 -4.965421604766E-06 -2.410353103929E-06 -2.772368672846E-06  1.806291339799E-01  4.965421636222E-06  5.647395471980E-03  6.036263234864E-20  1.530235707812E-20  6.699026291958E-20 -2.555723772052E-03
  1.280000000000E+02  1.300000000000E+02  1.671391322188E+01  3.240455100431E-13 -1.173810243542E-01  2.805236232853E+02  2.578463986765E-01  3.539771760646E-01 -2.221427641644E-01  1.792451687432E-03 -1.940377844264E+00  2.360030903834E+00  1.021522096952E-02 -5.305216795021E-02  4.283694698082E-02 -4.001488637294E-02 -9.627194971109E-04 -7.339192223099E-06 -2.920186222107E-06 -8.121362788892E-06  1.742246565100E-01  7.339192144988E-06  5.986651666594E-03  3.940420752919E-20  4.150142788586E-21  7.808454134251E-20 -2.450072238353E-03
  1.320000000000E+02  1.340000000000E+02  1.675664844654E+01  3.117120825058E-13 -1.158365403134E-01  2.819530568292E+02  2.567974483317E-01  3.489684125637E-01 -2.213145423563E-01  1.801888351039E-03 -1.920920607953E+00  2.329663276030E+00  9.741017181554E-03 -5.185509086011E-02  4.211407367823E-02 -3.830730591386E-02 -1.015057348233E-03 -1.315709306030E-05 -4.051720164182E-06 -1.216675472029E-05  1.681789308571E-01  1.315709304246E-05  5.738413702887E-03  7.685995279700E-20  9.400918198870E-21  6.943012154300E-20 -2.350084807494E-03
  1.360000000000E+02  1.380000000000E+02  1.679800094267E+01  3.165075736945E-13 -1.144737886892E-01  2.833384905351E+02  2.559824705408E-01  3.437586350856E-01 -2.204705382505E-01  1.789832026421E-03 -1.903759832657E+00  2.299265154615E+00  9.478475477888E-03 -5.077919372566E-02  4.130071824754E-02 -3.690614118998E-02 -7.935150571315E-04 -1.833771790034E-05 -5.835371167461E-06 -1.465600783470E-05  1.612352517621E-01  1.833771791492E-05  4.801232044905E-03  3.956579525342E-20  1.280312860409E-20  8.793657903927E-20 -2.249700942277E-03
  1.400000000000E+02  1.420000000000E+02  1.683727541514E+01  3.231954868301E-13 -1.134188529921E-01  2.846586592435E+02  2.553436238872E-01  3.380164936369E-01 -2.196984916519E-01  1.797239990498E-03 -1.891172082555E+00  2.264648942809E+00  9.203551909370E-03 -4.948381124778E-02  4.028025933741E-02 -3.502679373008E-02 -6.222359266919E-04 -1.194393243321E-05 -7.000250364057E-06 -1.302463005665E-05  1.537146022617E-01  1.194393261636E-05  4.624707275945E-03  7.208503493699E-20  1.368454353563E-20  6.604467697534E-20 -2.137714843830E-03
  1.440000000000E+02  1.460000000000E+02  1.687486809003E+01  3.173918459506E-13 -1.121630052951E-01  2.859256419438E+02  2.547842580314E-01  3.318106941721E-01 -2.189159660987E-01  1.776407485816E-03 -1.875023390600E+00  2.232630629014E+00  8.929004790455E-03 -4.822078897443E-02  3.929178418336E-02 -3.335619306102E-02 -5.865218762689E-04 -1.043196486960E-05 -5.566004846957E-06 -9.668010514844E-06  1.466298443073E-01  1.043196491984E-05  5.733097685975E-03  5.336827528023E-20 -5.866618822356E-21  6.772202431850E-20 -2.034903720581E-03
  1.480000000000E+02  1.500000000000E+02  1.691060693868E+01  3.205189852859E-13 -1.105552446440E-01  2.871314186839E+02  2.543187193828E-01  3.263426739565E-01 -2.181073433443E-01  1.783730843580E-03 -1.853361133540E+00  2.206754624726E+00  8.576215380358E-03 -4.713818576264E-02  3.856197038154E-02 -3.179195975071E-02 -9.001110963561E-04 -1.048425482889E-05 -2.990914924210E-06 -1.118828523769E-05  1.412114152252E-01  1.048425494787E-05  7.281735292598E-03  6.877029671071E-20 -2.235855801730E-21  4.988806934913E-20 -1.944680733095E-03
  1.520000000000E+02  1.540000000000E+02  1.694550458787E+01  3.217166915448E-13 -1.085440456356E-01  2.883107683950E+02  2.539472334275E-01  3.214148458293E-01 -2.173694677548E-01  1.766826170175E-03 -1.825018741727E+00  2.177956646393E+00  8.215164897079E-03 -4.606784850815E-02  3.785268361179E-02 -3.038882482657E-02 -1.224210541765E-03 -3.835394784501E-06 -1.560628136240E-06 -1.180690380962E-05  1.370326340839E-01  3.835394701373E-06  8.619672157338E-03  1.050367846699E-19  2.027463527775E-20  6.858196735689E-20 -1.857905704263E-03
  1.560000000000E+02  1.580000000000E+02  1.697915712328E+01  3.162986049653E-13 -1.062861003343E-01  2.894489487732E+02  2.536031451740E-01  3.165723306462E-01 -2.165433012875E-01  1.773235468479E-03 -1.792262180706E+00  2.153324354785E+00  7.996707788053E-03 -4.508553872544E-02  3.708883093717E-02 -2.914753139401E-02 -1.314320617030E-03  2.963875266211E-06 -1.667642044103E-06 -6.889910092309E-06  1.322431317940E-01 -2.963875162368E-06  9.412370825864E-03  7.566990722215E-20 -3.822987336313E-21  4.311271993264E-20 -1.793350448509E-03
  1.600000000000E+02  1.620000000000E+02  1.701162653318E+01  3.184989198852E-13 -1.038623540361E-01  2.905491032591E+02  2.533215086727E-01  3.118615222867E-01 -2.157528696484E-01  1.778083839666E-03 -1.756326899982E+00  2.131021054008E+00  7.852912012735E-03 -4.426253895222E-02  3.640962693955E-02 -2.826004656201E-02 -1.394574274445E-03  5.261388389468E-06 -2.406579366348E-06 -4.073387574486E-06  1.282593050778E-01 -5.261388488045E-06  9.765743198580E-03  6.984718308399E-20  1.128634431867E-20  8.005797588466E-20 -1.737429702393E-03
  1.640000000000E+02  1.660000000000E+02  1.704325715044E+01  3.164883245342E-13 -1.014000944601E-01  2.916227596897E+02  2.531310359313E-01  3.075537254098E-01 -2.149160460067E-01  1.753077236293E-03 -1.718929268679E+00  2.106675935611E+00  7.440819234119E-03 -4.325371314088E-02  3.581289390688E-02 -2.730346685681E-02 -1.275481599390E-03  1.136488493797E-05 -2.776735124415E-06 -1.841209999727E-06  1.238075342199E-01 -1.136488499381E-05  1.062510411657E-02  3.799227451630E-20 -3.238829090278E-20  4.513948848812E-20 -1.673754781859E-03
  1.680000000000E+02  1.700000000000E+02  1.707351487310E+01  3.079132899626E-13 -9.854733522263E-02  2.926505816116E+02  2.529511405218E-01  3.027354333582E-01 -2.141108707104E-01  1.754668439001E-03 -1.674230224766E+00  2.086435984214E+00  7.244206010687E-03 -4.251257662192E-02  3.526837061058E-02 -2.628091655329E-02 -1.584684679208E-03  8.548994174980E-06 -2.982305455927E-06 -8.459827094982E-06  1.185435078908E-01 -8.548994282221E-06  1.177659857223E-02  5.421855042776E-20  1.771432557251E-20  7.024979568362E-20 -1.618753187457E-03
  1.720000000000E+02  1.740000000000E+02  1.710253678311E+01  3.110086996785E-13 -9.553076847441E-02  2.936375992619E+02  2.527618313239E-01  2.978759855218E-01 -2.132523350250E-01  1.672786574755E-03 -1.626249315398E+00  2.066583588122E+00  7.096777525535E-03 -4.171369387268E-02  3.461691634629E-02 -2.550335923532E-02 -1.790047699528E-03  8.672062709239E-06 -2.748669569288E-06 -1.030269254251E-05  1.153902317833E-01 -8.672062700514E-06  1.192302055062E-02  7.716274451364E-20  5.943276837196E-21  6.646998173522E-20 -1.571690109445E-03
  1.760000000000E+02  1.780000000000E+02  1.713122329252E+01  3.120295902807E-13 -9.260345182121E-02  2.946153827544E+02  2.525673342385E-01  2.935498174058E-01 -2.124093742687E-01  1.628185145477E-03 -1.579698791530E+00  2.047553018444E+00  6.937028041794E-03 -4.102080862855E-02  3.408378058662E-02 -2.478239522333E-02 -1.789372463065E-03  6.804353188446E-06 -1.520137996773E-06 -5.043267995561E-06  1.141487296557E-01 -6.804353233499E-06  1.133150916061E-02  1.196430936813E-19 -1.356974976288E-20  7.544612506917E-20 -1.529365538023E-03
  1.800000000000E+02  1.820000000000E+02  1.715961428958E+01  3.027094335648E-13 -8.986600662146E-02  2.955826659686E+02  2.524050717889E-01  2.895550807292E-01 -2.115300008525E-01  1.525673599257E-03 -1.535618376804E+00  2.025398122146E+00  6.712674544324E-03 -4.027973801109E-02  3.356706346705E-02 -2.413056545741E-02 -1.680498854475E-03  1.005130777314E-05  4.961230901496E-07 -6.522054039827E-06  1.121656690474E-01 -1.005130773083E-05  9.933087081953E-03  6.448661420461E-20 -4.725896231943E-21  5.846781390652E-20 -1.490398163146E-03
  1.840000000000E+02  1.860000000000E+02  1.718731212783E+01  3.013967059508E-13 -8.763801881918E-02  2.965282270837E+02  2.522983493821E-01  2.858545234460E-01 -2.105832467503E-01  1.439726866500E-03 -1.500152040704E+00  2.004962397526E+00  6.485690687081E-03 -3.950701528749E-02  3.302132460019E-02 -2.350012014771E-02 -1.369209730374E-03  1.525201818522E-05  3.120868883024E-06 -9.610333118243E-06  1.095030237461E-01 -1.525201824458E-05  8.735922790878E-03  1.309188455242E-19  1.097744598420E-20  8.395544151837E-20 -1.447311551936E-03
  1.880000000000E+02  1.900000000000E+02  1.721438078072E+01  3.029790553463E-13 -8.551127477942E-02  2.974534888041E+02  2.522288196048E-01  2.827899081405E-01 -2.097458244360E-01  1.328522108171E-03 -1.465778870658E+00  1.988497665910E+00  6.287387441442E-03 -3.884654071764E-02  3.255915327577E-02 -2.283544601261E-02 -1.212831392161E-03  1.260691934022E-05  5.647638060697E-06 -8.679583410936E-06  1.081180358557E-01 -1.260691936824E-05  8.415087246107E-03  9.194804186935E-20  1.816635165678E-20  5.534831208078E-20 -1.409263530377E-03
  1.920000000000E+02  1.940000000000E+02  1.724138319864E+01  2.955878909333E-13 -8.344524788684E-02  2.983777660116E+02  2.521686792081E-01  2.799629824078E-01 -2.087667797885E-01  1.247130818323E-03 -1.431842255649E+00  1.968706961679E+00  6.070731630681E-03 -3.812266834673E-02  3.205193671596E-02 -2.219158264926E-02 -1.057532238865E-03  2.412022273420E-06  7.204468465202E-06 -6.497831405783E-06  1.062718000240E-01 -2.412022271315E-06  7.981050972888E-03  7.882697600499E-20 -1.257093973487E-21  4.860101719349E-20 -1.369178357816E-03
  1.960000000000E+02  1.980000000000E+02  1.726752607537E+01  2.876934339267E-13 -8.152904376511E-02  2.992755940069E+02  2.520969915750E-01  2.776944682134E-01 -2.079044439184E-01  1.146162954106E-03 -1.400210128863E+00  1.949505394533E+00  6.004222178734E-03 -3.742113741093E-02  3.141691523228E-02 -2.162321557249E-02 -1.134365077648E-03 -4.117639563628E-07  7.504724808102E-06 -8.945800464654E-06  1.039030913868E-01  4.117638274406E-07  8.598413775743E-03  1.034626707490E-19  4.132829366821E-21  8.164055830146E-20 -1.330457707593E-03
  2.000000000000E+02  2.020600000000E+02  1.729334090159E+01  2.805827924060E-13 -7.914637324976E-02  3.001624131616E+02  2.518680085801E-01  2.757997952674E-01 -2.068954401478E-01  1.061849072632E-03 -1.360458422686E+00  1.933810617417E+00  5.606487882649E-03 -3.629046531855E-02  3.068397743626E-02 -2.107440903233E-02 -1.332621966076E-03  3.553228170928E-06  6.383162469852E-06 -8.065287452150E-06  9.996888802742E-02 -3.553228134530E-06  9.465452633684E-03  7.295057970955E-20 -7.594203429519E-21  7.623074417698E-20 -1.303740453184E-03
  2.041200000000E+02  2.062418000000E+02  1.731900834816E+01  2.688102181169E-13 -7.663584110342E-02  3.010464499956E+02  2.514930883983E-01  2.745030008996E-01 -2.059736295571E-01  9.656844458151E-04 -1.318217221788E+00  1.917825243405E+00  5.082267393938E-03 -3.513612218450E-02  3.005385479069E-02 -2.052460771517E-02 -1.346918932421E-03  6.118455700899E-07  4.455012435654E-06 -7.059786052816E-06  9.575369339485E-02 -6.118456179454E-07  9.195048567507E-03  6.141408284291E-20  1.046226022169E-20  6.937258400213E-20 -1.261326640617E-03
  2.083636000000E+02  2.105490540000E+02  1.734411822605E+01  2.566721375010E-13 -7.424292585638E-02  3.019119443681E+02  2.509488729327E-01  2.733193407572E-01 -2.049060201740E-01  8.412702320999E-04 -1.277669007829E+00  1.899472406314E+00  4.662522570771E-03 -3.391093155910E-02  2.924840898776E-02 -1.982488040866E-02 -1.258680269360E-03 -7.205417614364E-06  2.572834777198E-06 -7.731177460787E-06  9.254586334514E-02  7.205417304211E-06  9.314501391709E-03  1.077866315645E-19 -1.072031266356E-20  7.406147931516E-20 -1.224984316281E-03
  2.127345080000E+02  2.149855256200E+02  1.736955296616E+01  2.442627978861E-13 -7.152552694415E-02  3.027901128354E+02  2.502872736964E-01  2.716569419535E-01 -2.038895365698E-01  7.311178958354E-04 -1.231763614106E+00  1.885349592082E+00  4.339942206498E-03 -3.271152422901E-02  2.837158202276E-02 -1.942255268155E-02 -1.161847622028E-03 -9.973070999934E-06  1.076775778337E-06 -4.283942453910E-06  8.987895720535E-02  9.973070951953E-06  9.655053175115E-03  1.021879409232E-19  1.559991560098E-20  6.431910255341E-20 -1.199294529892E-03
  2.172365432400E+02  2.195550913886E+02  1.739468992714E+01  2.334695428522E-13 -6.879089149917E-02  3.036563111506E+02  2.494592377658E-01  2.696695727222E-01 -2.027693841514E-01  6.097489052582E-04 -1.185522702501E+00  1.866241710802E+00  3.801638779982E-03 -3.135686856433E-02  2.755522978443E-02 -1.886752495412E-02 -1.148158553702E-03 -6.434639173900E-06 -5.853946899468E-07 -4.653627604904E-06  8.688305471007E-02  6.434639048184E-06  1.005718765912E-02  8.346441518005E-20 -2.273130728274E-20  5.807765785831E-20 -1.167485813709E-03
  2.218736395372E+02  2.242617441303E+02  1.741990805486E+01  2.273998139674E-13 -6.569640608133E-02  3.045270876274E+02  2.484664458513E-01  2.676797459122E-01 -2.016536511034E-01  4.946787142048E-04 -1.132816961452E+00  1.850434819962E+00  3.411613221513E-03 -3.007559182666E-02  2.666397860500E-02 -1.854574249021E-02 -1.219487704624E-03 -7.422878116947E-06 -2.398034950473E-06 -8.336926891237E-06  8.421515902408E-02  7.422878173360E-06  1.031079693084E-02  1.339207174698E-19  1.610795348949E-20  6.185631286626E-20 -1.137164435721E-03
  2.266498487233E+02  2.291095964542E+02  1.744496349587E+01  2.237242398718E-13 -6.266324041575E-02  3.053935577449E+02  2.474214974426E-01  2.652550236467E-01 -2.004895804386E-01  3.799532753099E-04 -1.080707014112E+00  1.836038937630E+00  2.903808320872E-03 -2.864287854781E-02  2.573907022728E-02 -1.787995204658E-02 -1.176805190141E-03 -7.689227974522E-06 -3.243815631346E-06 -8.115566522697E-06  8.179818307674E-02  7.689227879920E-06  1.044370300644E-02  8.598311822487E-20 -1.382762983128E-21  1.758143599293E-20 -1.108335499834E-03
  2.315693441850E+02  2.341028843478E+02  1.747019783981E+01  2.215670617175E-13 -5.929772453538E-02  3.062671042400E+02  2.463066012710E-01  2.631468371525E-01 -1.992699999013E-01  2.473314235768E-04 -1.022372387381E+00  1.822052681050E+00  2.376370411000E-03 -2.717932168531E-02  2.480295127469E-02 -1.753343103575E-02 -1.288911866823E-03 -7.311961735322E-06 -2.935509055360E-06 -7.647242516320E-06  7.923583917576E-02  7.311961716939E-06  1.133586439063E-02  9.395564794090E-20  1.042422778944E-20  3.549896453635E-20 -1.081938971307E-03
  2.366364245106E+02  2.392459708782E+02  1.749513704194E+01  2.196112827181E-13 -5.548389392147E-02  3.071302634450E+02  2.450450631799E-01  2.618537127430E-01 -1.980419401685E-01  8.823856024824E-05 -9.560687053254E-01  1.810838573465E+00  1.885276955725E-03 -2.585786985411E-02  2.397259289824E-02 -1.701650132801E-02 -1.479420317320E-03  2.561709714468E-07 -1.484578908866E-06 -1.169887362904E-05  7.482158963087E-02 -2.561709225638E-07  1.150115676747E-02  1.311034948794E-19 -4.433123193428E-21  4.844468951474E-20 -1.039431887561E-03
  2.418555172459E+02  2.445433500046E+02  1.751901695304E+01  2.173568240902E-13 -5.178926595830E-02  3.079589412280E+02  2.435597940915E-01  2.616167114336E-01 -1.967494896782E-01 -1.482920921745E-04 -8.917973415714E-01  1.797073152674E+00  1.367337562741E-03 -2.446539083241E-02  2.309805327000E-02 -1.625458333310E-02 -1.460530901306E-03  5.127623059683E-06  1.073788249731E-06 -1.240019141037E-05  7.220336061542E-02 -5.127623063492E-06  1.244273485860E-02  7.077796465711E-20 -2.760227640204E-20  5.227649137450E-20 -1.010168598553E-03
  2.472311827633E+02  2.499996505047E+02  1.754366678999E+01  2.156815931004E-13 -4.711898318421E-02  3.088158341261E+02  2.417266692915E-01  2.612619851111E-01 -1.954208134634E-01 -4.116117975672E-04 -8.103753086850E-01  1.789314340960E+00  8.902961118517E-04 -2.318574455235E-02  2.229544844079E-02 -1.609232048575E-02 -1.805048033489E-03  4.919188091149E-06  4.152909917201E-06 -8.642980227460E-06  7.152976047731E-02 -4.919188135997E-06  1.315602036807E-02  9.223856685958E-20 -1.555342643606E-20  5.417654666217E-20 -9.932378592254E-04
  2.527681182462E+02  2.556196400198E+02  1.756853122896E+01  2.150194501616E-13 -4.267829939993E-02  3.096837312190E+02  2.395164106832E-01  2.607767453100E-01 -1.941016891093E-01 -7.185127865108E-04 -7.324934918281E-01  1.784180884974E+00  4.906017504020E-04 -2.192918870378E-02  2.143858695369E-02 -1.566009796013E-02 -1.720152089408E-03  3.037129118432E-06  6.800126133083E-06 -8.196977601385E-06  7.002151036978E-02 -3.037129026512E-06  1.270401969450E-02  1.139177685216E-19 -3.397718021324E-20  2.436061138239E-20 -9.734641402129E-04
  2.584711617935E+02  2.614082292204E+02  1.759359430595E+01  2.138282616653E-13 -3.806057559414E-02  3.105586636151E+02  2.371382154409E-01  2.601411032616E-01 -1.927081954222E-01 -1.042989341814E-03 -6.514744566691E-01  1.773347353015E+00  1.007155448477E-04 -2.051543425745E-02  2.041471871223E-02 -1.550504773894E-02 -1.777405809892E-03  4.165210131412E-06  8.046465824001E-06 -1.201107987175E-05  6.586979842808E-02 -4.165210181144E-06  1.346678216706E-02  5.833339980520E-20 -1.165496467412E-21  2.501069887237E-20 -9.479944130666E-04
  2.643452966473E+02  2.673704760971E+02  1.761691134132E+01  2.105987435945E-13 -3.278236182521E-02  3.113730543109E+02  2.347688339683E-01  2.594508717916E-01 -1.912608535452E-01 -1.398469332985E-03 -5.582613735826E-01  1.760603138559E+00 -4.976803330438E-04 -1.900101985064E-02  1.949870018377E-02 -1.467631886450E-02 -1.833880241477E-03  6.437643792267E-06  9.210417697187E-06 -1.201176489788E-05  6.163713049969E-02 -6.437643852055E-06  1.536548695448E-02  1.106558700600E-19 -9.298105555379E-21  4.145268807178E-20 -9.021897783278E-04
  2.703956555468E+02  2.735115903800E+02  1.764022111574E+01  2.054294067031E-13 -2.642329809572E-02  3.121870998158E+02  2.324034790872E-01  2.586595443218E-01 -1.897274037413E-01 -1.711676070512E-03 -4.470440307337E-01  1.752023174867E+00 -8.863378934744E-04 -1.770671087907E-02  1.859304877246E-02 -1.427477469533E-02 -2.149008690645E-03  5.424080232004E-06  1.050573446467E-05 -1.117375645754E-05  5.971365721135E-02 -5.424080282653E-06  1.588204453868E-02  1.211932811830E-19 -2.556669680291E-20  4.547926415467E-20 -8.818518220422E-04
  2.766275252132E+02  2.798369380914E+02  1.766344759483E+01  2.007021749316E-13 -2.040454898092E-02  3.129976605211E+02  2.300088884801E-01  2.574081076510E-01 -1.881078222182E-01 -2.180446587273E-03 -3.427334984240E-01  1.743994362426E+00 -1.180600883733E-03 -1.633438620055E-02  1.751498708435E-02 -1.398305271851E-02 -2.189918021586E-03  3.412730085240E-06  9.430012961610E-06 -1.411060173396E-05  5.765133769092E-02 -3.412730195003E-06  1.611613408149E-02  1.394037775401E-19 -1.960960910667E-20  8.960806193602E-21 -8.666484206250E-04
  2.830463509696E+02  2.863520462341E+02  1.768650345756E+01  1.987235707298E-13 -1.349607679440E-02  3.138023989441E+02  2.276453392350E-01  2.565804907997E-01 -1.865071497509E-01 -2.645931977147E-03 -2.235451917761E-01  1.734720922191E+00 -1.527665236421E-03 -1.484755128893E-02  1.637521652528E-02 -1.370611802924E-02 -2.497496955556E-03 -2.019779996950E-06  6.997533013794E-06 -1.519788290356E-05  5.558284556347E-02  2.019780047270E-06  1.687882814128E-02  1.379830936963E-19 -1.084694507551E-20  3.097440382606E-20 -8.409853138043E-04
  2.896577414987E+02  2.930626076211E+02  1.770940440080E+01  1.971346984669E-13 -6.462747511667E-03  3.146026309197E+02  2.254065028749E-01  2.561008473562E-01 -1.848639470257E-01 -3.146552168780E-03 -1.019956259127E-01  1.727212984866E+00 -2.025240200656E-03 -1.327641776143E-02  1.530165796211E-02 -1.325224700675E-02 -2.487136560383E-03  3.074484082206E-06  5.007632137673E-06 -1.319458916513E-05  5.250715968836E-02 -3.074484175249E-06  1.627427453211E-02  1.168683741418E-19 -1.583421189913E-20  9.867230065071E-21 -8.120797134024E-04
  2.964674737436E+02  2.999744858498E+02  1.773122409134E+01  1.938021733835E-13  3.513012202051E-04  3.153629950785E+02  2.232922297288E-01  2.561403280414E-01 -1.832209914979E-01 -3.573523395921E-03  1.667589634794E-02  1.721226059801E+00 -2.638537761316E-03 -1.179438940393E-02  1.443292716500E-02 -1.273234694948E-02 -2.409325147902E-03  6.637763220763E-06  3.510949858391E-06 -1.551089260435E-05  4.986434077070E-02 -6.637763226575E-06  1.692990328692E-02  8.535632652049E-20 -1.847039133360E-20  3.347272247141E-20 -7.950609859239E-04
  3.034814979559E+02  3.070937204253E+02  1.775314745872E+01  1.899502801867E-13  8.374633133491E-03  3.161268072616E+02  2.213978502684E-01  2.552136380594E-01 -1.814932008067E-01 -3.964994418219E-03  1.568707807190E-01  1.715272394876E+00 -2.975592418590E-03 -1.026986265910E-02  1.324545507777E-02 -1.275142301685E-02 -2.842646025732E-03  7.199238223349E-06  3.176964257390E-06 -1.074146192696E-05  4.839280827120E-02 -7.199238323922E-06  1.817544723923E-02  8.864221991494E-20 -3.037570919681E-20  3.555758798562E-21 -7.952440125746E-04
  3.107059428946E+02  3.144265320380E+02  1.777492687783E+01  1.828071796948E-13  1.676594026927E-02  3.168817182288E+02  2.197348043383E-01  2.535514972428E-01 -1.795873920966E-01 -4.499715715129E-03  3.035004494733E-01  1.709481935672E+00 -3.470815991353E-03 -8.729260340248E-03  1.220007633164E-02 -1.262265841822E-02 -2.930715764791E-03  7.994941479439E-06  2.656010685117E-06 -9.250928081689E-06  4.617685970523E-02 -7.994941509040E-06  1.761702869860E-02  8.632428891907E-20 -1.834361313749E-20 -1.003027479952E-20 -7.725099722121E-04
  3.181471211814E+02  3.219793279992E+02  1.779605086997E+01  1.702152821362E-13  2.478553862074E-02  3.176134369787E+02  2.180895210522E-01  2.526507180273E-01 -1.777090296898E-01 -4.861450986523E-03  4.438543984339E-01  1.704875708456E+00 -3.862115034995E-03 -7.376480524538E-03  1.123859555969E-02 -1.208731045690E-02 -2.736572362393E-03 -1.626329359973E-06  2.848591696763E-06 -7.042814095081E-06  4.453006530085E-02  1.626329174883E-06  1.612771706527E-02  1.407579118339E-19 -2.513752619744E-20  4.754732950677E-21 -7.493985335448E-04
  3.258115348169E+02  3.297587078391E+02  1.781753983498E+01  1.568239982319E-13  3.224036645278E-02  3.183587282884E+02  2.163990845165E-01  2.515704311819E-01 -1.755585143472E-01 -5.435227736116E-03  5.768374857801E-01  1.703764683908E+00 -4.270221485152E-03 -6.038182936369E-03  1.030840442149E-02 -1.194256483042E-02 -2.380182541451E-03 -2.674200147953E-06  4.526696608678E-06 -5.385881073187E-06  4.225993116705E-02  2.674200149168E-06  1.445513331340E-02  1.584103396871E-19 -3.129051927845E-20 -1.081412100881E-20 -7.324868813091E-04
  3.337058808614E+02  3.377714690743E+02  1.783771251097E+01  1.440985451621E-13  3.905827224045E-02  3.190573220866E+02  2.147893254766E-01  2.509304123295E-01 -1.733631698599E-01 -5.814697087805E-03  6.987576623898E-01  1.705871576909E+00 -4.435734078670E-03 -4.777685437194E-03  9.213419515709E-03 -1.149546506578E-02 -2.303311100590E-03  1.826064777519E-06  6.009396383652E-06 -7.150938250769E-06  4.018656948480E-02 -1.826064900802E-06  1.265170025709E-02  1.190928891193E-19 -1.530247515310E-20 -1.098574188275E-20 -7.084068636600E-04
  3.418370572872E+02  3.460246131465E+02  1.785834973999E+01  1.346492207374E-13  4.510553286180E-02  3.197720702170E+02  2.133571405556E-01  2.503621547604E-01 -1.710684272792E-01 -6.319978077086E-03  8.078779109926E-01  1.707655715860E+00 -4.815983997729E-03 -3.394180197563E-03  8.210164195441E-03 -1.126528924350E-02 -1.804587872619E-03 -1.042726921654E-06  7.079722004083E-06 -8.743076486526E-06  3.745352224398E-02  1.042726913098E-06  1.205565480861E-02  8.571387028253E-20 -1.329890660382E-20 -1.025492545298E-20 -6.823356181975E-04
  3.502121690058E+02  3.545253515409E+02  1.787692002609E+01  1.299272101944E-13  5.168006740243E-02  3.204156631637E+02  2.120979902481E-01  2.487519341312E-01 -1.686572336789E-01 -6.749395439544E-03  9.258646088044E-01  1.714158817783E+00 -5.406907290911E-03 -2.097415432166E-03  7.504322722849E-03 -1.048712762277E-02 -1.919527101759E-03 -7.586748986516E-07  7.556893464843E-06 -6.362188651625E-06  3.414530998856E-02  7.586748401112E-07  1.220649856560E-02  1.534757277105E-19 -5.182947513602E-20 -9.415535545406E-21 -6.454353459760E-04
  3.588385340760E+02  3.632811120872E+02  1.789518638149E+01  1.264810465564E-13  5.827449478495E-02  3.210502727610E+02  2.110920526474E-01  2.465953865632E-01 -1.660766366234E-01 -7.194509070895E-03  1.045611639656E+00  1.716420628450E+00 -5.665122551342E-03 -8.876831159677E-04  6.552805667485E-03 -1.004145940737E-02 -1.760723834068E-03  7.166714884944E-06  6.934590112655E-06 -2.689174097082E-06  3.093101179714E-02 -7.166714920940E-06  1.108350395531E-02  1.112733901510E-19 -2.494182055451E-20 -1.479690821911E-20 -5.977994081549E-04
  3.677236900983E+02  3.722995454498E+02  1.791130043595E+01  1.248472644710E-13  6.400514745280E-02  3.216065555752E+02  2.102534267393E-01  2.452228889917E-01 -1.633080226370E-01 -7.721585741738E-03  1.150725747642E+00  1.718221323823E+00 -5.958502462150E-03  3.241531543789E-04  5.634349307417E-03 -9.140939505626E-03 -1.614260452563E-03  7.485113368346E-06  5.952711697342E-06  2.404757148510E-06  2.818624623222E-02 -7.485113379612E-06  8.048629338396E-03  9.352660529872E-20 -2.603143591527E-20 -1.860058329795E-20 -5.631431536722E-04
  3.768754008012E+02  3.815885318133E+02  1.792745126723E+01  1.237764675188E-13  6.748974818196E-02  3.221622472205E+02  2.093389200766E-01  2.428725107364E-01 -1.603723761900E-01 -8.096835830574E-03  1.215691909066E+00  1.734620433471E+00 -6.377732099787E-03  1.732474913116E-03  4.645257186491E-03 -8.939342403974E-03 -1.016795673298E-03  6.248587357314E-06  5.535478186119E-06  6.476850775858E-06  2.736262968581E-02 -6.248587327990E-06  5.052614978723E-03  1.136490597330E-19 -6.145649537599E-20 -4.792699725943E-20 -5.487416893781E-04
  3.863016628253E+02  3.911561877677E+02  1.794354525519E+01  1.191048884230E-13  6.997480261282E-02  3.227235289511E+02  2.081831754725E-01  2.398078719093E-01 -1.572593133028E-01 -8.526685058239E-03  1.260832957885E+00  1.757276565187E+00 -6.450604961946E-03  2.796180567843E-03  3.654424394185E-03 -8.674668808536E-03 -6.491837305654E-04  5.690328331243E-06  5.690049734349E-06  2.815635450532E-06  2.630112095878E-02 -5.690328379738E-06  1.976136098741E-03  1.307960389533E-19 -4.589833532590E-20 -2.445985158675E-20 -5.430002479696E-04
  3.960107127100E+02  4.010108734007E+02  1.795937918619E+01  1.141210011329E-13  6.992377607500E-02  3.232725851409E+02  2.065679065578E-01  2.373248564837E-01 -1.539542963120E-01 -8.953844053367E-03  1.261404072863E+00  1.772372386041E+00 -6.824737443510E-03  4.040262264909E-03  2.784475178672E-03 -8.723450629761E-03  3.203595951458E-06  3.526219638889E-06  5.802176632385E-06 -9.352014821849E-07  2.470340674816E-02 -3.526219681088E-06 -1.605900616279E-03  8.111436004614E-20 -1.728970343772E-20 -3.493083283473E-20 -5.404194392117E-04
  4.060110340913E+02  4.111611996027E+02  1.797441950093E+01  1.157893725924E-13  6.798064394660E-02  3.237944925550E+02  2.045083798113E-01  2.345574273707E-01 -1.504925562657E-01 -9.211891990039E-03  1.228813260931E+00  1.789022360347E+00 -7.245811525787E-03  5.318593081359E-03  1.927218443787E-03 -8.492288446186E-03  6.502990934112E-04  3.748443647128E-06  4.808069062961E-06 -2.168001899302E-06  2.318148130281E-02 -3.748443600560E-06 -3.946898733915E-03  1.073537354348E-19 -4.547664987306E-20 -2.756335348850E-20 -5.244078728732E-04
  4.163113651141E+02  4.216160355908E+02  1.798920248340E+01  1.200959225007E-13  6.482446059906E-02  3.243055420297E+02  2.022774918508E-01  2.333482219094E-01 -1.470648465847E-01 -9.636489589247E-03  1.175209083359E+00  1.815392917053E+00 -7.493266077240E-03  6.470212037941E-03  1.023054039424E-03 -8.335273064216E-03  9.199732007063E-04  1.395842365901E-06  3.942588099776E-06 -1.652160631392E-06  2.283048617069E-02 -1.395842358718E-06 -5.692271899581E-03  6.630065307215E-20 -2.187387625125E-20 -1.011977294106E-20 -5.180733818971E-04
  4.269207060675E+02  4.323845166585E+02  1.800469553564E+01  1.227329915939E-13  6.045357901184E-02  3.248429231967E+02  1.997654188733E-01  2.315401617168E-01 -1.434863750522E-01 -9.758172773866E-03  1.099216616201E+00  1.837356948383E+00 -7.796335381464E-03  7.706779573628E-03  8.955580832557E-05 -8.339550848744E-03  1.151818726160E-03  2.743942107467E-06  4.011817522984E-06 -5.017746235669E-06  2.341242145622E-02 -2.743942051513E-06 -6.181550880289E-03  1.294607790814E-19 -2.167612208261E-20 -4.555105335775E-20 -5.306623671897E-04
  4.378483272495E+02  4.434760521583E+02  1.802117973324E+01  1.259577523301E-13  5.643213832083E-02  3.254151510310E+02  1.970691166139E-01  2.293283471915E-01 -1.399019321452E-01 -9.830818585216E-03  1.028845008093E+00  1.855407505866E+00 -7.823876902139E-03  8.409132893779E-03 -5.852559914967E-04 -8.591883015220E-03  8.997409535582E-04  2.633546406430E-06  3.597105963262E-06 -1.093569741550E-05  2.321705572254E-02 -2.633546436281E-06 -6.005072671553E-03  1.315186984628E-19 -3.718686061643E-20 -3.926807773333E-20 -5.272063754422E-04
  4.491037770670E+02  4.549003337230E+02  1.803735242789E+01  1.289581225370E-13  5.201267884387E-02  3.259784858168E+02  1.943448686295E-01  2.251907539251E-01 -1.364225206658E-01 -1.010620149231E-02  9.524601990869E-01  1.865210491142E+00 -7.907715414346E-03  9.448440236131E-03 -1.540724821497E-03 -8.278006973143E-03  9.940277636059E-04 -3.866632618624E-06  2.941764550311E-06 -8.615346036357E-06  2.348571368564E-02  3.866632679305E-06 -3.115874722004E-03  1.270921310869E-19 -1.560291494946E-20 -3.345414751811E-20 -5.173043680340E-04
  4.606968903790E+02  4.666673437347E+02  1.805523724562E+01  1.282298098722E-13  5.189064128366E-02  3.266118596609E+02  1.912367909860E-01  2.240924584430E-01 -1.328349223785E-01 -1.000867447159E-02  9.525756756769E-01  1.889003228650E+00 -8.020363896557E-03  1.040896689726E-02 -2.388603001189E-03 -8.360753816529E-03 -5.116694483936E-05 -2.941205414373E-06  3.500801719197E-06 -1.809923708277E-06  2.444097854168E-02  2.941205429787E-06  1.339631569285E-04  1.049543018657E-19 -2.167567848332E-20 -4.903778449340E-20 -5.265485989254E-04
  4.726377970904E+02  4.787873640468E+02  1.807384478638E+01  1.204115603522E-13  5.217082672919E-02  3.272702502110E+02  1.877109376328E-01  2.209708271990E-01 -1.293723080621E-01 -1.007203199946E-02  9.601450801565E-01  1.920483140053E+00 -8.181492058073E-03  1.129483661222E-02 -3.113344554082E-03 -8.500670795164E-03 -4.812139454300E-04 -4.869297425992E-06  3.341580312586E-06  4.045369981967E-06  2.507403606439E-02  4.869297381069E-06  7.478161481667E-04  1.380023277015E-19 -9.757669832281E-21 -1.776990386962E-20 -5.360787197399E-04
  4.849369310031E+02  4.912709849682E+02  1.809375807372E+01  1.048909683068E-13  5.301373744754E-02  3.279759924934E+02  1.838576229851E-01  2.172210993651E-01 -1.256612162010E-01 -1.006020178649E-02  9.768715245312E-01  1.946170688075E+00 -8.373189664143E-03  1.201250942924E-02 -3.639319765073E-03 -8.639364697399E-03 -5.408002805075E-04 -3.175688048046E-06  2.949493102223E-06  3.749779240374E-06  2.573218925107E-02  3.175688009874E-06  7.471290843183E-04  1.528586005888E-19 -4.675803010041E-20 -2.119966391027E-20 -5.449030516351E-04
  4.976050389332E+02  5.041291145172E+02  1.811456906525E+01  8.135528101888E-14  5.332807939459E-02  3.287206481854E+02  1.796023391209E-01  2.131583341505E-01 -1.222011267344E-01 -9.942811891809E-03  9.865659779174E-01  1.981434352756E+00 -8.753576229869E-03  1.286212688848E-02 -4.108550658502E-03 -8.763925614148E-03 -2.269687415282E-04 -6.064396566117E-06  6.090918289214E-06  4.147226319275E-06  2.630978419542E-02  6.064396479614E-06 -9.924660734792E-04  1.526973004945E-19 -3.152348721131E-20 -4.606258103006E-20 -5.600460359087E-04
  5.106531901012E+02  5.173729879527E+02  1.813665636722E+01  6.232086143439E-14  5.137186638489E-02  3.295061502309E+02  1.751111752987E-01  2.092205058471E-01 -1.183600810228E-01 -9.834781399999E-03  9.566645751126E-01  2.015938636917E+00 -8.867954452232E-03  1.390055030242E-02 -5.032595849924E-03 -9.288096968972E-03  2.076758639310E-04 -3.674810319397E-06  1.040498033357E-05 -2.137273019328E-06  2.750354090548E-02  3.674810261243E-06 -4.413563744763E-03  1.273906908850E-19 -2.049166226365E-20 -3.159755506632E-20 -5.994627237016E-04
  5.240927858042E+02  5.310141775913E+02  1.816077924457E+01  5.519847252888E-14  4.593397503376E-02  3.303679400579E+02  1.701838904031E-01  2.055459934516E-01 -1.144934978664E-01 -9.677425272281E-03  8.660003677186E-01  2.048208506457E+00 -8.741749743682E-03  1.427206247636E-02 -5.530312732947E-03 -9.918345189358E-03  1.016769321926E-03 -8.550124072965E-06  1.055200849632E-05 -8.161959816856E-06  3.080318031604E-02  8.550124050091E-06 -6.498968321432E-03  1.219798963126E-19 -1.888723599439E-20 -2.951138416209E-20 -6.527220168830E-04
  5.379355693784E+02  5.450646029190E+02  1.818999325133E+01  5.057111731691E-14  4.013780824998E-02  3.314109111281E+02  1.647421132061E-01  2.027890462674E-01 -1.101688806081E-01 -9.463518320525E-03  7.683708620274E-01  2.073276735026E+00 -8.865761435796E-03  1.480888526800E-02 -5.943123831994E-03 -1.091246757856E-02  1.149144695698E-03 -6.336914963219E-06  7.731341986580E-06 -3.157900692537E-06  3.114366650574E-02  6.336914957050E-06 -5.342506590012E-03  1.533498938049E-19 -3.989053262158E-20 -3.583203856129E-20 -6.625191456998E-04
  5.521936364597E+02  5.595365410066E+02  1.821629262410E+01  4.206871020522E-14  3.641730970909E-02  3.323496343802E+02  1.593354091957E-01  2.003243928076E-01 -1.063489704994E-01 -9.024365784138E-03  7.091335370209E-01  2.115468619452E+00 -8.939429586473E-03  1.548303620449E-02 -6.543606617953E-03 -1.035652205710E-02  1.033464775025E-03  1.548050578762E-06  6.919808745171E-06 -2.947793153345E-06  3.048468674047E-02 -1.548050602973E-06 -4.664418941948E-03  9.912621355771E-20 -2.873330485842E-20 -3.513433013418E-20 -6.697820720080E-04
  5.668794455535E+02  5.743794455535E+02  1.824593354945E+01  3.227155579803E-14  3.158852701821E-02  3.334101816508E+02  1.541056135538E-01  1.993996078352E-01 -1.019203476385E-01 -8.855291826333E-03  6.263025518253E-01  2.148999556569E+00 -8.739615310976E-03  1.563517684141E-02 -6.895561530289E-03 -1.113051045474E-02  1.012905965679E-03 -4.194394071100E-07  8.041927409918E-06 -2.779677005288E-06  3.440680165523E-02  4.194393758907E-07 -8.002127388578E-03  1.131668537597E-19 -2.029609291295E-20 -2.896379975269E-20 -7.363735820081E-04
  5.818794455535E+02  5.893794455535E+02  1.828079027654E+01  2.572665865064E-14  2.138661523882E-02  3.346682951333E+02  1.488560546832E-01  1.978619297135E-01 -9.806664152888E-02 -8.437663964239E-03  4.481977648483E-01  2.139494557751E+00 -8.466966947918E-03  1.528163813771E-02 -6.814671189883E-03 -1.220534104727E-02  1.855911959613E-03 -1.652874004897E-06  8.584128748812E-06 -1.289720725053E-06  3.668429422608E-02  1.652873984664E-06 -7.759640497516E-03  7.723719258268E-20 -1.159741592557E-20 -2.303669099087E-20 -7.727302685998E-04
  5.968794455535E+02  6.043794455535E+02  1.831468805441E+01  2.089340679634E-14  1.700202755265E-02  3.358947314347E+02  1.437416466523E-01  1.954617856405E-01 -9.366851753599E-02 -8.083784924868E-03  3.741370422535E-01  2.127828591290E+00 -8.535581152274E-03  1.507816531284E-02 -6.542584160897E-03 -1.253942192938E-02  9.274769537580E-04  3.862608633159E-06  7.740907538197E-06  4.130574688591E-06  3.812329637019E-02 -3.862608645728E-06 -6.784364625006E-03  8.096876904062E-20 -1.972314968952E-20 -2.183745219636E-20 -7.997488366750E-04
  6.118794455535E+02  6.193794455535E+02  1.835225322223E+01  1.441627951274E-14  8.674886431214E-03  3.372580600169E+02  1.385973417842E-01  1.920299586890E-01 -8.955238577849E-02 -7.462670952890E-03  2.258911460136E-01  2.133284557633E+00 -8.338860451463E-03  1.515147344762E-02 -6.812612996045E-03 -1.318150680523E-02  1.488176639990E-03  1.342489391176E-06  6.091178464837E-06  1.883364804040E-06  4.264649120146E-02 -1.342489400516E-06 -6.451181379616E-03  9.249270738945E-20 -2.134074125366E-20 -2.542263259043E-20 -8.696246952558E-04
  6.268794455535E+02  6.343794455535E+02  1.839465155276E+01  9.884732500113E-15  4.931032043379E-03  3.388007249790E+02  1.336206789388E-01  1.903980810443E-01 -8.519118240169E-02 -7.135169668279E-03  1.591339502052E-01  2.112298176899E+00 -8.070775289708E-03  1.465238268351E-02 -6.581607393934E-03 -1.423740479509E-02  8.739086310631E-04 -2.410328732730E-06  3.005405442172E-06  1.992559069250E-06  4.384903798132E-02  2.410328731713E-06 -7.253127130995E-03  6.531685326369E-20 -4.490408591909E-21 -1.494036750671E-20 -8.629976614456E-04
  6.418794455535E+02  6.493794455535E+02  1.843446881895E+01  1.004765888546E-14 -4.933228096251E-03  3.402468644625E+02  1.288155680847E-01  1.880550122205E-01 -8.119382590446E-02 -6.233815316881E-03 -2.274661546101E-02  2.090691266520E+00 -8.286544067481E-03  1.461524696342E-02 -6.328702895770E-03 -1.337446938287E-02  1.525584173534E-03 -9.078945723378E-06 -2.204932554441E-06  2.031451212336E-06  4.130440886245E-02  9.078945739393E-06 -7.410591546503E-03  1.266403172396E-20 -9.891586619850E-21 -1.549506715551E-20 -8.014166802624E-04
  6.568794455535E+02  6.643794455535E+02  1.847207362360E+01  9.764070917536E-15 -8.982227985606E-03  3.416170928615E+02  1.243501917370E-01  1.849467840649E-01 -7.728215571043E-02 -5.879046602981E-03 -9.751084223299E-02  2.085005142259E+00 -7.711623042988E-03  1.406569464999E-02 -6.354071606935E-03 -1.263229191185E-02  9.773118297164E-04 -2.973856780538E-06 -5.153556106563E-06  1.338079300059E-05  4.397287614362E-02  2.973856766451E-06 -5.277594447776E-03  4.803262175779E-20 -7.077690621289E-21 -2.942922680243E-20 -8.401007394302E-04
  6.718794455535E+02  6.793794455535E+02  1.851690503538E+01  6.213629148248E-15 -1.481185052865E-02  3.432546254570E+02  1.199052275629E-01  1.803479381324E-01 -7.362000652394E-02 -5.124577980347E-03 -2.060396903201E-01  2.079553190523E+00 -7.582591463253E-03  1.420598948727E-02 -6.623398023942E-03 -1.423795559445E-02  1.113294994948E-03  9.243408261468E-06 -4.889778888877E-06  1.645679729063E-05  4.678549181832E-02 -9.243408257127E-06 -3.171053679950E-03  4.438551397398E-20 -9.964963195733E-21 -1.274755201453E-20 -8.972579601286E-04
  6.868794455535E+02  6.943794455535E+02  1.855980791143E+01  4.266973348728E-15 -1.491610846501E-02  3.448225183970E+02  1.157571095137E-01  1.749289019541E-01 -7.003388651637E-02 -4.872850348931E-03 -2.093478272067E-01  2.041396535618E+00 -7.317226170771E-03  1.370505726417E-02 -6.387831093661E-03 -1.402432508798E-02  2.626496489925E-04  8.936132314352E-06 -4.908245009996E-06  1.138301349220E-05  4.446415628933E-02 -8.936132313015E-06 -3.073752077171E-04  3.970873257912E-20 -2.265596682318E-20 -2.640692181645E-20 -8.468122428477E-04
  7.018794455535E+02  7.093794455535E+02  1.860025902539E+01  6.212697601741E-15 -1.539759060283E-02  3.463046448772E+02  1.121214298693E-01  1.697862410822E-01 -6.639517138885E-02 -4.202095922487E-03 -2.226124747730E-01  2.026967541415E+00 -6.976986726536E-03  1.347270617781E-02 -6.495719451391E-03 -1.337416841670E-02 -1.344272920893E-05  2.733407872581E-06 -4.759951315644E-06  1.058080608927E-06  4.358588313062E-02 -2.733407841292E-06 -2.444660327316E-03  5.137887621449E-20 -2.327441089842E-21 -1.699170967854E-20 -8.457338709357E-04
  7.168794455535E+02  7.243794455535E+02  1.864150908444E+01  5.061112987037E-15 -1.950815568046E-02  3.478171291929E+02  1.089488209001E-01  1.630868152993E-01 -6.262887525473E-02 -3.496597314399E-03 -3.053236225048E-01  1.984146179597E+00 -6.554195428475E-03  1.281143667053E-02 -6.257241241836E-03 -1.340158691037E-02  7.082403877037E-04  2.777673264251E-06 -3.391944264806E-06 -4.702695967980E-06  4.210260694603E-02 -2.777673281044E-06 -4.401129988281E-03  5.518957913899E-20  9.584737153836E-22 -3.220134989130E-20 -7.936767655615E-04
  7.318794455535E+02  7.393794455535E+02  1.867920709344E+01  1.631586069954E-15 -2.365793974648E-02  3.492024329241E+02  1.057977240700E-01  1.528888642857E-01 -5.887468737041E-02 -2.988746300893E-03 -3.894886850574E-01  1.967122276169E+00 -6.791816817997E-03  1.244930867403E-02 -5.657491856041E-03 -1.220533075603E-02  8.938614849227E-04 -1.531586438914E-06 -1.475805681072E-06  4.712793859503E-06  4.096638265222E-02  1.531586453454E-06 -5.624603913066E-03  4.879927850425E-20 -1.686263043117E-20 -2.067657065927E-20 -7.722880949810E-04
  7.468794455535E+02  7.543794455535E+02  1.871831754761E+01 -2.074242976454E-15 -3.006284965461E-02  3.506424159466E+02  1.026061568906E-01  1.436316557493E-01 -5.522577449784E-02 -2.470075599449E-03 -5.155917689667E-01  1.929874965814E+00 -6.213391754472E-03  1.172578152732E-02 -5.512389772600E-03 -1.245257526243E-02  1.098162290237E-03  1.392241585623E-07  3.605040617400E-07 -9.480214878388E-07  4.135143334829E-02 -1.392241863014E-07 -9.614042956777E-03  5.523754865042E-20 -9.857179436564E-21 -2.117576487644E-20 -7.683268558495E-04
  7.618794455535E+02  7.693794455535E+02  1.875673242613E+01 -5.038954496717E-15 -4.170464739024E-02  3.520610616393E+02  9.920486916531E-02  1.374565640760E-01 -5.131812508702E-02 -1.675236789909E-03 -7.401897294633E-01  1.880230430682E+00 -5.982699074119E-03  1.120247766391E-02 -5.219778589690E-03 -1.198573071304E-02  1.859833371347E-03  1.572523303831E-06  2.690312195163E-06 -2.999707146857E-06  3.924569495824E-02 -1.572523287851E-06 -1.191562009927E-02  2.882988358798E-20 -4.283446730195E-21 -3.311081250051E-20 -7.095183871690E-04
  7.768794455535E+02  7.843794455535E+02  1.879191906043E+01 -4.582480228610E-15 -5.241696381472E-02  3.533647782518E+02  9.541202597664E-02  1.312890705784E-01 -4.774179324926E-02 -1.301741363435E-03 -9.476399358347E-01  1.841083629181E+00 -5.835833394000E-03  1.044863331441E-02 -4.612799920432E-03 -1.074883015560E-02  1.880084797370E-03  5.555873003449E-06  3.654626008611E-06 -1.682751630765E-06  3.766563192730E-02 -5.555872991401E-06 -1.099032949093E-02  7.799329898871E-21 -2.466600521915E-21 -3.410698504107E-20 -6.545140807733E-04
  7.918794455535E+02  7.993794455535E+02  1.882736135062E+01 -3.839095274322E-15 -6.229892545203E-02  3.546793648274E+02  9.137708270162E-02  1.289577553782E-01 -4.362516450815E-02 -9.969515213469E-04 -1.140027868978E+00  1.800041937009E+00 -4.483663477702E-03  9.694236043033E-03 -5.210572565443E-03 -1.025626020591E-02  1.604202019148E-03  1.218329471104E-06  2.346702934880E-06 -1.871908458513E-06  3.532522847047E-02 -1.218329496227E-06 -9.975747362625E-03  1.383745799646E-20 -4.031472125767E-21 -5.772997783256E-20 -6.129853086896E-04
  8.068794455535E+02  8.143794455535E+02  1.885813755140E+01 -3.890070774185E-15 -7.112217431528E-02  3.558227775432E+02  8.743775791640E-02  1.234717748645E-01 -3.996929870939E-02 -9.308437603224E-04 -1.312002929027E+00  1.777378153508E+00 -4.606567195123E-03  9.523554855071E-03 -4.916987659981E-03 -9.426013404919E-03  1.242744561961E-03 -1.074416532215E-06  3.853500000934E-06 -7.438320315173E-08  3.321408946891E-02  1.074416555221E-06 -8.835271408356E-03  8.978496558439E-21 -7.515176561859E-21 -2.307139233088E-20 -5.900670312945E-04
  8.218794455535E+02  8.293794455535E+02  1.888965644330E+01 -2.359608891380E-15 -7.888469095906E-02  3.569973020198E+02  8.345191999716E-02  1.190763879144E-01 -3.585525386991E-02 -6.535531627592E-04 -1.465883127139E+00  1.738742373946E+00 -4.069157212529E-03  8.854548143973E-03 -4.785390931647E-03 -9.292738706290E-03  1.032119920373E-03  2.374563653262E-06  3.430335455243E-06 -2.007628458126E-06  3.293812031965E-02 -2.374563646927E-06 -6.481544341533E-03  9.297207511515E-21  2.685816831281E-21 -3.897419136897E-20 -5.561954258126E-04
  8.368794455535E+02  8.443794455535E+02  1.891993700338E+01 -2.837455820072E-15 -8.328808622773E-02  3.581294790987E+02  7.949812089460E-02  1.148791504974E-01 -3.231390854654E-02 -5.246526899932E-04 -1.556340244373E+00  1.700530292113E+00 -3.581642862627E-03  8.384184077766E-03 -4.802541215177E-03 -8.573040902729E-03  3.548224033206E-04 -7.050488441718E-07  2.609421574358E-06  7.008160261414E-07  3.039472884004E-02  7.050488582187E-07 -5.362888797631E-03  1.408130309784E-20 -5.436008560240E-21 -2.328674680358E-20 -5.054246646842E-04
  8.518794455535E+02  8.593794455535E+02  1.894665765055E+01 -6.933241921842E-15 -8.893341976311E-02  3.591273619230E+02  7.542531736605E-02  1.132659366024E-01 -2.845951378991E-02 -4.703788544694E-04 -1.668624629109E+00  1.651609053774E+00 -3.599242351012E-03  7.861717350275E-03 -4.262474998956E-03 -7.433534526703E-03  6.094649137410E-04 -3.169044443725E-06  4.309522096709E-06  3.388112556227E-06  2.594572283983E-02  3.169044436230E-06 -5.223435738593E-03  1.128666150876E-20 -6.260809560958E-21 -2.441226524729E-20 -4.223835502804E-04
  8.668794455535E+02  8.743794455535E+02  1.896857980315E+01 -1.053072505725E-14 -9.307358124268E-02  3.599464624340E+02  7.074145309321E-02  1.140334804049E-01 -2.488210105098E-02 -4.169910824878E-04 -1.750739111280E+00  1.631365891859E+00 -3.271505350860E-03  7.582211379770E-03 -4.310706029099E-03 -6.252426828268E-03  5.940054411752E-04 -2.683980473636E-06  2.613456447259E-06  5.117437097839E-06  2.353982665280E-02  2.683980504007E-06 -5.438683798826E-03 -7.080994273041E-21 -1.463929251568E-20 -2.663319721270E-20 -3.811172815225E-04
  8.818794455535E+02  8.893794455535E+02  1.899078452433E+01 -1.107368240797E-14 -9.913164489188E-02  3.607801347449E+02  6.541979050334E-02  1.127310872389E-01 -2.125097731517E-02 -3.468600373786E-04 -1.870436731874E+00  1.615965543844E+00 -2.794972220213E-03  7.157252644811E-03 -4.362280424561E-03 -5.888444617129E-03  7.493643696068E-04 -1.289602192892E-05 -1.107577552795E-06  1.928745718033E-06  2.081985058941E-02  1.289602192775E-05 -3.317479505554E-03 -3.304882520008E-21 -6.640993475903E-21 -2.530229433103E-20 -3.345542026688E-04
  8.968794455535E+02  9.043794455535E+02  1.900761539515E+01 -1.059261214622E-14 -9.930670251660E-02  3.614140597265E+02  5.967629007741E-02  1.120507234402E-01 -1.807252755113E-02 -3.319477778669E-04 -1.876717663666E+00  1.574771961688E+00 -2.605287171337E-03  6.713480408376E-03 -4.108193237275E-03 -4.744069442348E-03 -7.893993591391E-05 -3.127992697428E-06 -2.023522077288E-07  6.173389608824E-06  1.891053725865E-02  3.127992730977E-06 -1.535793007929E-03  8.615467356964E-22 -1.153921834977E-20 -3.863013664014E-20 -2.836149515130E-04
  9.118794455535E+02  9.193794455535E+02  1.902625096267E+01 -1.134672166699E-14 -1.020353906628E-01  3.621175302920E+02  5.353745069984E-02  1.136265391330E-01 -1.472401537038E-02  8.334900920598E-05 -1.933169675385E+00  1.535061799259E+00 -2.112477518347E-03  6.071101030340E-03 -3.958623512446E-03 -4.503333612591E-03  3.915895875610E-04  3.000796446799E-06  2.167696381627E-06  4.531692466319E-06  1.967969925602E-02 -3.000796458140E-06 -2.150480910867E-03  3.622489296303E-22 -8.599716348648E-21 -2.558431159482E-20 -2.693860288161E-04
  9.268794455535E+02  9.343794455535E+02  1.904452692289E+01 -1.271453457565E-14 -1.033437237552E-01  3.628084109226E+02  4.664149586496E-02  1.151388019942E-01 -1.194092596585E-02  1.764253115434E-04 -1.963692849083E+00  1.513864880048E+00 -2.302956062419E-03  5.975316454125E-03 -3.672360391499E-03 -4.034634077995E-03  1.698890451053E-04  1.781697136157E-06  2.892736551541E-06  5.944279670833E-06  1.730708192934E-02 -1.781697118583E-06 -1.856952124621E-03 -6.787004067952E-22 -1.527610723282E-21 -2.516916718174E-20 -2.243236437656E-04
  9.418794455535E+02  9.493794455535E+02  1.905871152774E+01 -1.251256260063E-14 -1.055061488853E-01  3.633442857329E+02  3.909850367934E-02  1.179168361125E-01 -8.659950681410E-03  3.394844856706E-04 -2.010589291768E+00  1.482553989699E+00 -1.271524106134E-03  5.123032449179E-03 -3.851508343140E-03 -3.221858906521E-03  2.758539855259E-04 -1.257996605729E-06  6.820240047406E-06 -8.684997179390E-07  1.690377764726E-02  1.257996589511E-06 -3.855674058151E-03 -1.498637108990E-21 -5.275168927444E-21 -1.172720340897E-20 -2.169266874203E-04
  9.568794455535E+02  9.643794455535E+02  1.907623568041E+01 -1.029782950174E-14 -1.105915666082E-01  3.640095959574E+02  2.994738504037E-02  1.194331950363E-01 -6.300865422635E-03  3.809932163337E-04 -2.110881227430E+00  1.494108555695E+00 -1.442672349931E-03  4.920437625811E-03 -3.477765275737E-03 -3.674296715244E-03  6.547190423073E-04 -3.210135819410E-06  6.937669956069E-06 -2.475152023418E-06  1.666252054419E-02  3.210135857644E-06 -1.066720886879E-02 -4.645140104181E-21 -1.065810152384E-21 -1.249920933320E-20 -2.161958068655E-04
  9.718794455535E+02  9.793794455535E+02  1.908997670644E+01 -6.259142003885E-15 -1.255340958077E-01  3.645318136297E+02  2.043062676137E-02  1.290162986856E-01 -3.381670544719E-03  3.955272608005E-04 -2.399148842292E+00  1.607527201948E+00 -4.141581689589E-03  6.883389821850E-03 -2.741808132203E-03 -3.292636018720E-03  1.823285773774E-03 -2.345421840532E-06  4.394858056716E-06 -9.391484564038E-06  1.760500379897E-02  2.345421852275E-06 -1.496261984084E-02 -1.694646145352E-21 -4.146000297154E-21 -1.119447345542E-20 -2.461626643321E-04
  9.868794455535E+02  9.943794455535E+02  1.910927225294E+01 -1.722969857065E-15 -1.386494534771E-01  3.652889995847E+02  5.393294436807E-03  1.631182694913E-01 -1.095820479583E-03 -4.117404557103E-05 -2.651442785532E+00  1.472090961154E+00 -8.336635518333E-04  1.955081958473E-03 -1.121418407274E-03 -3.731720289655E-03  2.110633580184E-03  6.725040235320E-06  2.099525664254E-06 -9.889021236133E-06  1.028325110501E-02 -6.725040204292E-06 -6.994222836646E-03 -8.069814654422E-21  1.439843093908E-21 -2.727092199466E-20 -9.196846971080E-05
