                   y                  ym                   U                   V                   W                 U^2                 V^2                 W^2                  UV                  VW                  UW                VISC               SFSxx               SFSyy               SFSzz               SFSxy               SFSyz                dUdX                dVdX                dWdX                dUdY                dVdY                dWdY                dUdZ                dVdZ                dWdZ              SFSxym
 -4.000000000000E+00 -2.000000000000E+00  0.000000000000E+00  0.000000000000E+00  0.000000000000E+00  0.000000000000E+00  0.000000000000E+00  0.000000000000E+00  0.000000000000E+00  0.000000000000E+00  0.000000000000E+00  0.000000000000E+00  0.000000000000E+00  0.000000000000E+00  0.000000000000E+00  0.000000000000E+00  0.000000000000E+00  0.000000000000E+00  0.000000000000E+00  0.000000000000E+00  0.000000000000E+00  0.000000000000E+00  0.000000000000E+00  0.000000000000E+00  0.000000000000E+00  0.000000000000E+00  0.000000000000E+00
  2.220446049250E-16  2.000000000000E+00  6.160500370825E+00 -3.344375702300E-15 -9.692240508822E-02  3.952336796641E+01  3.574930494533E-02  4.720656128614E-01 -1.078258958643E-01 -6.114262199422E-04 -5.986972457723E-01  1.252190479934E+00 -1.454751727740E-03  6.528183482770E-03 -5.073431755725E-03 -3.981898050955E+00  3.923680387338E-02 -9.333353509381E-04 -6.780413112252E-05 -2.038257381833E-05  2.766110984759E+01  9.333353508927E-04 -4.442325328625E-01  4.439652274879E-20 -3.298532741645E-22  3.822327051793E-20 -1.407140781203E-02
  4.000000000000E+00  6.000000000000E+00  7.669905319412E+00 -8.844947922230E-15 -1.251678173779E-01  6.062169256815E+01  1.428622918388E-01  5.220286822077E-01 -2.282628630729E-01  8.790926123979E-04 -9.729535887166E-01  4.816874162205E+00  2.119788995565E-01 -1.846734044477E-01 -2.730549510786E-02 -1.070538197044E+00 -2.793466375761E-02  2.596024902617E-04 -1.028682578700E-04 -2.778838702675E-05  3.973433119161E+00 -2.596024903322E-04 -7.008886781497E-02  8.512099664177E-20  9.161558605424E-21 -5.005863192551E-21 -7.036867197145E-02
  8.000000000000E+00  1.000000000000E+01  8.147182907373E+00 -1.072829881934E-14 -1.320058902314E-01  6.787060667961E+01  1.798135848681E-01  4.976626035557E-01 -2.220263026549E-01  8.085234769039E-04 -1.086308826570E+00  5.106690314550E+00  1.066439913742E-01 -2.429918383406E-01  1.363478469652E-01 -5.466049535883E-01 -1.115427591875E-02  1.691592101221E-04 -5.076333487247E-05  6.571512965352E-06  1.829462633763E+00 -1.691592101883E-04 -1.958423817330E-02  2.611124092086E-20 -1.682934851529E-20  3.555732439776E-20 -3.259323998965E-02
  1.200000000000E+01  1.400000000000E+01  8.584773134257E+00 -9.066678795186E-15 -1.350327436860E-01  7.515722475010E+01  2.012996649662E-01  4.904304353173E-01 -2.411904126746E-01  1.245070742766E-03 -1.170427932227E+00  5.033492022838E+00  1.010926984410E-01 -2.251336717757E-01  1.240409733370E-01 -5.078646132926E-01  2.573621085085E-03  1.611586125523E-04 -2.242291115692E-05  1.172923893057E-05  1.489384923799E+00 -1.611586126242E-04 -8.429632203124E-03  5.053489240376E-20  1.387905772112E-20  4.451162728299E-20 -2.735815769378E-02
  1.600000000000E+01  1.800000000000E+01  8.891892637963E+00 -6.039342275698E-15 -1.360731952571E-01  8.044145394192E+01  2.181329068581E-01  4.854829259219E-01 -2.415236887527E-01  1.267236157281E-03 -1.221086533875E+00  4.743607482903E+00  8.340953967249E-02 -2.025654143538E-01  1.191558746822E-01 -3.606169097255E-01  2.351288812855E-03  2.172610818928E-05 -1.446034333633E-05 -1.130844130917E-05  1.141359839644E+00 -2.172610811892E-05 -5.129430306841E-03  2.851052680388E-20 -6.154745798932E-21  3.668474748616E-20 -2.064127139293E-02
  2.000000000000E+01  2.200000000000E+01  9.155350490970E+00 -3.645671149225E-15 -1.375447571175E-01  8.515334593887E+01  2.322132246308E-01  4.851802013524E-01 -2.471067312423E-01  1.448544985979E-03 -1.270223964795E+00  4.556264183973E+00  7.378746786552E-02 -1.859627527862E-01  1.121752849200E-01 -3.053300988149E-01  1.437533170694E-03  5.462611781327E-05 -1.377540681227E-05 -2.758101440811E-05  9.537097526127E-01 -5.462611806388E-05 -5.413102798494E-03 -1.116504692122E-20 -8.448561020204E-21  9.043121896032E-20 -1.726362748396E-02
  2.400000000000E+01  2.600000000000E+01  9.368709597715E+00 -2.158866803678E-15 -1.388066344763E-01  8.906086261738E+01  2.440853801116E-01  4.845673258378E-01 -2.477214146735E-01  1.563468654192E-03 -1.311290998298E+00  4.356248342186E+00  6.441484432878E-02 -1.706349075942E-01  1.062200632661E-01 -2.475253442025E-01  1.137136763398E-03  1.342214075746E-04 -6.793971777163E-06 -2.583353463178E-05  8.013122511624E-01 -1.342214074955E-04 -5.105583095388E-03  1.003199789997E-20 -7.787074876535E-22  7.395538264936E-20 -1.440299680422E-02
  2.800000000000E+01  3.000000000000E+01  9.556288325038E+00  3.433939692205E-16 -1.400886963589E-01  9.258143919801E+01  2.539585541769E-01  4.838695742876E-01 -2.496989514150E-01  1.713713738731E-03 -1.349816450160E+00  4.196342065665E+00  5.811085910126E-02 -1.585405195512E-01  1.004296604492E-01 -2.149665307227E-01  8.138087038154E-04  7.867290889014E-05 -6.576019339078E-06 -1.148064941086E-05  6.979396573217E-01 -7.867290874853E-05 -5.726378540905E-03  1.482083453835E-21 -4.101465407584E-20  8.627203108108E-20 -1.248783625364E-02
  3.200000000000E+01  3.400000000000E+01  9.717735238984E+00  3.594352530997E-15 -1.416731771373E-01  9.566556950684E+01  2.621432114496E-01  4.830088482266E-01 -2.498728686235E-01  1.828364973021E-03 -1.387603174070E+00  4.038509137252E+00  5.193221405369E-02 -1.474709814326E-01  9.553876737929E-02 -1.851875160499E-01  1.200602191086E-03 -2.326259567931E-05 -1.282639852188E-05  3.818388526424E-05  6.145757081415E-01  2.326259564843E-05 -7.166977538652E-03  3.291953519518E-20  8.112674907557E-21  1.167878400896E-19 -1.093865512866E-02
  3.600000000000E+01  3.800000000000E+01  9.863323484926E+00  2.449537137075E-15 -1.437096929990E-01  9.849526211546E+01  2.689363043393E-01  4.822039220676E-01 -2.503800585284E-01  2.061838074754E-03 -1.428508860378E+00  3.899742600556E+00  4.688866126797E-02 -1.376042350970E-01  9.071557383290E-02 -1.659029876618E-01  1.401209099581E-03 -7.062269358300E-05 -1.156965918498E-05  2.664070986547E-05  5.518054074757E-01  7.062269347841E-05 -5.990517747872E-03  2.298273264589E-20 -3.172698777131E-21  9.203562481251E-20 -9.779995881184E-03
  4.000000000000E+01  4.200000000000E+01  9.993604404610E+00 -3.432571609764E-16 -1.447114015294E-01  1.010652206586E+02  2.745018727728E-01  4.811405386503E-01 -2.502795565602E-01  2.257290286892E-03 -1.458134914207E+00  3.775084161784E+00  4.247760351253E-02 -1.290840830909E-01  8.660647957964E-02 -1.475747353139E-01  6.770593061702E-04  1.270927595379E-05 -8.731534926694E-06 -1.003152984579E-05  5.004382364616E-01 -1.270927616827E-05 -3.179061151690E-03  4.439686021793E-20 -3.032962325507E-20  9.016101215217E-20 -8.834345104286E-03
  4.400000000000E+01  4.600000000000E+01  1.011367797016E+01 -4.753962703820E-16 -1.453140112726E-01  1.034642996949E+02  2.790491842571E-01  4.815774642209E-01 -2.501780550673E-01  2.459042071119E-03 -1.483150354707E+00  3.668298650941E+00  3.866399981911E-02 -1.218655765137E-01  8.320157669480E-02 -1.349010749264E-01  2.739379514398E-04  1.029472764306E-04 -1.037351805639E-05  1.517258121626E-05  4.611768044278E-01 -1.029472765824E-04 -4.101492593034E-03  6.575548342521E-20 -2.046821659175E-20  6.720606158458E-20 -8.090873477400E-03
  4.800000000000E+01  5.000000000000E+01  1.022430078981E+01  3.382483384819E-15 -1.466619972115E-01  1.057011468239E+02  2.828455701236E-01  4.829047765580E-01 -2.498949311272E-01  2.629266314845E-03 -1.514897491557E+00  3.570090123352E+00  3.609983756050E-02 -1.158001658901E-01  7.970032832872E-02 -1.239924654049E-01  6.444559844248E-04  3.133435677482E-05 -1.180061157600E-05  4.663309426848E-05  4.292671984430E-01 -3.133435666530E-05 -6.573765042119E-03  4.622631612598E-20 -7.593890685989E-21  7.659278489779E-20 -7.467093899302E-03
  5.200000000000E+01  5.400000000000E+01  1.032825130441E+01  1.298449314648E-14 -1.485301324046E-01  1.078257433458E+02  2.860407054498E-01  4.846623664920E-01 -2.494119190893E-01  2.893726296491E-03 -1.551460369241E+00  3.480360565714E+00  3.324094446137E-02 -1.099810891061E-01  7.674014464484E-02 -1.152548225821E-01  8.819012694865E-04 -6.675766812927E-05 -6.928058199306E-06  1.870776269472E-05  4.035118268074E-01  6.675766788268E-05 -7.458865642635E-03  1.711976216782E-20  1.050203403381E-20  1.093395653038E-19 -6.936099634888E-03
  5.600000000000E+01  5.800000000000E+01  1.042592481578E+01  2.332636065461E-14 -1.504468547319E-01  1.098435952398E+02  2.885711362001E-01  4.856704476217E-01 -2.489530466749E-01  3.055447958969E-03 -1.588684122567E+00  3.404067633849E+00  3.050213601130E-02 -1.050897264075E-01  7.458759039548E-02 -1.073488049605E-01  6.827537652495E-04 -1.592861384292E-05  1.719444151907E-06 -4.112222823232E-05  3.813126035955E-01  1.592861396053E-05 -6.876154209240E-03  4.389174909154E-20  1.009213962766E-20  9.339069581929E-20 -6.497234630097E-03
  6.000000000000E+01  6.200000000000E+01  1.051883829760E+01  3.588103786833E-14 -1.519978045459E-01  1.117818755633E+02  2.905821877843E-01  4.856606315831E-01 -2.483601438543E-01  3.344725438161E-03 -1.621280500406E+00  3.330763852957E+00  2.866273463730E-02 -1.007496925047E-01  7.208695786613E-02 -1.007543901733E-01  5.143344551747E-04  2.681417716069E-05  1.185996037819E-05 -4.536965880576E-05  3.606826405868E-01 -2.681417666111E-05 -4.171558267191E-03  4.376367669905E-20  4.188687818308E-21  7.627329344153E-20 -6.100339898762E-03
  6.400000000000E+01  6.600000000000E+01  1.060637086004E+01  5.014937788679E-14 -1.525742395693E-01  1.136234040908E+02  2.921286096500E-01  4.848589690417E-01 -2.477007477316E-01  3.563511363327E-03 -1.642510524456E+00  3.260254376980E+00  2.699572292377E-02 -9.671102043207E-02  6.971529750795E-02 -9.451273757626E-02  3.284949988257E-05 -8.274738347104E-07  1.964813105961E-05 -3.286028426942E-05  3.409381383592E-01  8.274736290660E-07 -2.837873680535E-04  3.101807484217E-20 -9.089887749295E-21  5.733495916777E-20 -5.741872901806E-03
  6.800000000000E+01  7.000000000000E+01  1.068943058469E+01  6.486073895855E-14 -1.522004895527E-01  1.153842865945E+02  2.931847520748E-01  4.827410061783E-01 -2.469329305295E-01  3.862696978200E-03 -1.653141679558E+00  3.198696799816E+00  2.571140456266E-02 -9.331099010257E-02  6.759958553889E-02 -8.945387608038E-02 -6.827776500536E-04 -5.280973117655E-05  2.097329152743E-05 -3.428885722617E-05  3.260964728362E-01  5.280973173693E-05  3.005236172072E-03  2.089136874544E-20 -1.809462697366E-20  7.617024378435E-20 -5.462446162265E-03
  7.200000000000E+01  7.400000000000E+01  1.076938650538E+01  7.098431543083E-14 -1.511485821643E-01  1.170928132693E+02  2.938774241557E-01  4.802639805064E-01 -2.461619550810E-01  4.073937589514E-03 -1.656072206219E+00  3.140272534963E+00  2.440892494542E-02 -9.016444053308E-02  6.575551558820E-02 -8.536092610739E-02 -1.280912276843E-03  9.386840262599E-07  2.164068279043E-05 -3.829666075906E-05  3.135795466077E-01 -9.386841751962E-07  4.288242782489E-03  3.570889441586E-20 -2.704670364837E-21  8.373321520775E-20 -5.224499031479E-03
  7.600000000000E+01  7.800000000000E+01  1.084621344260E+01  6.652278612222E-14 -1.501371769387E-01  1.187466946214E+02  2.943890190608E-01  4.776938304623E-01 -2.453314153978E-01  4.325171035388E-03 -1.659204330124E+00  3.079066846128E+00  2.333212101974E-02 -8.709338257101E-02  6.376126155104E-02 -8.166642465975E-02 -1.175704810858E-03  4.746089838743E-07  2.199030109530E-05 -3.307773805466E-05  3.012369455520E-01 -4.746090572865E-07  3.706427742046E-03 -2.553430123789E-20  1.836645542875E-20  6.387831357556E-20 -4.977572574180E-03
  8.000000000000E+01  8.200000000000E+01  1.092003248181E+01  6.307741387950E-14 -1.492669073017E-01  1.203458227215E+02  2.946714234588E-01  4.750568992803E-01 -2.445393024480E-01  4.542451892549E-03 -1.663509760844E+00  3.022321231344E+00  2.196117807911E-02 -8.375364152953E-02  6.179246345078E-02 -7.756446339771E-02 -7.065846447235E-04 -3.094118936115E-05  1.868526451776E-05 -2.244931894980E-05  2.901043399756E-01  3.094118951811E-05  4.004031796720E-03 -1.825804331541E-20 -1.021081231358E-20  9.180318628493E-20 -4.739644190262E-03
  8.400000000000E+01  8.600000000000E+01  1.099120920914E+01  5.988361658401E-14 -1.481078942585E-01  1.218976758787E+02  2.946214239168E-01  4.727569672200E-01 -2.436237247179E-01  4.827340327613E-03 -1.663094255626E+00  2.970077973886E+00  2.062841790278E-02 -8.082322278568E-02  6.019480488360E-02 -7.406994080355E-02 -1.121333787799E-03  2.971385710343E-05  1.571520266732E-05 -1.155850582727E-05  2.794008404224E-01 -2.971385724635E-05  4.400929016934E-03  7.104033289531E-21 -2.033229105392E-20  6.794692550833E-20 -4.519441373651E-03
  8.800000000000E+01  9.000000000000E+01  1.105972771880E+01  5.773897368613E-14 -1.470776984366E-01  1.234014394313E+02  2.942823211405E-01  4.713866470391E-01 -2.428298156108E-01  5.053982192416E-03 -1.663853344060E+00  2.921208473106E+00  1.979471438049E-02 -7.858901842143E-02  5.879430404091E-02 -7.049561262606E-02 -1.037172933348E-03  4.726575996349E-05  1.186381001063E-05  5.263746604173E-07  2.698663434146E-01 -4.726575996189E-05  4.969337646216E-03 -1.005155906448E-20  7.488805975711E-21  6.446218230858E-20 -4.308344009417E-03
  9.200000000000E+01  9.400000000000E+01  1.112622906996E+01  5.782212686087E-14 -1.455822219694E-01  1.248696608482E+02  2.937917423713E-01  4.701023478902E-01 -2.418935073544E-01  5.285310046355E-03 -1.658221536225E+00  2.872699998714E+00  1.883289991026E-02 -7.595727742385E-02  5.712437751134E-02 -6.735050209087E-02 -1.085856614654E-03  1.972983415015E-05  5.259333648749E-06 -1.324784087063E-05  2.605338490803E-01 -1.972983415822E-05  5.933395844726E-03  1.492856549974E-20 -7.591083337456E-21  1.244313839246E-19 -4.128880072770E-03
  9.600000000000E+01  9.800000000000E+01  1.118998793257E+01  5.996395191730E-14 -1.440985292470E-01  1.262851525008E+02  2.932170247828E-01  4.683985511866E-01 -2.410352030875E-01  5.545642338754E-03 -1.650707872965E+00  2.820876805086E+00  1.809201932917E-02 -7.340771567103E-02  5.531569634096E-02 -6.462949766626E-02 -1.132350967756E-03  6.792424019863E-06  1.458060577116E-06 -2.520011938179E-05  2.495848880501E-01 -6.792423912233E-06  5.189146336387E-03  1.880648160172E-20 -1.760607627106E-20  5.929738069114E-20 -3.938379091404E-03
  1.000000000000E+02  1.020000000000E+02  1.125098860470E+01  6.506359528114E-14 -1.430049175532E-01  1.276470430566E+02  2.925082141091E-01  4.670085905538E-01 -2.400805105850E-01  5.771173682116E-03 -1.646536669729E+00  2.773697132035E+00  1.733740382260E-02 -7.125999311577E-02  5.392258929378E-02 -6.142486686921E-02 -1.004529001291E-03  2.731086050571E-05  1.059243785957E-06 -4.283521149036E-06  2.394095439237E-01 -2.731086056921E-05  4.335613522532E-03 -3.685351705482E-21 -4.741044599745E-21  5.420759132242E-20 -3.755727359080E-03
  1.040000000000E+02  1.060000000000E+02  1.130971323766E+01  6.956344904043E-14 -1.419192017868E-01  1.289645764646E+02  2.916777505745E-01  4.657355112718E-01 -2.391675436772E-01  6.096114599266E-03 -1.642233850612E+00  2.732514729041E+00  1.673393819376E-02 -6.935502251042E-02  5.262108431630E-02 -5.882617270183E-02 -1.055529207882E-03  1.727959996349E-05 -1.061788330422E-06  8.752384694685E-06  2.311943307105E-01 -1.727959970747E-05  5.195444827634E-03  1.654736869641E-20  1.645915497423E-20  1.079763424527E-19 -3.599844487474E-03
  1.080000000000E+02  1.100000000000E+02  1.136653384601E+01  7.016308165251E-14 -1.403410909212E-01  1.302459718750E+02  2.907753346092E-01  4.634311379025E-01 -2.382160758597E-01  6.363541425089E-03 -1.631209642232E+00  2.694115182657E+00  1.611545405794E-02 -6.753463049967E-02  5.141917644324E-02 -5.651326096740E-02 -1.071884350390E-03 -1.074386831948E-05 -2.502802210442E-06  1.958286144336E-05  2.221891076036E-01  1.074386830957E-05  7.293943601654E-03 -1.246153206292E-21  4.040046140522E-22  7.487124571653E-20 -3.458873231629E-03
  1.120000000000E+02  1.140000000000E+02  1.142072761547E+01  6.980396143920E-14 -1.381704461593E-01  1.314731588412E+02  2.898702547871E-01  4.604919420857E-01 -2.372326375381E-01  6.695359232953E-03 -1.612936541537E+00  2.651900235406E+00  1.541941137226E-02 -6.548237565883E-02  5.006296428713E-02 -5.397988134938E-02 -1.316071354717E-03  2.127444700325E-05 -9.471468261182E-07  1.313865276818E-05  2.123958624192E-01 -2.127444682307E-05  9.774626896029E-03  6.692484154879E-21  6.573145578760E-21  5.586360013672E-20 -3.299239998318E-03
  1.160000000000E+02  1.180000000000E+02  1.147274500559E+01  6.846751645096E-14 -1.354204518847E-01  1.326562744333E+02  2.889966380101E-01  4.570219511333E-01 -2.362821719243E-01  7.006964674508E-03 -1.587407225142E+00  2.607550660967E+00  1.478945082993E-02 -6.350880624029E-02  4.871935541092E-02 -5.136991959101E-02 -1.766753261620E-03  2.645988466461E-05 -6.937959631721E-07  3.780211846959E-06  2.032706849672E-01 -2.645988475774E-05  1.146287549902E-02 -2.107331452078E-21 -2.109686851825E-20  5.242081761039E-20 -3.137756278535E-03
  1.200000000000E+02  1.220000000000E+02  1.152235727577E+01  6.653328598781E-14 -1.324882828578E-01  1.337894686653E+02  2.881091011134E-01  4.534711542370E-01 -2.352467550581E-01  7.344910579959E-03 -1.559523584232E+00  2.565425436942E+00  1.396518038722E-02 -6.162911192902E-02  4.766393154314E-02 -4.890267846236E-02 -2.003281687495E-03  7.826654201220E-06  9.524514108255E-07 -8.978739440826E-06  1.940994263166E-01 -7.826654180325E-06  1.282197606299E-02 -7.821418522091E-21 -4.223417799541E-21  6.328022924747E-20 -2.972858976530E-03
  1.240000000000E+02  1.260000000000E+02  1.156976986056E+01  6.502726236530E-14 -1.290446169652E-01  1.348764344828E+02  2.871387152300E-01  4.495606321140E-01 -2.343274073047E-01  7.677224639864E-03 -1.524957781880E+00  2.526500337553E+00  1.332220544779E-02 -5.981930779648E-02  4.649710234866E-02 -4.632998692863E-02 -2.155842021156E-03  3.245771220933E-05  5.988960922109E-06 -1.932043694894E-06  1.861877830729E-01 -3.245771242419E-05  1.412067738576E-02  2.401743907388E-20 -2.084777569981E-21  7.652773034851E-20 -2.828279632213E-03
  1.280000000000E+02  1.300000000000E+02  1.161553534958E+01  5.875732467126E-14 -1.254224355580E-01  1.359294468779E+02  2.860308774301E-01  4.459759487846E-01 -2.332464686919E-01  7.962982208790E-03 -1.488441654268E+00  2.490166921729E+00  1.263280071488E-02 -5.809147409317E-02  4.545867337676E-02 -4.418282601546E-02 -2.406419717924E-03  2.135301135800E-05  7.658183824565E-06  5.267717814992E-07  1.789645502643E-01 -2.135301129491E-05  1.411044066183E-02  3.772062293511E-20 -6.797421866929E-21  5.333223320231E-20 -2.696137895672E-03
  1.320000000000E+02  1.340000000000E+02  1.165933308281E+01  5.152071282620E-14 -1.219689217431E-01  1.369404979051E+02  2.848569195659E-01  4.428579233373E-01 -2.322387890841E-01  8.229635743207E-03 -1.453568166056E+00  2.455175109902E+00  1.211145328330E-02 -5.670081466542E-02  4.458936138231E-02 -4.216727096215E-02 -2.378137875096E-03 -1.493581495895E-05  6.213462266390E-06  7.426748725160E-06  1.716184376110E-01  1.493581481720E-05  1.392723824195E-02  6.589790681166E-20 -1.375606438447E-20  5.321137306388E-20 -2.578675323077E-03
  1.360000000000E+02  1.380000000000E+02  1.170135012474E+01  5.212151305174E-14 -1.183911295595E-01  1.379129228681E+02  2.837537011351E-01  4.397459581580E-01 -2.311424548965E-01  8.497458683402E-03 -1.416310260076E+00  2.424478958967E+00  1.156735477377E-02 -5.539150555430E-02  4.382415078178E-02 -4.033559546701E-02 -2.481828334381E-03 -1.062250108261E-05  5.740520024432E-06  3.989246750942E-06  1.659687239552E-01  1.062250122358E-05  1.467419709181E-02  3.600565879004E-20 -2.116800470629E-20  9.595316815285E-20 -2.474221534513E-03
  1.400000000000E+02  1.420000000000E+02  1.174227364976E+01  5.499792823128E-14 -1.146145837155E-01  1.388636047994E+02  2.828465105212E-01  4.366692432025E-01 -2.300860142208E-01  8.717268564411E-03 -1.375947861718E+00  2.394218626622E+00  1.080182141051E-02 -5.400201517976E-02  4.320019376931E-02 -3.876634298228E-02 -2.478532701783E-03  1.784284607115E-05  6.400357910655E-06 -1.301666058274E-05  1.617622965655E-01 -1.784284622223E-05  1.589515213816E-02  3.564137890743E-21  1.976257527619E-20  4.253883192734E-20 -2.369849782539E-03
  1.440000000000E+02  1.460000000000E+02  1.178222637829E+01  5.534544596346E-14 -1.105277185323E-01  1.397952104464E+02  2.821192659330E-01  4.339299436602E-01 -2.289786152993E-01  8.958702793974E-03 -1.331420704659E+00  2.362473476432E+00  1.018835096553E-02 -5.277130017960E-02  4.258294921375E-02 -3.715803992348E-02 -2.629314098886E-03  3.104409241562E-05  6.995479637237E-06 -3.210394335375E-06  1.565753888410E-01 -3.104409240715E-05  1.703481868687E-02  1.675808660136E-20  1.474159706502E-20  7.727675408184E-20 -2.268705832765E-03
  1.480000000000E+02  1.500000000000E+02  1.182062367906E+01  5.722542564234E-14 -1.061232904614E-01  1.406934185168E+02  2.815018615673E-01  4.314015168905E-01 -2.278773126862E-01  9.165287146335E-03 -1.282693129100E+00  2.333735288956E+00  9.864018701689E-03 -5.161001552610E-02  4.174599682469E-02 -3.546012994297E-02 -2.769433814994E-03  1.909779271963E-05  5.846731732695E-06  2.534192390504E-05  1.496764621630E-01 -1.909779279809E-05  1.743731357494E-02  2.963831076803E-20 -5.449811623973E-21  6.914865219866E-20 -2.169546647892E-03
  1.520000000000E+02  1.540000000000E+02  1.185711150148E+01  5.668834282199E-14 -1.017502291539E-01  1.415491364866E+02  2.810210758928E-01  4.291935775924E-01 -2.267289139586E-01  9.380144216164E-03 -1.233956194256E+00  2.304684930407E+00  9.558388822516E-03 -5.053044134889E-02  4.097205252649E-02 -3.394926833562E-02 -2.702866888688E-03  9.747721821317E-06  3.336661375533E-06  2.690770675253E-05  1.434303047977E-01 -9.747721849315E-06  1.666415439349E-02  4.330054055319E-20 -8.156502504716E-21  4.901548370524E-20 -2.075630350557E-03
  1.560000000000E+02  1.580000000000E+02  1.189236260957E+01  5.316000125812E-14 -9.777068486482E-02  1.423782526089E+02  2.807301563843E-01  4.270775478152E-01 -2.256025423226E-01  9.568205516407E-03 -1.189563633215E+00  2.276530606385E+00  9.153235198519E-03 -4.959247207811E-02  4.043923687906E-02 -3.246367775210E-02 -2.509095078696E-03  6.740637741976E-06 -2.628917935613E-07  1.411548498635E-05  1.384342716653E-01 -6.740637934133E-06  1.559463178228E-02 -1.046138617528E-20 -7.405350924728E-21  7.295564932146E-20 -1.985659676893E-03
  1.600000000000E+02  1.620000000000E+02  1.192630672890E+01  5.271812731726E-14 -9.396141815585E-02  1.431786191707E+02  2.805884516586E-01  4.244017048512E-01 -2.244529198541E-01  9.787869435808E-03 -1.146685434808E+00  2.250678371422E+00  8.729461726019E-03 -4.857556363146E-02  3.984610190506E-02 -3.108879166238E-02 -2.326860754930E-03 -1.383671178995E-05 -2.646621394435E-06  1.354112871980E-05  1.334245842153E-01  1.383671183761E-05  1.587739684381E-02  4.213131671019E-20 -6.816805415741E-21  8.077351803246E-20 -1.897945340896E-03
  1.640000000000E+02  1.660000000000E+02  1.195903106269E+01  5.006166235317E-14 -8.981446096916E-02  1.439527736148E+02  2.804775407283E-01  4.215180579121E-01 -2.232861275836E-01  9.974925946667E-03 -1.099187218159E+00  2.221502206990E+00  8.348782548516E-03 -4.754225010698E-02  3.919346755955E-02 -2.975718643793E-02 -2.484790198928E-03 -1.887876210564E-06 -2.407894091751E-06  2.559585366142E-05  1.294767901304E-01  1.887876157695E-06  1.732007120354E-02  1.875058822929E-20 -3.243938821971E-21  7.622256168496E-20 -1.828303896190E-03
  1.680000000000E+02  1.700000000000E+02  1.199104840242E+01  4.412674638303E-14 -8.529615390140E-02  1.447126673308E+02  2.804123206411E-01  4.182200056148E-01 -2.221544557616E-01  1.020492873618E-02 -1.047247290445E+00  2.194008503111E+00  7.945222335777E-03 -4.643356565698E-02  3.848834332160E-02 -2.866812161044E-02 -2.806077983438E-03  1.069368091749E-05 -1.793139176537E-06  2.345366298574E-05  1.253495484006E-01 -1.069368097494E-05  1.840314195152E-02 -8.640329601159E-21  1.296403758370E-20  3.984587829829E-20 -1.757153775971E-03
  1.720000000000E+02  1.740000000000E+02  1.202171969516E+01  4.122333406344E-14 -8.063922801795E-02  1.454420860801E+02  2.803952181261E-01  4.146496326657E-01 -2.209405045164E-01  1.037209264439E-02 -9.927904167598E-01  2.168216447197E+00  7.790289842645E-03 -4.538640178348E-02  3.759611194114E-02 -2.746021144001E-02 -2.562649457058E-03 -1.210273385365E-05 -1.461393222586E-06  2.494552700315E-05  1.203187784743E-01  1.210273369587E-05  1.834482223554E-02  6.191398031873E-21  8.206865927302E-22  6.290260338213E-20 -1.678026257961E-03
  1.760000000000E+02  1.780000000000E+02  1.205117467257E+01  3.749610734752E-14 -7.612911533537E-02  1.461442703031E+02  2.803317882841E-01  4.114463387620E-01 -2.197199961587E-01  1.061291616241E-02 -9.395952850072E-01  2.144857156038E+00  7.598770636638E-03 -4.440728913363E-02  3.680851849671E-02 -2.631959361307E-02 -2.481365155195E-03 -1.550976479853E-05 -2.619616111236E-07  2.210300816048E-05  1.158441488684E-01  1.550976465648E-05  1.741972450550E-02  4.181905955824E-20  1.138758494400E-20  5.173334203001E-20 -1.611529154399E-03
  1.800000000000E+02  1.820000000000E+02  1.207962066399E+01  3.058771248440E-14 -7.192074818795E-02  1.468239068580E+02  2.801810444950E-01  4.087184563607E-01 -2.185376119498E-01  1.080366252944E-02 -8.894302087090E-01  2.118828797583E+00  7.335696847695E-03 -4.342331047762E-02  3.608761362940E-02 -2.529876264717E-02 -2.385143605400E-03 -9.568124315764E-06  7.174819144716E-07  9.162902484862E-06  1.113252815284E-01  9.568124172607E-06  1.635329314880E-02  2.604061270841E-20 -3.545244266525E-20  7.755475852463E-20 -1.554427035789E-03
  1.840000000000E+02  1.860000000000E+02  1.210684683157E+01  2.447661922681E-14 -6.794911578409E-02  1.474756760365E+02  2.799617610911E-01  4.060766663445E-01 -2.172484412753E-01  1.100866747176E-02 -8.420669753249E-01  2.092596642463E+00  7.058593895806E-03 -4.243090532764E-02  3.537231143190E-02 -2.431834317654E-02 -2.073885384530E-03 -1.665814682449E-05  1.270024616418E-06  6.686921530359E-06  1.068935093029E-01  1.665814669683E-05  1.504568007131E-02  3.068203949503E-20  6.323935854301E-21  5.220939359735E-20 -1.487404523922E-03
  1.880000000000E+02  1.900000000000E+02  1.213304995862E+01  1.821046207347E-14 -6.438394238008E-02  1.481047817796E+02  2.797044988225E-01  4.040741445963E-01 -2.160474986068E-01  1.120961135490E-02 -7.994924715777E-01  2.072586702079E+00  7.013873760512E-03 -4.169873550509E-02  3.468486174461E-02 -2.339586571432E-02 -1.813424380461E-03 -8.913238348360E-06  2.887792545209E-06 -7.803364967143E-06  1.045755728202E-01  8.913238233347E-06  1.457592668808E-02  2.199833853456E-20 -1.495323726736E-21  5.093795386922E-20 -1.445088903049E-03
  1.920000000000E+02  1.940000000000E+02  1.215912803519E+01  1.158065628346E-14 -6.069780598790E-02  1.487317706150E+02  2.794302737363E-01  4.027504070778E-01 -2.147401570166E-01  1.142254990640E-02 -7.553751890042E-01  2.052845777913E+00  6.793221854727E-03 -4.090250967271E-02  3.410928781765E-02 -2.278384969827E-02 -1.856150224059E-03 -1.728059612440E-05  4.241408340356E-06 -1.690399827227E-05  1.016727458871E-01  1.728059617634E-05  1.458663231141E-02  3.418772043493E-20 -2.594907996958E-20  8.872727723531E-20 -1.390702275380E-03
  1.960000000000E+02  1.980000000000E+02  1.218388583965E+01  9.586491322988E-15 -5.716058010933E-02  1.493283030437E+02  2.791322783555E-01  4.017603377314E-01 -2.135704312006E-01  1.163263972057E-02 -7.131114573714E-01  2.036311983667E+00  6.557753812859E-03 -4.026744023471E-02  3.370968642167E-02 -2.180657646810E-02 -1.838105166795E-03 -3.012902347328E-05  4.177177172559E-06  1.573581900299E-06  1.000332276191E-01  3.012902342794E-05  1.397837891720E-02  3.071098947990E-20 -2.714641665418E-20  5.148754365302E-20 -1.346024155399E-03
  2.000000000000E+02  2.020600000000E+02  1.220911505353E+01  8.321311521786E-15 -5.372769854308E-02  1.499360516250E+02  2.787441599242E-01  4.007704987372E-01 -2.122034587798E-01  1.184970609175E-02 -6.722196497068E-01  2.022843204480E+00  5.977115044735E-03 -3.910256529302E-02  3.312545024826E-02 -2.145992546684E-02 -1.509488308624E-03 -1.706530479545E-05  4.457941005707E-06  1.265798781872E-05  9.884285504002E-02  1.706530480876E-05  1.302875187406E-02  5.076404946641E-20 -1.096810506277E-20  7.500742839615E-20 -1.337772521019E-03
  2.041200000000E+02  2.062418000000E+02  1.223480131864E+01  1.324034053692E-15 -5.044442801301E-02  1.505557948712E+02  2.783296911647E-01  3.995394880788E-01 -2.108925804604E-01  1.205211716126E-02 -6.324911955467E-01  2.011547824177E+00  5.297515914119E-03 -3.777762011439E-02  3.248010419958E-02 -2.130057673607E-02 -1.186541752180E-03 -1.886754845538E-05  5.043391267587E-06  1.154213020267E-06  9.664254235446E-02  1.886754809993E-05  1.210306913369E-02  5.947333331639E-20 -4.229567015912E-22  9.115509565260E-20 -1.319921513462E-03
  2.083636000000E+02  2.105490540000E+02  1.226041020552E+01 -8.598833739955E-15 -4.733545892571E-02  1.511749331065E+02  2.778461528257E-01  3.980616022684E-01 -2.094352757007E-01  1.223377294450E-02 -5.942065262896E-01  1.999194381274E+00  4.759039543512E-03 -3.637202824543E-02  3.161298870203E-02 -2.092488224909E-02 -1.045987844661E-03 -1.044189440587E-05  5.312913138670E-06 -1.017501533020E-05  9.374605330776E-02  1.044189464958E-05  1.038752822814E-02  6.182054337702E-20 -1.868577176478E-20  6.564725194711E-20 -1.292429047793E-03
  2.127345080000E+02  2.149855256200E+02  1.228603588875E+01 -2.180829590988E-14 -4.480085400272E-02  1.517945899787E+02  2.773258810780E-01  3.966539581444E-01 -2.079943460375E-01  1.236323631839E-02 -5.625242148782E-01  1.985779645691E+00  4.078310877562E-03 -3.494494862508E-02  3.086663774764E-02 -2.042930074414E-02 -7.476800745803E-04 -1.163799382175E-05  5.426380988290E-06 -1.308378768288E-05  9.125612721155E-02  1.163799341909E-05  8.194497056919E-03  1.385760269827E-20  1.084009274543E-20  7.136726695245E-20 -1.260693771518E-03
  2.172365432400E+02  2.195550913886E+02  1.231178571243E+01 -3.246460334357E-14 -4.272883357707E-02  1.524189696615E+02  2.767489864345E-01  3.951807974446E-01 -2.064535253696E-01  1.249879855431E-02 -5.364663154452E-01  1.976046181142E+00  3.515399250367E-03 -3.365294836819E-02  3.013754911767E-02 -2.000349269025E-02 -5.520949527422E-04 -7.371466719326E-06  4.451009930308E-06 -1.116656729073E-05  8.975340797464E-02  7.371466763250E-06  6.187744054678E-03  1.064753311928E-19 -1.690541723749E-20  4.034721398399E-20 -1.242649850672E-03
  2.218736395372E+02  2.242617441303E+02  1.233807725645E+01 -3.649939262866E-14 -4.120571148871E-02  1.530565623823E+02  2.760530643861E-01  3.941136341196E-01 -2.048852207504E-01  1.265030863441E-02 -5.168068115889E-01  1.962319572358E+00  3.078455412565E-03 -3.221219483420E-02  2.913373942244E-02 -1.973705440295E-02 -2.245587053641E-04  4.439049038397E-06  2.377260790007E-06 -7.601529690642E-06  8.790738413132E-02 -4.439049100488E-06  4.472442490362E-03  3.598754928990E-20  8.295811040056E-21  7.398562228414E-20 -1.222099019787E-03
  2.266498487233E+02  2.291095964542E+02  1.236427724519E+01 -4.084288520815E-14 -4.005347570784E-02  1.536921823693E+02  2.752542748358E-01  3.933834073370E-01 -2.032557242498E-01  1.280483941107E-02 -5.013521881563E-01  1.949317447149E+00  2.728642858354E-03 -3.084052731760E-02  2.811188445891E-02 -1.936528849582E-02  3.037316967112E-05  1.854625892185E-06 -7.134062544696E-07 -9.603785726159E-06  8.500012023689E-02 -1.854625863925E-06  2.958153733298E-03  9.997375791007E-20 -1.576034553510E-20  2.293958404519E-20 -1.193188161973E-03
  2.315693441850E+02  2.341028843478E+02  1.239032427676E+01 -4.545357435345E-14 -3.939438450097E-02  1.543255010159E+02  2.744269203023E-01  3.919984435896E-01 -2.015614793369E-01  1.297697114242E-02 -4.921282696929E-01  1.937894747411E+00  2.265479087543E-03 -2.942015679334E-02  2.715467770548E-02 -1.890396336419E-02  1.816290685050E-04  3.078422658912E-06 -3.675342634856E-06  2.110078529474E-06  8.189029972918E-02 -3.078422684879E-06  2.182486535895E-03  1.026158808504E-19 -1.937461668578E-20  6.392755599621E-20 -1.164910263493E-03
  2.366364245106E+02  2.392459708782E+02  1.241612957536E+01 -4.608890410522E-14 -3.867989072054E-02  1.549556577072E+02  2.736588019907E-01  3.896035969986E-01 -1.998157752181E-01  1.310529268826E-02 -4.826386278300E-01  1.925828250153E+00  1.698133974515E-03 -2.789542246012E-02  2.619728848545E-02 -1.834059449049E-02  3.192001737092E-04  1.096381441300E-05 -5.599590585760E-06  1.050486773181E-05  7.929462275048E-02 -1.096381454650E-05  1.678356076541E-03  4.393428179025E-20 -5.715932995399E-21  2.246855589674E-20 -1.136043103599E-03
  2.418555172459E+02  2.445433500046E+02  1.244208325947E+01 -4.134114115854E-14 -3.832345816275E-02  1.555911030060E+02  2.729683448654E-01  3.864476704558E-01 -1.979745231510E-01  1.319460225277E-02 -4.778683835827E-01  1.917881888669E+00  1.165588675700E-03 -2.636768923253E-02  2.520210055670E-02 -1.794195006264E-02  6.445039913575E-04  4.703482799224E-06 -7.412437893929E-06 -2.208809255801E-07  7.775701511276E-02 -4.703482734129E-06  7.215371649282E-04  8.576888076875E-20 -9.629950541014E-21  5.691469566328E-20 -1.116362675442E-03
  2.472311827633E+02  2.499996505047E+02  1.246839668481E+01 -3.495446177874E-14 -3.824066517160E-02  1.562364288746E+02  2.723807309486E-01  3.828249942896E-01 -1.960826659737E-01  1.329278275532E-02 -4.764511170010E-01  1.910251044524E+00  6.680747326625E-04 -2.492176331868E-02  2.425368858578E-02 -1.777325096918E-02  7.950614740696E-04 -4.694972978362E-06 -9.150791660263E-06 -3.323012219010E-06  7.683864701578E-02  4.694973071309E-06 -2.585408518929E-05  9.746385570261E-20  1.255592768338E-20  4.324912607514E-20 -1.103842963725E-03
  2.527681182462E+02  2.556196400198E+02  1.249523047247E+01 -3.242955325574E-14 -3.834733611132E-02  1.568971274985E+02  2.718839921398E-01  3.792557220619E-01 -1.941216829761E-01  1.339658581239E-02 -4.771834989212E-01  1.900132688940E+00  7.135383100363E-05 -2.326870096592E-02  2.319734713479E-02 -1.757649459969E-02  7.934340895620E-04  1.969054869743E-06 -8.873528846745E-06 -2.991972378731E-06  7.622113768913E-02 -1.969054875246E-06 -1.476924607956E-03  1.071315184003E-19 -8.637594334039E-21  5.748146511052E-20 -1.093184570196E-03
  2.584711617935E+02  2.614082292204E+02  1.252266437202E+01 -3.388926061073E-14 -3.926098604627E-02  1.575755023259E+02  2.713931546706E-01  3.754232513553E-01 -1.921232878305E-01  1.345722667129E-02 -4.875420783105E-01  1.891663104925E+00 -3.341075446709E-04 -2.170778002091E-02  2.204188756578E-02 -1.745017354821E-02  1.000099060327E-03  1.111447067970E-05 -5.406632827640E-06 -7.891353488509E-06  7.467116034407E-02 -1.111447065915E-05 -2.750713109030E-03  5.312438038015E-20 -8.230958482970E-21  5.253920110659E-20 -1.081170755647E-03
  2.643452966473E+02  2.673704760971E+02  1.255000938339E+01 -3.507194650439E-14 -4.035100463491E-02  1.582527283343E+02  2.708622592584E-01  3.713870752447E-01 -1.899704516937E-01  1.359822893209E-02 -5.003170447564E-01  1.883473506383E+00 -8.957968303998E-04 -2.012910911742E-02  2.102490594851E-02 -1.715795755241E-02  1.096951002640E-03  1.535620681409E-05 -2.639775068756E-07 -9.690706539697E-07  7.338106467948E-02 -1.535620677398E-05 -2.251378898684E-03  1.065753696640E-19 -1.331232290634E-20  2.176819379823E-20 -1.070990370536E-03
  2.703956555468E+02  2.735115903800E+02  1.257815068876E+01 -3.199308989029E-14 -4.095938071028E-02  1.589515998589E+02  2.701470171355E-01  3.669402991723E-01 -1.877914457167E-01  1.367137980101E-02 -5.073619634070E-01  1.878469832966E+00 -1.574534877942E-03 -1.844074830857E-02  2.001528318633E-02 -1.711622241941E-02  1.043519812630E-03  1.224438141410E-05  4.049391136622E-06  1.212223079715E-06  7.198562345034E-02 -1.224438128772E-05 -8.838696008883E-04  8.046881578311E-20 -1.711821446459E-20  1.220219461502E-20 -1.056538457568E-03
  2.766275252132E+02  2.798369380914E+02  1.260608279669E+01 -2.703032126831E-14 -4.102212128959E-02  1.596467459575E+02  2.691799260820E-01  3.628928376435E-01 -1.855147382113E-01  1.377866245888E-02 -5.074911310085E-01  1.873946512910E+00 -2.006448717897E-03 -1.696543094077E-02  1.897187965869E-02 -1.672796030349E-02  8.490703623967E-04 -1.528557839195E-06  7.548930033731E-06 -1.312227158694E-06  6.885716225886E-02  1.528557965534E-06 -1.464663340520E-03  1.006376609721E-19 -1.993507537917E-20  4.985743641773E-20 -1.028666370561E-03
  2.830463509696E+02  2.863520462341E+02  1.263339774043E+01 -2.835121605075E-14 -4.209113727408E-02  1.603282816264E+02  2.679917772164E-01  3.590458878944E-01 -1.831889111574E-01  1.376711268346E-02 -5.208972167185E-01  1.869804165048E+00 -2.522246039692E-03 -1.544977559846E-02  1.797202163760E-02 -1.613100730909E-02  1.225893681327E-03 -3.886924512233E-06  1.185836876259E-05 -4.503817991895E-06  6.633631099194E-02  3.886924454090E-06 -3.840692742244E-03  9.398244617080E-20 -7.935652219600E-21  4.090919895974E-20 -9.979732095636E-04
  2.896577414987E+02  2.930626076211E+02  1.266094053971E+01 -3.497503559916E-14 -4.413884688412E-02  1.610154091355E+02  2.665997307690E-01  3.553230786601E-01 -1.807118410217E-01  1.384550962532E-02 -5.475308660602E-01  1.869080669660E+00 -2.993600756576E-03 -1.388310035744E-02  1.687670111414E-02 -1.580069936880E-02  1.599816146062E-03  4.124187166272E-07  1.624286454097E-05 -1.394065022455E-06  6.482817405827E-02 -4.124187597654E-07 -4.593622402499E-03  1.103465235904E-19 -2.329594576159E-20  3.080252643010E-20 -9.842589238610E-04
  2.964674737436E+02  2.999744858498E+02  1.268864499799E+01 -3.793327573350E-14 -4.596463223286E-02  1.617069978599E+02  2.650529449999E-01  3.515051600068E-01 -1.781977837817E-01  1.381554405148E-02 -5.725045188927E-01  1.870437042938E+00 -3.349655007259E-03 -1.241339027621E-02  1.576304528361E-02 -1.574975121622E-02  1.377023372250E-03  4.387879231671E-07  1.918775584260E-05 -6.123740687781E-06  6.425360489006E-02 -4.387880011857E-07 -3.035780518512E-03  1.270908838464E-19 -2.248361900752E-20  3.473469885242E-20 -9.843067540920E-04
  3.034814979559E+02  3.070937204253E+02  1.271733901046E+01 -3.470987617697E-14 -4.681462434239E-02  1.624240581859E+02  2.633245929402E-01  3.479734897825E-01 -1.756304767611E-01  1.383612896068E-02 -5.853326385752E-01  1.870271242262E+00 -3.789167382858E-03 -1.072859148687E-02  1.451775886981E-02 -1.574887339676E-02  1.071013379782E-03  1.027315935134E-05  1.914156853686E-05 -8.411871873914E-06  6.372556997329E-02 -1.027315932931E-05 -1.255435940989E-03  6.688050048871E-20 -1.507448802252E-20  8.716333730103E-21 -9.842852412344E-04
  3.107059428946E+02  3.144265320380E+02  1.274625252004E+01 -2.684646486599E-14 -4.714085963484E-02  1.631475359574E+02  2.614173175049E-01  3.458121486968E-01 -1.729411823992E-01  1.375445280719E-02 -5.928320726116E-01  1.870217304735E+00 -4.438366223112E-03 -9.204708501311E-03  1.364307472448E-02 -1.572678492211E-02  6.460702896089E-04  8.463523002248E-06  1.654371000027E-05 -1.215048851293E-05  6.223140569806E-02 -8.463522937735E-06 -2.197270326160E-04  1.083604183659E-19 -2.036598135321E-20  1.392615839027E-20 -9.674276439576E-04
  3.181471211814E+02  3.219793279992E+02  1.277526331872E+01 -1.383322738765E-14 -4.706104550670E-02  1.638768969832E+02  2.593919940666E-01  3.429111054756E-01 -1.702565807371E-01  1.370677459754E-02 -5.944247567121E-01  1.865002864773E+00 -4.850313955132E-03 -7.691157104967E-03  1.254147106056E-02 -1.518184780404E-02  5.640177676182E-04 -2.943296990385E-06  1.308235488583E-05 -2.200650383675E-05  5.950342593565E-02  2.943297158059E-06  4.733916583693E-04  9.940800772778E-20 -1.135020989042E-20 -1.845545127996E-21 -9.337793621583E-04
  3.258115348169E+02  3.297587078391E+02  1.280326372534E+01 -2.471650199324E-15 -4.673812122417E-02  1.645843571553E+02  2.572687483018E-01  3.399823060316E-01 -1.674630626285E-01  1.346442154943E-02 -5.933106021204E-01  1.865637863839E+00 -5.273904238740E-03 -6.268469025870E-03  1.154237326414E-02 -1.468644153294E-02  4.588065562409E-04 -8.208164124314E-06  1.119443376721E-05 -2.803690297920E-05  5.601145820102E-02  8.208164036716E-06  1.592880763374E-03  6.194787897305E-20 -4.008376869903E-21  1.108683528640E-21 -8.987930082371E-04
  3.337058808614E+02  3.377714690743E+02  1.283050727313E+01  6.879493502643E-15 -4.554007177085E-02  1.652744168366E+02  2.549292104381E-01  3.373440118064E-01 -1.647829046238E-01  1.324138273062E-02 -5.808806736368E-01  1.872787103206E+00 -5.868031998252E-03 -4.858556326330E-03  1.072658832480E-02 -1.415108698656E-02  1.940384419874E-04 -1.177367897245E-05  1.113901088226E-05 -2.116957286811E-05  5.528145479553E-02  1.177367906839E-05  4.682518211362E-03  1.320632490499E-19 -2.166915309002E-20 -3.491667882594E-21 -8.888663996168E-04
  3.418370572872E+02  3.460246131465E+02  1.285941299563E+01  1.747148143753E-14 -4.201232697915E-02  1.660097743002E+02  2.524753473926E-01  3.345081375651E-01 -1.618212293920E-01  1.286385850084E-02 -5.396818888932E-01  1.884807818168E+00 -6.328442124700E-03 -3.209458408243E-03  9.537900533162E-03 -1.436835183799E-02 -5.227251180557E-04 -7.471269978205E-06  1.308577609782E-05 -7.980162193951E-06  5.569056103969E-02  7.471269979463E-06  7.840339020724E-03  1.226668631127E-19 -3.101233625702E-20  1.029637237460E-20 -9.061427909588E-04
  3.502121690058E+02  3.545253515409E+02  1.288879499769E+01  2.534858434267E-14 -3.737490267068E-02  1.667593803805E+02  2.501779573351E-01  3.316905005254E-01 -1.590328668331E-01  1.256675064393E-02 -4.836578660177E-01  1.899181434043E+00 -6.787481037456E-03 -1.610435539140E-03  8.397916576569E-03 -1.473649135233E-02 -9.781807827411E-04 -4.309231449684E-08  1.738570709420E-05 -3.535840360767E-06  5.712665588702E-02  4.309237517110E-08  8.385555567072E-03  1.274676945801E-19 -1.858156503664E-20 -2.942985396901E-20 -9.396874696047E-04
  3.588385340760E+02  3.632811120872E+02  1.292102069921E+01  2.962770306869E-14 -3.301430442962E-02  1.675844484986E+02  2.478891620602E-01  3.272741725080E-01 -1.559393795784E-01  1.207414727424E-02 -4.299713302046E-01  1.910250840768E+00 -7.255024663513E-03  7.770209610368E-07  7.254247642912E-03 -1.520851201886E-02 -8.639220526134E-04  6.406572864507E-06  2.045559079059E-05  2.059841256879E-06  5.764033347790E-02 -6.406572902610E-06  7.512711377816E-03  1.027813033357E-19 -3.145094642095E-20  1.703980928958E-20 -9.451403576268E-04
  3.677236900983E+02  3.722995454498E+02  1.295278979084E+01  3.104379369308E-14 -2.903985022355E-02  1.684020370550E+02  2.454438712843E-01  3.233256910643E-01 -1.531002633096E-01  1.164631305876E-02 -3.804387507061E-01  1.923805204999E+00 -7.670640036625E-03  1.601642814929E-03  6.068997221708E-03 -1.509746160826E-02 -6.636616356493E-04  1.376158742397E-05  2.031883354888E-05  1.120239352599E-06  5.817752606632E-02 -1.376158742720E-05  6.429312094589E-03  8.377300106892E-20 -6.354807276356E-21  1.575217948287E-20 -9.570309425286E-04
  3.768754008012E+02  3.815885318133E+02  1.298754013400E+01  3.352907072355E-14 -2.565712970825E-02  1.693006359578E+02  2.429552310841E-01  3.197292418429E-01 -1.501203307703E-01  1.107484765003E-02 -3.364199713270E-01  1.946855786330E+00 -8.040741711707E-03  3.091073857223E-03  4.949667854961E-03 -1.560103394786E-02 -5.436531705521E-04  1.121939565936E-06  1.678985692611E-05 -1.713956261679E-06  5.923021191030E-02 -1.121939605161E-06  7.030126014349E-03  7.987228740851E-20 -3.242871589074E-20 -4.054523214719E-20 -9.802341336278E-04
  3.863016628253E+02  3.911561877677E+02  1.302256615894E+01  3.909259721491E-14 -2.075514677962E-02  1.702112897335E+02  2.403838332571E-01  3.148999306522E-01 -1.473309514495E-01  1.054341525031E-02 -2.725286157134E-01  1.966160834805E+00 -8.394292586222E-03  4.469056659187E-03  3.925235927117E-03 -1.577609286185E-02 -7.839550425368E-04 -1.774270443158E-06  1.349307566344E-05  3.486855271695E-06  5.823329179018E-02  1.774270459438E-06  6.882817441497E-03  1.220655506287E-19 -3.462639779662E-20 -8.254000583275E-21 -9.952129301810E-04
  3.960107127100E+02  4.010108734007E+02  1.305824750651E+01  4.360964829993E-14 -1.727518694610E-02  1.711383842069E+02  2.377198416415E-01  3.091336799550E-01 -1.442609840718E-01  9.988566505324E-03 -2.254068360641E-01  1.976860724272E+00 -8.921833677219E-03  5.716416802758E-03  3.205416874577E-03 -1.587425345123E-02 -5.091815283825E-04  4.442485394476E-06  1.170036594521E-05  9.414972872216E-06  5.616297834745E-02 -4.442485410113E-06  6.154256287888E-03  7.456054415189E-20 -5.431505194322E-20 -3.124817276330E-20 -9.748419356345E-04
  4.060110340913E+02  4.111611996027E+02  1.309282676024E+01  4.529293606836E-14 -1.301440449253E-02  1.720389440286E+02  2.347367463142E-01  3.042680653742E-01 -1.416752065631E-01  9.508846654652E-03 -1.684548499260E-01  1.998946309476E+00 -9.345670036935E-03  7.189938288442E-03  2.155731748390E-03 -1.539280285688E-02 -6.808004135224E-04  5.956718341516E-06  7.885616720162E-06  4.713318778278E-07  5.596329549814E-02 -5.956718322865E-06  5.922235485069E-03  8.009613624265E-20 -3.317737863060E-20 -3.857147921157E-20 -9.783704885861E-04
  4.163113651141E+02  4.216160355908E+02  1.313029945885E+01  4.642452163435E-14 -9.622755934799E-03  1.730174071780E+02  2.313491256898E-01  3.018394836932E-01 -1.387739080186E-01  9.049903933133E-03 -1.241878174420E-01  2.031033499256E+00 -9.621473411345E-03  8.604736936130E-03  1.016736475116E-03 -1.605490822954E-02 -5.360737833387E-04  8.697394313755E-06  3.361936391200E-06 -1.887609667934E-06  5.615357970426E-02 -8.697394252804E-06  7.431752093508E-03  1.032024794497E-19 -5.492776673715E-20 -1.680745736324E-20 -9.982976433514E-04
  4.269207060675E+02  4.323845166585E+02  1.316726681067E+01  4.487066967984E-14 -3.184782054261E-03  1.739862909508E+02  2.277099924474E-01  2.998532324841E-01 -1.364314244625E-01  8.676016204538E-03 -3.905227220626E-02  2.055064608307E+00 -1.010551696409E-02  1.002018260581E-02  8.533435846892E-05 -1.582350934579E-02 -1.308145281682E-03  1.083533222032E-05  4.015676954688E-07 -6.585773730316E-06  5.639193029729E-02 -1.083533227705E-05  9.769653228171E-03  4.205069410219E-20 -2.226042035329E-20 -2.495112423248E-20 -1.007950122638E-03
  4.378483272495E+02  4.434760521583E+02  1.320731510051E+01  3.999456784272E-14  3.671558948295E-03  1.750360447037E+02  2.240790452188E-01  2.982605813322E-01 -1.339055004725E-01  8.068012981781E-03  5.160520194065E-02  2.081178951558E+00 -1.058264410872E-02  1.139557012137E-02 -8.129260123442E-04 -1.659106013794E-02 -1.530023119546E-03  1.211611818984E-06 -1.723992021938E-06 -4.091745712161E-06  5.646217509206E-02 -1.211611843902E-06  1.055600409512E-02  9.066377080332E-20 -4.442593441916E-20 -3.698714422150E-20 -1.037026391014E-03
  4.491037770670E+02  4.549003337230E+02  1.324667908572E+01  3.732438663695E-14  1.167549558002E-02  1.760728225209E+02  2.205945470704E-01  2.971972012315E-01 -1.321547976367E-01  7.655978677987E-03  1.589796701509E-01  2.116364781223E+00 -1.086741441346E-02  1.249824752718E-02 -1.630833113322E-03 -1.667080570426E-02 -2.044369497940E-03  5.417411844627E-06 -4.702911491471E-06  5.848045195318E-06  5.684748319004E-02 -5.417411896626E-06  9.783878389293E-03  1.183641797280E-19 -4.713788283258E-20 -1.792731117045E-20 -1.072832450109E-03
  4.606968903790E+02  4.666673437347E+02  1.328964544281E+01  3.761192977440E-14  1.787382729272E-02  1.772048422382E+02  2.176893406397E-01  2.943976039656E-01 -1.299114450015E-01  6.862915328369E-03  2.433093222936E-01  2.159218769259E+00 -1.105375268063E-02  1.377127175650E-02 -2.717519076385E-03 -1.758722974843E-02 -1.381728844504E-03  2.614055457050E-06 -7.791699942682E-06  1.193442307734E-05  5.797975203624E-02 -2.614055500790E-06  7.758739392818E-03  7.297991778599E-20 -2.611491614485E-20 -2.699333213323E-20 -1.109792757878E-03
  4.726377970904E+02  4.787873640468E+02  1.333313607382E+01  4.233297740130E-14  2.322165500615E-02  1.783545208211E+02  2.154726926814E-01  2.929713021945E-01 -1.282440303606E-01  6.201977151921E-03  3.171065058998E-01  2.207998316784E+00 -1.112207637381E-02  1.502394911138E-02 -3.901872737519E-03 -1.796084268135E-02 -1.319423919698E-03 -8.846663660697E-06 -6.057956318031E-06  1.081611599588E-05  5.826646500613E-02  8.846663735878E-06  6.270017613994E-03  1.037133462480E-19 -1.875768667947E-20 -4.785745014365E-20 -1.141223953084E-03
  4.849369310031E+02  4.912709849682E+02  1.337915426672E+01  4.630349807281E-14  2.748136447615E-02  1.795754126234E+02  2.136044308181E-01  2.884371622790E-01 -1.261767838800E-01  5.214896277644E-03  3.759956499567E-01  2.239148970884E+00 -1.160682527330E-02  1.580870927362E-02 -4.201884000516E-03 -1.850002797826E-02 -1.072782214928E-03 -9.672915701703E-06 -6.949116990008E-07 -2.306757126614E-06  5.716607905328E-02  9.672915549797E-06  4.118168047764E-03  6.723883145635E-20 -1.498460886762E-20 -1.528941757228E-20 -1.128876525729E-03
  4.976050389332E+02  5.041291145172E+02  1.342369478534E+01  4.714208190482E-14  2.976996504197E-02  1.807632921191E+02  2.120147587925E-01  2.845303548548E-01 -1.242640484372E-01  4.428784861574E-03  4.066395002291E-01  2.271258118799E+00 -1.187342379573E-02  1.667341275174E-02 -4.799988955697E-03 -1.762216374942E-02 -6.759337898978E-04  3.900744061430E-06  7.367959823626E-07 -2.342129825518E-07  5.535895820924E-02 -3.900743925303E-06  1.939944675367E-04  5.873272250576E-20  2.308294843599E-21 -3.466962201944E-21 -1.107251869930E-03
  5.106531901012E+02  5.173729879527E+02  1.346953492970E+01  4.871691938746E-14  2.785602974678E-02  1.819919262598E+02  2.105545950678E-01  2.805842233688E-01 -1.220523065168E-01  3.661739960508E-03  3.803496457707E-01  2.319521965772E+00 -1.172091450122E-02  1.761537729741E-02 -5.894462796241E-03 -1.787455034930E-02  4.936972433761E-04 -4.360874871357E-06 -3.692267799998E-06 -2.689493260018E-05  5.499042624363E-02  4.360874818086E-06 -1.651554810605E-03  1.158809160218E-19 -1.963007342737E-20 -2.088870116165E-20 -1.114660502910E-03
  5.240927858042E+02  5.310141775913E+02  1.351610520812E+01  4.480923271322E-14  2.699928785416E-02  1.832457799582E+02  2.085999704411E-01  2.766295758698E-01 -1.200699922537E-01  3.068507271837E-03  3.678786398846E-01  2.370821021303E+00 -1.160470217063E-02  1.857335001376E-02 -6.968647842676E-03 -1.794806226816E-02  2.019347802094E-04 -6.407759600657E-06 -9.488220153786E-06 -4.713628876479E-05  5.639550665110E-02  6.407759526426E-06 -3.399908630602E-03  9.035070667654E-20 -2.203668859094E-20 -4.084578715128E-20 -1.173760650160E-03
  5.379355693784E+02  5.450646029190E+02  1.356708863397E+01  3.668838149951E-14  2.191061552519E-02  1.846269952630E+02  2.057912884002E-01  2.704352917995E-01 -1.180234680117E-01  2.347456247930E-03  3.014408059914E-01  2.420125816692E+00 -1.170492092141E-02  1.950289484752E-02 -7.797973926710E-03 -1.971671555728E-02  1.165744920666E-03 -4.012984481781E-06 -1.194875296323E-05 -3.093808222754E-05  5.720710445668E-02  4.012984403156E-06 -3.424691332580E-03  8.986431893929E-20 -1.567131994452E-20 -3.018003163301E-20 -1.235760076900E-03
  5.521936364597E+02  5.595365410066E+02  1.361805110870E+01  3.435950829411E-14  2.088230277835E-02  1.860103435426E+02  2.025911944586E-01  2.686965353944E-01 -1.154711920515E-01  1.643338609565E-03  2.898621039977E-01  2.453659427141E+00 -1.190856413161E-02  1.967208028463E-02 -7.763516153398E-03 -1.924305867151E-02  7.529559651698E-04 -3.635904388320E-07 -9.342680886469E-06 -2.006233850648E-05  5.687779855976E-02  3.635904530448E-07 -3.926626608325E-03  8.261205237382E-20 -2.326054766505E-20 -2.952501705417E-20 -1.208613801324E-03
  5.668794455535E+02  5.743794455535E+02  1.367149197596E+01  3.632508414434E-14  1.477920415535E-02  1.874675251194E+02  1.987497759413E-01  2.644144793606E-01 -1.129868786913E-01  1.179568759402E-03  2.055925618373E-01  2.501390397972E+00 -1.180143686876E-02  2.006780749867E-02 -8.266370629817E-03 -1.994143667738E-02  1.594651071630E-03  4.337177663426E-06 -5.188628243573E-06 -6.512469666974E-06  5.806390297302E-02 -4.337177737646E-06 -6.159352050215E-03  1.028060850668E-19 -1.566006600667E-20 -1.876972389323E-20 -1.281698984214E-03
  5.818794455535E+02  5.893794455535E+02  1.372687654613E+01  3.741792523974E-14  9.401432503316E-03  1.889797414495E+02  1.944306870435E-01  2.610784813044E-01 -1.102268583022E-01  5.773138755028E-04  1.277764676096E-01  2.485430708569E+00 -1.130167337512E-02  1.937389494448E-02 -8.072221569148E-03 -2.042995888861E-02  1.933199906841E-03  3.891899034599E-06 -1.087436036110E-06 -5.669789958580E-06  5.962336037165E-02 -3.891899035236E-06 -5.812448858338E-03  1.050232681665E-19 -4.220826271031E-20 -4.412640322977E-20 -1.263617749973E-03
  5.968794455535E+02  6.043794455535E+02  1.378327430787E+01  4.115252814444E-14  3.885882046135E-03  1.905372670915E+02  1.897559708438E-01  2.533188141555E-01 -1.076759223982E-01  3.065619925556E-04  4.965662327975E-02  2.446586878974E+00 -1.133692557169E-02  1.908348167990E-02 -7.746556108391E-03 -1.983094043186E-02  1.733926483717E-03  1.875106130347E-06  1.377472646081E-06 -7.856766384504E-07  5.726593381537E-02 -1.875106171342E-06 -5.934033182092E-03  8.743828178038E-20 -3.228723631022E-20 -7.656387280035E-21 -1.186367229534E-03
  6.118794455535E+02  6.193794455535E+02  1.383427846504E+01  4.499860900564E-14 -1.743934389767E-03  1.919434105693E+02  1.849056643539E-01  2.477456711638E-01 -1.047747286619E-01  1.102092771329E-04 -2.853616109329E-02  2.422786019398E+00 -1.146231918375E-02  1.906233784154E-02 -7.600018657682E-03 -1.802893864438E-02  1.842426561966E-03  1.131766621904E-06 -1.121715745679E-06 -2.438695733306E-06  5.260246464215E-02 -1.131766598031E-06 -5.663075774207E-03  1.114722567671E-19 -2.406671428148E-20 -4.774048413739E-20 -1.081237769113E-03
  6.268794455535E+02  6.343794455535E+02  1.388190473994E+01  4.490580014319E-14 -6.756358164630E-03  1.932588560198E+02  1.799190708711E-01  2.398317860841E-01 -1.016504811894E-01 -1.148739263128E-04 -9.672001969536E-02  2.389298231496E+00 -1.112662333545E-02  1.873533603569E-02 -7.608712700225E-03 -1.657465889389E-02  1.347916525708E-03  2.657158930811E-06 -5.026521847530E-06 -1.215903014640E-06  4.884169880294E-02 -2.657158879703E-06 -4.427123418465E-03  8.797514613520E-20 -9.318531846929E-21 -1.034984190433E-20 -9.746456269556E-04
  6.418794455535E+02  6.493794455535E+02  1.392586161291E+01  4.158511960709E-14 -1.005917711099E-02  1.944715485227E+02  1.745607856503E-01  2.311757167281E-01 -9.893782400486E-02 -2.292956795723E-04 -1.456314476061E-01  2.354355993589E+00 -1.094104947396E-02  1.879017048777E-02 -7.849121013748E-03 -1.488026559859E-02  5.560642687066E-04 -8.895743851798E-06 -1.016945491524E-05 -2.620698764931E-06  4.771539339967E-02  8.895743803026E-06 -3.844891583974E-03  8.193397750585E-20 -3.986750929384E-20 -2.812162108579E-20 -9.322940012760E-04
  6.568794455535E+02  6.643794455535E+02  1.397139972023E+01  3.810598248980E-14 -1.394077638295E-02  1.957337027914E+02  1.693195814018E-01  2.190932591382E-01 -9.601725836831E-02 -6.610200502603E-04 -1.998797028070E-01  2.320965253980E+00 -1.099014887639E-02  1.835148214978E-02 -7.361333273407E-03 -1.489456143372E-02  6.041651637429E-04 -5.052043032936E-06 -1.399053186253E-05  4.515242596273E-06  4.695981448943E-02  5.052043028733E-06 -1.938637987060E-03  1.095446595977E-19 -1.410030899711E-20 -2.270328391107E-20 -9.150446921185E-04
  6.718794455535E+02  6.793794455535E+02  1.401391799284E+01  3.728243061496E-14 -1.369173884816E-02  1.969076250067E+02  1.638355397647E-01  2.108011556905E-01 -9.303814291014E-02 -7.338137188575E-04 -1.944615395169E-01  2.295242689863E+00 -1.081548845425E-02  1.807403778906E-02 -7.258549335166E-03 -1.437858484663E-02  1.503159475942E-04 -5.952518218387E-06 -1.474736358649E-05  7.401450068469E-06  4.476908772486E-02  5.952518144796E-06 -2.187753735797E-03  1.259028192763E-19 -2.227035817630E-20 -3.266615292746E-20 -8.831080196367E-04
  6.868794455535E+02  6.943794455535E+02  1.405530451650E+01  3.740495529055E-14 -1.803874356819E-02  1.980545321979E+02  1.583711971853E-01  1.982842217388E-01 -8.995958536084E-02 -1.308629177956E-03 -2.576190376314E-01  2.257763410326E+00 -1.051949264296E-02  1.763878326220E-02 -7.119290619711E-03 -1.375198973122E-02  1.074052873231E-03 -7.550631512172E-07 -1.690999249965E-05  1.147512781416E-05  4.103424306292E-02  7.550631521808E-07 -5.667660414535E-03  1.065548192989E-19 -1.606980455317E-20 -6.810431755388E-21 -8.198765296691E-04
  7.018794455535E+02  7.093794455535E+02  1.409079780554E+01  3.962668156573E-14 -2.428423408446E-02  1.990313635770E+02  1.530770857793E-01  1.900055711824E-01 -8.706419389152E-02 -1.556046297680E-03 -3.460335298364E-01  2.227511785680E+00 -1.010706109202E-02  1.705604981532E-02 -6.948988722959E-03 -1.255902813936E-02  1.555470194577E-03  1.634163178871E-07 -1.968705550113E-05  4.319199275047E-06  4.035143940172E-02 -1.634162639118E-07 -7.102235572668E-03  5.960334308528E-20 -1.152897312583E-20 -3.381152071232E-20 -7.905448679221E-04
  7.168794455535E+02  7.243794455535E+02  1.413090600006E+01  4.560878873646E-14 -3.137327380935E-02  2.001392217207E+02  1.481009422671E-01  1.844705452974E-01 -8.377826985363E-02 -1.897447393350E-03 -4.441871399944E-01  2.209180854037E+00 -9.514050033033E-03  1.673395700103E-02 -7.219906967780E-03 -1.326176168767E-02  2.128968646389E-03  4.410021249008E-06 -2.022059537592E-05 -1.118169505765E-06  4.366341685743E-02 -4.410021215294E-06 -6.191437555136E-03  9.585540885873E-20 -2.557723226334E-20 -2.345768680083E-20 -8.700267718799E-04
  7.318794455535E+02  7.393794455535E+02  1.417265009967E+01  4.919310329458E-14 -3.592424053968E-02  2.012892760697E+02  1.436850665678E-01  1.777237439924E-01 -8.042103243048E-02 -2.125555034771E-03 -5.082737789608E-01  2.190812053971E+00 -9.006891642141E-03  1.656079066689E-02 -7.553899024552E-03 -1.447712873994E-02  1.479970492577E-03  7.902586079893E-06 -1.901970161563E-05  5.557652962721E-06  4.583269702089E-02 -7.902586118343E-06 -5.943984746598E-03  8.781788174374E-20 -3.914508281902E-20 -2.129564312953E-20 -9.344986962871E-04
  7.468794455535E+02  7.543794455535E+02  1.421684710570E+01  4.820199910512E-14 -4.252322965743E-02  2.025184176482E+02  1.392892076292E-01  1.710356194256E-01 -7.687204694506E-02 -2.295426825152E-03 -6.029767214611E-01  2.166714160273E+00 -8.670590487077E-03  1.600999512020E-02 -7.339404632832E-03 -1.513127085463E-02  1.133384030881E-03  4.482081806528E-06 -1.852826465328E-05  5.786812654989E-06  4.652108011002E-02 -4.482081806048E-06 -6.505553407656E-03  1.152557941898E-19 -2.456832365248E-20 -3.437037940254E-20 -9.380390495246E-04
  7.618794455535E+02  7.693794455535E+02  1.425986574993E+01  4.396651272220E-14 -4.809897804525E-02  2.037175905283E+02  1.345402734539E-01  1.651191197213E-01 -7.315415498082E-02 -2.536051973494E-03 -6.837066708508E-01  2.144263403298E+00 -8.695275650745E-03  1.586260820859E-02 -7.167332558096E-03 -1.478288139044E-02  9.379530167960E-04 -3.679913049257E-06 -1.612209041218E-05 -1.128640444292E-06  4.598074819620E-02  3.679913070087E-06 -5.626113668089E-03  1.061690317178E-19 -2.309413208421E-20 -2.525797112587E-20 -9.090026612509E-04
  7.768794455535E+02  7.843794455535E+02  1.430306198375E+01  3.557309134761E-14 -5.306701910258E-02  2.049302696340E+02  1.299228585866E-01  1.609839464919E-01 -6.924878460585E-02 -2.758581957538E-03 -7.549557641107E-01  2.095641092056E+00 -8.426298178086E-03  1.528866310302E-02 -6.862364924862E-03 -1.413697710976E-02  6.806868807665E-04 -6.862391210858E-06 -1.186616949529E-05  6.212524662314E-06  4.341578064756E-02  6.862391172969E-06 -3.008700578861E-03  9.452349720364E-20 -1.393200683166E-20 -1.139248713216E-20 -8.450176768344E-04
  7.918794455535E+02  7.993794455535E+02  1.434127418433E+01  2.486982784063E-14 -5.376782309932E-02  2.060019866956E+02  1.250033940352E-01  1.563252017315E-01 -6.501498717548E-02 -2.979006879043E-03 -7.671061200712E-01  2.042459043190E+00 -7.910930922330E-03  1.451442125521E-02 -6.603490332767E-03 -1.293250741482E-02  2.076837669479E-04 -2.171647284445E-06 -8.717680786584E-06  2.481410325672E-06  4.215294052778E-02  2.171647206407E-06 -2.262645915536E-03  9.970945991691E-20 -3.621319598005E-20 -2.111150428129E-20 -7.967766309678E-04
  8.068794455535E+02  8.143794455535E+02  1.438209676765E+01  1.549549377700E-14 -5.730400819086E-02  2.071572483482E+02  1.194627996032E-01  1.519559468413E-01 -6.117424899043E-02 -3.160329482200E-03 -8.193920866844E-01  2.006279385931E+00 -7.731979871662E-03  1.406378292605E-02 -6.331803054327E-03 -1.260709996454E-02  5.937107163544E-04 -1.168387489445E-05 -6.430910654810E-06  3.744613395223E-06  4.136574444028E-02  1.168387480265E-05 -2.725569766356E-03  7.491127530962E-20 -1.830172340509E-20 -2.423334352264E-20 -7.632677053330E-04
  8.218794455535E+02  8.293794455535E+02  1.441881295481E+01  8.519369237847E-15 -5.884836571876E-02  2.081950994499E+02  1.139427930931E-01  1.457124129246E-01 -5.682411217864E-02 -3.361709330955E-03 -8.438346158077E-01  1.960252574564E+00 -7.471357507156E-03  1.347776739454E-02 -6.006409887411E-03 -1.170873659153E-02  2.246023223238E-04 -1.158026764281E-05 -3.793509467015E-06 -4.316915685070E-06  3.757801437906E-02  1.158026761115E-05 -3.472859137897E-03  8.717894983150E-20 -1.841931662946E-20 -4.102223386050E-20 -6.957299727062E-04
  8.368794455535E+02  8.443794455535E+02  1.445252106831E+01  2.756359665975E-15 -6.380966112479E-02  2.091510686792E+02  1.084397020808E-01  1.405694063615E-01 -5.279669299955E-02 -3.027289750699E-03 -9.185721316762E-01  1.921074761123E+00 -7.591185628534E-03  1.310925030448E-02 -5.518064675903E-03 -1.047711281591E-02  7.130974336572E-04 -7.403064543033E-06 -3.931276245665E-07 -8.968293275285E-06  3.282901614672E-02  7.403064486375E-06 -5.774758015321E-03  1.979190611151E-20 -1.676169366542E-20 -5.188363860581E-20 -6.059185053889E-04
  8.518794455535E+02  8.593794455535E+02  1.448036381043E+01 -1.949981842664E-15 -6.969846430211E-02  2.099367737394E+02  1.030504622431E-01  1.385635970847E-01 -4.850899634826E-02 -3.127306364463E-03 -1.002758591104E+00  1.879485769523E+00 -7.435067212109E-03  1.284883658631E-02 -5.413769374658E-03 -8.969454782930E-03  1.296441744969E-03 -5.068561911122E-06 -6.742224986914E-07 -1.541828056729E-05  2.769611372879E-02  5.068561891342E-06 -6.866581015761E-03  3.797727252088E-20 -2.519388910808E-20 -2.420354077450E-20 -5.253716642755E-04
  8.668794455535E+02  8.743794455535E+02  1.450446397145E+01 -3.160602277582E-15 -7.669432543134E-02  2.106187261192E+02  9.763976308046E-02  1.371302851929E-01 -4.423531403223E-02 -2.606219174016E-03 -1.104756441221E+00  1.843151241215E+00 -7.529162420852E-03  1.252036400685E-02 -4.991201585782E-03 -7.792746926978E-03  1.184537345381E-03 -5.432906740081E-06 -3.452542872313E-06 -7.434493454451E-06  2.280036746813E-02  5.432906796772E-06 -4.697539916632E-03  4.550513278610E-20 -8.046826713960E-21 -2.852687760080E-20 -4.488319603928E-04
  8.818794455535E+02  8.893794455535E+02  1.452312239886E+01 -2.274386552934E-15 -7.849527618411E-02  2.111425530953E+02  9.158533616158E-02  1.360269981477E-01 -3.953250484076E-02 -2.503557596800E-03 -1.130913008066E+00  1.814881825092E+00 -7.368925374435E-03  1.230962670794E-02 -4.940701333594E-03 -6.620001341128E-03  3.498811987212E-04 -5.124859886002E-06 -5.563301971044E-06 -1.270517837002E-06  2.151169117716E-02  5.124859872603E-06 -3.730977831633E-04  3.936458129142E-20 -2.864265655103E-20 -3.374908216242E-20 -4.037713064912E-04
  8.968794455535E+02  9.043794455535E+02  1.454480531084E+01  1.154472260700E-15 -7.738005813803E-02  2.117584792884E+02  8.476157052116E-02  1.312169226272E-01 -3.480463168763E-02 -1.851730597350E-03 -1.116691273988E+00  1.785563805042E+00 -7.210648815408E-03  1.184927295573E-02 -4.638624140234E-03 -6.525677367100E-03 -4.341686924029E-04  1.481353021512E-06 -7.487731618207E-06  1.201256802412E-06  2.177214735770E-02 -1.481353007927E-06 -9.759616554120E-04  3.388855251844E-20 -2.065217332040E-20 -4.544956677260E-20 -3.973655794025E-04
  9.118794455535E+02  9.193794455535E+02  1.456393716226E+01  6.546265627373E-15 -8.031213213012E-02  2.123027424317E+02  7.692988546916E-02  1.275139781337E-01 -2.966453285423E-02 -1.522637951705E-03 -1.162064731752E+00  1.746090118621E+00 -7.078778865339E-03  1.138963609067E-02 -4.310857225143E-03 -5.853936515217E-03  2.371653770485E-04  2.955655803646E-06 -7.801144243860E-06  8.353717603140E-06  1.759125732777E-02 -2.955655765470E-06 -1.797514115418E-03  3.042191098091E-20 -5.188170334182E-21 -2.918918506610E-20 -3.260751463761E-04
  9.268794455535E+02  9.343794455535E+02  1.457778530448E+01  7.758338567941E-15 -8.072751606294E-02  2.126946958235E+02  6.748587251909E-02  1.244766879471E-01 -2.445344335669E-02 -1.163563619782E-03 -1.172238508239E+00  1.728467116328E+00 -7.041887943231E-03  1.131990432978E-02 -4.278016386619E-03 -4.624855639148E-03 -9.283773781726E-05  6.402847356127E-06 -8.038118915362E-06  1.315533025948E-05  1.538208541807E-02 -6.402847438447E-06 -3.161234058513E-03  4.648286555957E-20 -1.842805237323E-21 -4.088192823343E-20 -2.766330847505E-04
  9.418794455535E+02  9.493794455535E+02  1.459279981098E+01  7.001728262572E-15 -8.620648330597E-02  2.131217887820E+02  5.642796392282E-02  1.260216890724E-01 -1.902130168446E-02 -1.144081011908E-03 -1.254450431084E+00  1.720374537056E+00 -6.826858732257E-03  1.114058718574E-02 -4.313728453383E-03 -4.328187542553E-03  5.739503194319E-04  7.838934831449E-06 -8.526289105628E-06  1.286518740989E-05  1.675934873615E-02 -7.838934833894E-06 -4.957598705999E-03  2.096531783178E-20 -9.865642405340E-21 -4.554046641875E-20 -2.692834594722E-04
  9.568794455535E+02  9.643794455535E+02  1.460921401413E+01  8.331005409550E-15 -8.999359017938E-02  2.135947312028E+02  4.308468414322E-02  1.317603511174E-01 -1.356624556197E-02 -6.898397682122E-04 -1.313949829750E+00  1.739673367896E+00 -6.608212408144E-03  1.108238036549E-02 -4.474167957318E-03 -4.408620269407E-03  4.087515007388E-04  6.420942604581E-06 -7.537795754819E-06  3.577496447942E-06  1.881989785928E-02 -6.420942649414E-06 -5.167322109631E-03  4.673909105155E-21 -3.461152653945E-21 -3.307319419849E-20 -2.920059097292E-04
  9.718794455535E+02  9.793794455535E+02  1.462807647584E+01  7.801490763083E-15 -9.587821243058E-02  2.141465406874E+02  2.636335713497E-02  1.450205565184E-01 -7.875109306982E-03 -5.943040653774E-04 -1.401145568599E+00  1.861678371053E+00 -7.372589563783E-03  1.245591675706E-02 -5.083327193376E-03 -5.274304834983E-03  7.157945584531E-04 -2.491170516572E-06 -5.556583918745E-06  7.015428018548E-06  2.838961288614E-02  2.491170509343E-06 -7.114422992362E-03  2.099596047924E-20 -5.684766583938E-21 -1.838029925997E-20 -4.382997427041E-04
  9.868794455535E+02  9.943794455535E+02  1.466244632734E+01  3.014659191949E-15 -1.033362968360E-01  2.151650052458E+02  5.330680989777E-03  1.748944688130E-01 -2.385068089886E-03 -2.565643828651E-04 -1.514139236640E+00  1.898320336079E+00 -8.801513336742E-03  1.459424428835E-02 -5.792730951423E-03 -7.947562783472E-03  8.134408160305E-04  3.636390745825E-06 -2.287241312818E-06  5.204632334194E-06  1.832893936178E-02 -3.636390799140E-06 -3.974075255600E-03  8.086710045034E-21  2.526187519611E-21 -1.293408186480E-20 -2.417261366903E-04
