                   y                  ym                   U                   V                   W                 U^2                 V^2                 W^2                  UV                  VW                  UW                VISC               SFSxx               SFSyy               SFSzz               SFSxy               SFSyz                dUdX                dVdX                dWdX                dUdY                dVdY                dWdY                dUdZ                dVdZ                dWdZ              SFSxym
 -4.000000000000E+00 -2.000000000000E+00  0.000000000000E+00  0.000000000000E+00  0.000000000000E+00  0.000000000000E+00  0.000000000000E+00  0.000000000000E+00  0.000000000000E+00  0.000000000000E+00  0.000000000000E+00  0.000000000000E+00  0.000000000000E+00  0.000000000000E+00  0.000000000000E+00  0.000000000000E+00  0.000000000000E+00  0.000000000000E+00  0.000000000000E+00  0.000000000000E+00  0.000000000000E+00  0.000000000000E+00  0.000000000000E+00  0.000000000000E+00  0.000000000000E+00  0.000000000000E+00  0.000000000000E+00
  2.220446049250E-16  2.000000000000E+00  4.448054498706E+00  1.420279547905E-16 -9.089490774591E-02  2.089050635538E+01  2.734664966888E-02  3.637809044197E-01 -8.665141808368E-02 -1.042117228087E-03 -3.904833679426E-01  1.685357309067E+00  2.487268498274E-04  1.563737461609E-02 -1.588610146425E-02 -4.035383191772E+00  6.152624127378E-02 -3.407262459062E-04  1.190170587903E-05  7.098654977895E-05  2.148347273295E+01  3.407262459061E-04 -3.674135726820E-01 -1.669998201060E-20 -3.438988352013E-21  2.036214676182E-20 -2.392438014056E-02
  4.000000000000E+00  6.000000000000E+00  6.293814684257E+00  3.704027825198E-16 -9.302782810697E-02  4.152471513835E+01  1.163089575989E-01  4.938963896174E-01 -2.277153684663E-01 -8.683299664545E-04 -5.782634492708E-01  4.521917346945E+00  2.693603851693E-01 -1.757923449729E-01 -9.356804019367E-02 -1.416309492104E+00 -8.525641560261E-03  2.657820853829E-04  9.891844125246E-06  9.962821177553E-06  4.677940798597E+00 -2.657820853828E-04 -5.256277144141E-04 -1.018906209788E-20 -1.189314619380E-20 -1.500040642184E-20 -8.277135436658E-02
  8.000000000000E+00  1.000000000000E+01  6.787431446876E+00  3.446331761636E-16 -9.087662477232E-02  4.769141696394E+01  1.648819025599E-01  4.886976599661E-01 -2.172604252080E-01 -7.292835480638E-04 -6.078495442516E-01  5.080867137876E+00  1.121108832708E-01 -2.356944953305E-01  1.235836120544E-01 -5.646512031258E-01 -2.547427977285E-02 -8.707280743029E-06 -1.217120826459E-05 -3.512039578994E-05  1.919742459815E+00  8.707280749854E-06  1.009939686807E-02 -2.796053622786E-20 -6.054449500693E-21  8.845137661479E-21 -3.443050059260E-02
  1.200000000000E+01  1.400000000000E+01  7.253367829163E+00  5.690962747347E-17 -8.790665129818E-02  5.425679685242E+01  1.924653182080E-01  4.858846372376E-01 -2.398298562597E-01 -3.341192931168E-04 -6.282626383316E-01  5.067699101917E+00  1.052956910306E-01 -2.214863063531E-01  1.161906153293E-01 -5.477767453002E-01 -5.477775685830E-03  6.267706978267E-06 -1.905570416163E-05 -2.398621485855E-05  1.576670876044E+00 -6.267706983288E-06  1.096726470550E-02 -7.273906442215E-20 -2.787006758892E-21 -1.386909229390E-20 -2.934323374976E-02
  1.600000000000E+01  1.800000000000E+01  7.575407887247E+00 -1.456071952825E-16 -8.557750043555E-02  5.898161698451E+01  2.112247713407E-01  4.812769449114E-01 -2.403585240572E-01 -2.353451570979E-04 -6.384762539726E-01  4.797071343182E+00  8.748433015369E-02 -2.042496959875E-01  1.167653658322E-01 -3.828383268809E-01 -3.808908092180E-03  1.155302073932E-04 -8.611205385983E-06 -4.422419855321E-05  1.194513211942E+00 -1.155302073953E-04  6.872615172406E-03 -5.064557645235E-20 -6.260807722364E-21  6.061230236066E-20 -2.183374613458E-02
  2.000000000000E+01  2.200000000000E+01  7.850560410834E+00 -1.206393202928E-16 -8.458838524707E-02  6.321419387835E+01  2.259608037128E-01  4.793845803250E-01 -2.469757540253E-01  1.592844246593E-04 -6.553852311661E-01  4.611267070923E+00  7.808000437141E-02 -1.883868399021E-01  1.103068355331E-01 -3.224369345929E-01 -2.613290113379E-03  1.693441980562E-05 -5.090753640355E-07 -5.070537527711E-05  9.896220477442E-01 -1.693441979136E-05  2.901609699317E-03 -7.240126148893E-20 -1.578001954173E-20  7.084470752775E-20 -1.812096989320E-02
  2.400000000000E+01  2.600000000000E+01  8.070452108026E+00  8.854317741965E-19 -8.407261732570E-02  6.669371953363E+01  2.379870176732E-01  4.768597637123E-01 -2.481306473183E-01  4.211578426838E-04 -6.700778694074E-01  4.403496618569E+00  6.848802290359E-02 -1.731960037096E-01  1.047079808077E-01 -2.577238402794E-01 -2.094540986906E-03 -4.375440087608E-05 -5.979700411565E-06 -3.665847291584E-05  8.232724895987E-01  4.375440087641E-05  4.746893986419E-04  3.177257092419E-20  8.426477330666E-21  7.483779681982E-20 -1.492735778146E-02
  2.800000000000E+01  3.000000000000E+01  8.262146704013E+00  7.785887097082E-17 -8.435839238652E-02  6.981685870769E+01  2.479448325946E-01  4.737739696387E-01 -2.506860642449E-01  7.283365205464E-04 -6.890684111768E-01  4.232264611213E+00  6.147237807143E-02 -1.604611635665E-01  9.898878549314E-02 -2.220544673244E-01 -9.670976560935E-04 -4.313385038385E-05 -5.276302672744E-06 -8.010790837904E-06  7.139201874935E-01  4.313385036164E-05 -1.606097833788E-03  1.428615849682E-21  1.010841359302E-20  7.703088297024E-20 -1.284376201299E-02
  3.200000000000E+01  3.400000000000E+01  8.427197310212E+00  1.701684221774E-16 -8.495821845207E-02  7.256199090610E+01  2.562379432621E-01  4.700433254936E-01 -2.513161191580E-01  1.006034547086E-03 -7.086970353395E-01  4.067854005644E+00  5.439842626760E-02 -1.482822927755E-01  9.388386650448E-02 -1.901296474896E-01 -6.505752940447E-04 -5.765470551288E-07  5.746234308217E-06 -1.801488146250E-05  6.295282711557E-01  5.765470742886E-07 -3.601670107816E-03  2.344234080215E-21  5.297661527976E-21  1.069759135831E-19 -1.121227803943E-02
  3.600000000000E+01  3.800000000000E+01  8.577006076665E+00  6.743772207329E-16 -8.625984460150E-02  7.510667531071E+01  2.630348404241E-01  4.669876164409E-01 -2.522932579442E-01  1.284188659796E-03 -7.330020106872E-01  3.924908103733E+00  4.882181415031E-02 -1.380988935618E-01  8.927707941278E-02 -1.697221555255E-01 -4.029979220845E-04 -1.077811662309E-05  1.530683574972E-05  6.719135769734E-06  5.665975788789E-01  1.077811662442E-05 -5.483079658286E-03  3.017149242766E-20 -8.810784030286E-21  6.752927989916E-20 -1.002211687584E-02
  4.000000000000E+01  4.200000000000E+01  8.710713081769E+00  1.221053351023E-15 -8.759870681706E-02  7.741683970115E+01  2.685171744918E-01  4.639082539949E-01 -2.525584329776E-01  1.641861755079E-03 -7.562061494109E-01  3.794164072455E+00  4.480987399696E-02 -1.293378025192E-01  8.452792852238E-02 -1.512641085502E-01  1.259692329560E-04  3.179294256927E-06  2.191015620662E-05  3.475376470479E-05  5.102958469146E-01 -3.179294221704E-06 -5.354320550117E-03  5.750518436897E-21  4.718119314488E-21  9.348803908608E-20 -8.999799195557E-03
  4.400000000000E+01  4.600000000000E+01  8.832280732076E+00  1.332749159875E-15 -8.872063813921E-02  7.954729676570E+01  2.727796997629E-01  4.605247014479E-01 -2.528292251380E-01  1.977526367331E-03 -7.770744942139E-01  3.681867126255E+00  4.196278241098E-02 -1.221377318630E-01  8.017494945097E-02 -1.374349881364E-01  8.375044452485E-05  3.154917243951E-05  2.238455123457E-05 -5.770076049583E-06  4.673472991220E-01 -3.154917243158E-05 -3.642107580941E-03  4.006879952691E-22 -5.571782347452E-21  9.154425802126E-20 -8.219892969350E-03
  4.800000000000E+01  5.000000000000E+01  8.944450346747E+00  1.123885254971E-15 -8.947798192578E-02  8.153816440212E+01  2.761586696310E-01  4.570844264515E-01 -2.528957531651E-01  2.363686630779E-03 -7.961729819988E-01  3.582283529023E+00  3.901009433313E-02 -1.160727760053E-01  7.706268167222E-02 -1.261613832895E-01 -7.376442702604E-04 -3.335325650773E-05  1.694992112870E-05 -5.936319803501E-05  4.351671998433E-01  3.335325650411E-05 -1.281855382935E-03  6.265144325417E-20  1.030455059312E-20  7.488568122006E-20 -7.574119169328E-03
  5.200000000000E+01  5.400000000000E+01  9.049809533070E+00  5.604494552186E-16 -8.954408966475E-02  8.342980483079E+01  2.789159741037E-01  4.536230989244E-01 -2.528019130662E-01  2.719582728259E-03 -8.090270875872E-01  3.484597375394E+00  3.565242797120E-02 -1.100712700938E-01  7.441884211940E-02 -1.167437381125E-01 -1.071275617435E-03 -7.762926103204E-05  1.358546935137E-05 -7.296667534214E-05  4.054896568388E-01  7.762926106290E-05  1.533806637615E-03  1.065376489297E-19 -1.078655303840E-20  6.697650779570E-20 -7.001667765895E-03
  5.600000000000E+01  5.800000000000E+01  9.147110267278E+00 -1.169963851819E-16 -8.876387100934E-02  8.519659799057E+01  2.810569890533E-01  4.499677014515E-01 -2.526289708443E-01  3.117300596266E-03 -8.129441726391E-01  3.392748698079E+00  3.271707626074E-02 -1.044992852704E-01  7.178220901188E-02 -1.075222470469E-01 -1.072427696394E-03  2.266886871664E-05  1.563857940166E-05 -1.125468130549E-05  3.770838420326E-01 -2.266886872340E-05  3.275051050232E-03  5.964701242839E-20  1.072265988782E-20  1.142153192569E-19 -6.479493545621E-03
  6.000000000000E+01  6.200000000000E+01  9.238400787140E+00 -1.253908218576E-15 -8.785048242535E-02  8.687077523953E+01  2.825812270887E-01  4.467530680722E-01 -2.524918882625E-01  3.506615147721E-03 -8.139460570249E-01  3.314717556525E+00  3.073331161714E-02 -9.970004605367E-02  6.896673443637E-02 -9.997906881073E-02 -9.841380225046E-04  3.373373339900E-05  1.834272538453E-05  2.880651204008E-05  3.563914206801E-01 -3.373373347177E-05  3.683700388010E-03  5.225808136884E-20  1.564387539080E-20  1.013275369887E-19 -6.068255957293E-03
  6.400000000000E+01  6.600000000000E+01  9.325379181505E+00 -2.592526164811E-15 -8.685795859087E-02  8.848360060146E+01  2.836675019659E-01  4.432811383169E-01 -2.521872459989E-01  3.886246138599E-03 -8.130806104950E-01  3.240429674996E+00  2.892365980447E-02 -9.542271995586E-02  6.649906015249E-02 -9.423356799170E-02 -1.210292066711E-03  5.573482031635E-05  1.839373453503E-05 -9.126948216385E-06  3.393341403012E-01 -5.573482029439E-05  4.456482083068E-03  3.213349597847E-20  1.668345527700E-20  1.167627141343E-19 -5.720172657804E-03
  6.800000000000E+01  7.000000000000E+01  9.408071732164E+00 -3.861004976384E-15 -8.562941500662E-02  9.003213706459E+01  2.846171007934E-01  4.392933583921E-01 -2.518820353445E-01  4.299233154670E-03 -8.093332636717E-01  3.170835173919E+00  2.717294606524E-02 -9.127524750801E-02  6.410230144276E-02 -8.865849262039E-02 -1.172326783327E-03  8.117169914973E-05  1.731567367374E-05 -3.146182776723E-05  3.218512068586E-01 -8.117169920734E-05  3.869050308964E-03  4.677564848103E-20  1.192991460046E-20  8.753174078859E-20 -5.377682420638E-03
  7.200000000000E+01  7.400000000000E+01  9.486374230018E+00 -4.158829241633E-15 -8.496037621941E-02  9.151050093744E+01  2.853842084313E-01  4.352900439236E-01 -2.515351965569E-01  4.726246689376E-03 -8.096066078429E-01  3.105069396896E+00  2.554253570067E-02 -8.754607666626E-02  6.200354096539E-02 -8.344799693208E-02 -8.916409050496E-04 -1.147957184417E-05  1.316309038096E-05 -2.981943713259E-05  3.054713861468E-01  1.147957185831E-05  1.127038532173E-03  1.566186620301E-20 -1.012758440774E-20  3.774517164750E-20 -5.043214796308E-03
  7.600000000000E+01  7.800000000000E+01  9.560839532099E+00 -3.224627162512E-15 -8.510163610289E-02  9.292772579296E+01  2.858109256979E-01  4.323053424300E-01 -2.512049725078E-01  5.199708598622E-03 -8.174959714012E-01  3.045293782740E+00  2.413706141306E-02 -8.448359065592E-02  6.034652924203E-02 -7.829301903028E-02 -2.665970632510E-04 -1.693946029452E-05  7.544239295627E-06  8.952372435681E-06  2.904556858525E-01  1.693946031253E-05 -8.839598236464E-04  6.429099194026E-20 -1.854018990921E-21  7.796770622566E-20 -4.744548346600E-03
  8.000000000000E+01  8.200000000000E+01  9.631452787170E+00 -2.602460492477E-15 -8.540141420932E-02  9.428206019734E+01  2.859614711017E-01  4.294623917542E-01 -2.508326931138E-01  5.680675803436E-03 -8.268903177681E-01  2.989088350460E+00  2.245068015243E-02 -8.140588277058E-02  5.895520261716E-02 -7.379590754706E-02 -1.566247859143E-04 -1.749598650392E-05  5.406219414197E-06  3.922021289041E-05  2.775111802572E-01  1.749598648018E-05 -1.714753957518E-03  6.307783743275E-20  6.880658112867E-21  8.668447431521E-20 -4.483586647946E-03
  8.400000000000E+01  8.600000000000E+01  9.699421935853E+00 -1.971153564447E-15 -8.588711262231E-02  9.559478841000E+01  2.858657037325E-01  4.264235512521E-01 -2.503864239698E-01  6.139866497431E-03 -8.374784838334E-01  2.936450043344E+00  2.121725257683E-02 -7.864098740846E-02  5.742373483163E-02 -6.994549702780E-02  1.850565502927E-04 -6.268000722522E-06  6.898026483321E-06  4.270789653962E-05  2.654866586938E-01  6.268000741231E-06 -3.474717782145E-03  5.535919601884E-20  2.047562913394E-20  1.131950580808E-19 -4.260148995072E-03
  8.800000000000E+01  9.000000000000E+01  9.764168726036E+00 -1.038736226662E-15 -8.708123497961E-02  9.685342334787E+01  2.856095879638E-01  4.232866848272E-01 -2.498335854203E-01  6.630406129318E-03 -8.548456918409E-01  2.891227721079E+00  2.019810102870E-02 -7.639450462448E-02  5.619640359582E-02 -6.623640078658E-02  3.807675576250E-04  2.540268706116E-05  7.125295388365E-06  3.519959758696E-05  2.546913505890E-01 -2.540268706120E-05 -4.822973440705E-03  5.152338858959E-20  6.805172985900E-21  8.952476727205E-20 -4.061576318688E-03
  9.200000000000E+01  9.400000000000E+01  9.826895936062E+00 -6.119416316267E-16 -8.825526496409E-02  9.808173108207E+01  2.853219937557E-01  4.202676040471E-01 -2.493172321388E-01  7.146240831577E-03 -8.724835718556E-01  2.847915881122E+00  1.924230315901E-02 -7.400239078873E-02  5.476008762994E-02 -6.362104732164E-02  4.962767415143E-04  1.765273828254E-05  2.070551193371E-06  2.191290322061E-05  2.468113921746E-01 -1.765273827638E-05 -4.864552985922E-03  5.859846018446E-20 -5.525865299193E-21  9.824151780487E-20 -3.904893920755E-03
  9.600000000000E+01  9.800000000000E+01  9.887665160657E+00 -6.149698805746E-16 -8.949160978222E-02  9.927778411997E+01  2.850790897050E-01  4.172156089898E-01 -2.486987691572E-01  7.673576629150E-03 -8.906750468450E-01  2.806680582728E+00  1.816218211707E-02 -7.176044440429E-02  5.359826228695E-02 -6.131392006387E-02  5.935027757810E-04 -1.524921026215E-05 -6.062577133856E-06  3.765831807156E-05  2.407262238847E-01  1.524921024993E-05 -5.558422613596E-03  7.017669107340E-20  5.340358205636E-21  5.347861853678E-20 -3.761183298820E-03
  1.000000000000E+02  1.020000000000E+02  9.947133004566E+00 -5.096062460908E-16 -9.105488871269E-02  1.004542048236E+02  2.848016495017E-01  4.144508166331E-01 -2.480745166665E-01  8.213618109955E-03 -9.121576029104E-01  2.765466280765E+00  1.749483363080E-02 -6.971080169366E-02  5.221596806140E-02 -5.918548345709E-02  8.153029943188E-04 -2.521173313644E-05 -1.189736798645E-05  3.971906236837E-05  2.340976540187E-01  2.521173314754E-05 -6.521779142393E-03  6.167766201989E-20 -1.182488106773E-20  8.752390706663E-20 -3.624733735112E-03
  1.040000000000E+02  1.060000000000E+02  1.000454490372E+01 -6.640556160509E-16 -9.277862254824E-02  1.015955592125E+02  2.844828196306E-01  4.119748146134E-01 -2.474104631459E-01  8.720652385984E-03 -9.361453114182E-01  2.723369214159E+00  1.700183231154E-02 -6.780651789616E-02  5.080468558416E-02 -5.690619194712E-02  1.153728346749E-03  2.007513783346E-06 -1.311858959004E-05  2.400895968631E-05  2.247752501360E-01 -2.007513811704E-06 -7.437580691975E-03  8.814352768588E-20 -1.329477276322E-20  8.045462065659E-20 -3.471212053024E-03
  1.080000000000E+02  1.100000000000E+02  1.005952576272E+01 -8.801622625176E-16 -9.481868850920E-02  1.026941550893E+02  2.842143369220E-01  4.104127270344E-01 -2.467041583197E-01  9.243335580448E-03 -9.636395776081E-01  2.676985218871E+00  1.614691397548E-02 -6.571837782870E-02  4.957146385279E-02 -5.416984961637E-02  1.368893287634E-03  1.738161930792E-05 -1.389099225714E-05  3.881404007741E-05  2.162697396509E-01 -1.738161930422E-05 -8.776415121108E-03  1.643310700016E-19 -1.593927998983E-20  7.004488165488E-20 -3.314512891187E-03
  1.120000000000E+02  1.140000000000E+02  1.011276631887E+01 -7.098222472764E-16 -9.712782601071E-02  1.037625975929E+02  2.839490371654E-01  4.091403383225E-01 -2.459138493357E-01  9.772099819973E-03 -9.942693439282E-01  2.634969267827E+00  1.534712566460E-02 -6.378340655046E-02  4.843628088639E-02 -5.199353612117E-02  1.512951618852E-03 -8.151228796069E-06 -1.732687629085E-05  3.500843688305E-05  2.086781082628E-01  8.151228776135E-06 -1.005149706683E-02  1.069934042857E-19 -1.048207503564E-20  1.019045582388E-19 -3.171959071839E-03
  1.160000000000E+02  1.180000000000E+02  1.016378657768E+01 -4.876168913093E-16 -9.976777185471E-02  1.047921511718E+02  2.836185901300E-01  4.081399457749E-01 -2.451406482876E-01  1.029783077604E-02 -1.027846985503E+00  2.601101827944E+00  1.478986554638E-02 -6.238233244676E-02  4.759246690090E-02 -4.959872509169E-02  1.651497314463E-03 -4.707762949249E-06 -1.859290822559E-05  1.367339854635E-06  2.011921930575E-01  4.707762963047E-06 -1.058610272584E-02  1.128768241027E-19 -2.123611744831E-21  6.645544008506E-20 -3.030052021422E-03
  1.200000000000E+02  1.220000000000E+02  1.021324634943E+01 -3.820109737799E-16 -1.025075334549E-01  1.057946468487E+02  2.832930347022E-01  4.071638950758E-01 -2.442791863428E-01  1.081447059229E-02 -1.062779436402E+00  2.565157500041E+00  1.409505435836E-02 -6.085782223011E-02  4.676276787253E-02 -4.756179505112E-02  1.720688011834E-03 -2.109558962191E-05 -1.497646876451E-05  9.615321982555E-06  1.951553008755E-01  2.109558962389E-05 -1.126051107028E-02  1.052331058704E-19  5.728076867673E-21  9.267306261790E-20 -2.920153861238E-03
  1.240000000000E+02  1.260000000000E+02  1.026138726477E+01 -8.317247353803E-17 -1.054763937839E-01  1.067738913185E+02  2.829950432204E-01  4.060410073377E-01 -2.433841959650E-01  1.136283779761E-02 -1.100526970062E+00  2.531655944100E+00  1.346117363424E-02 -5.945492797631E-02  4.599375434175E-02 -4.585721312109E-02  1.646653301903E-03  1.878468310545E-05 -1.166048071648E-05  3.268477256134E-05  1.890221958328E-01 -1.878468308174E-05 -1.207444369634E-02  4.167791029188E-20 -3.264105712833E-20  8.351663700510E-20 -2.812295854977E-03
  1.280000000000E+02  1.300000000000E+02  1.030781391067E+01  5.299088714124E-16 -1.084562754086E-01  1.077207044912E+02  2.827303704786E-01  4.044676919746E-01 -2.424095386397E-01  1.188728558169E-02 -1.138483342847E+00  2.500818779734E+00  1.308214033904E-02 -5.819905246343E-02  4.511691212455E-02 -4.405148091995E-02  1.744062295640E-03  2.269094541408E-05 -1.319522479339E-05  1.053189173727E-05  1.830158532409E-01 -2.269094543033E-05 -1.246703852508E-02  5.845253029501E-20 -1.681797415930E-20  7.920840699390E-20 -2.703445756240E-03
  1.320000000000E+02  1.340000000000E+02  1.035292082905E+01  1.086424353258E-15 -1.116693989142E-01  1.086447878529E+02  2.825395905116E-01  4.024382221935E-01 -2.414349519943E-01  1.241885815516E-02 -1.178675404452E+00  2.471923738986E+00  1.227594884329E-02 -5.669789760975E-02  4.442194876756E-02 -4.243706603665E-02  1.794824274780E-03  6.872044836052E-06 -1.638895230555E-05 -5.172904792223E-06  1.773612175158E-01 -6.872044812718E-06 -1.193656245129E-02  8.377719015191E-20 -2.487289489333E-21  6.673342741091E-20 -2.603851587975E-03
  1.360000000000E+02  1.380000000000E+02  1.039643288572E+01  1.566261009778E-15 -1.144905603778E-01  1.095372254812E+02  2.823992112863E-01  3.997044819142E-01 -2.403721511956E-01  1.296582468117E-02 -1.214747227868E+00  2.440528276624E+00  1.179474568440E-02 -5.536560594631E-02  4.357086026148E-02 -4.102569593197E-02  1.670078520875E-03 -1.100558520755E-05 -1.425491581792E-05 -1.668050431753E-06  1.711509562066E-01  1.100558518504E-05 -1.095011983951E-02  1.404426875577E-19 -1.658858445536E-20  5.648978010486E-20 -2.496903272451E-03
  1.400000000000E+02  1.420000000000E+02  1.043842365644E+01  2.065710449917E-15 -1.171477521742E-01  1.104012370839E+02  2.822472788734E-01  3.967478780462E-01 -2.393147583041E-01  1.348033984522E-02 -1.249008050805E+00  2.408891579099E+00  1.126169066128E-02 -5.416930073953E-02  4.290761008030E-02 -3.912081834902E-02  1.659298598783E-03  8.722540284253E-06 -8.013051128659E-06 -9.629621605120E-06  1.666752072718E-01 -8.722540247960E-06 -1.088833291473E-02  1.348007943251E-19  2.616070966928E-20  5.199667081031E-20 -2.410395075492E-03
  1.440000000000E+02  1.460000000000E+02  1.047984389431E+01  2.268407973035E-15 -1.199149369656E-01  1.112551565966E+02  2.820798247136E-01  3.934458567167E-01 -2.381703155957E-01  1.401653387738E-02 -1.284584034187E+00  2.379978172990E+00  1.081516973134E-02 -5.281506168886E-02  4.199989195759E-02 -3.787796981594E-02  1.782206276531E-03  5.039829201452E-06 -5.311357765685E-06 -9.362930324756E-06  1.618166105588E-01 -5.039829201644E-06 -1.075139341409E-02  3.762860661622E-20 -1.519874758624E-20  9.470551065670E-20 -2.319200462383E-03
  1.480000000000E+02  1.500000000000E+02  1.051945860766E+01  2.266122474855E-15 -1.225387667341E-01  1.120748610631E+02  2.819181589089E-01  3.895990923287E-01 -2.370412781172E-01  1.454298035821E-02 -1.318579139718E+00  2.352267329713E+00  1.037984091836E-02 -5.150480600115E-02  4.112496508307E-02 -3.615313029247E-02  1.761180462011E-03 -8.211265933938E-06 -6.794256346471E-06 -1.427148858728E-06  1.567648589894E-01  8.211265950888E-06 -1.086092403434E-02  8.884514325622E-20 -8.979501356466E-21  6.876401329764E-20 -2.219704085656E-03
  1.520000000000E+02  1.540000000000E+02  1.055824338240E+01  2.457577255125E-15 -1.253207378659E-01  1.128794279995E+02  2.817061512447E-01  3.862280042083E-01 -2.357945137900E-01  1.506834434002E-02 -1.353833660311E+00  2.325126458389E+00  9.860433408632E-03 -5.023244772540E-02  4.037201431692E-02 -3.489718997065E-02  1.792841224774E-03 -2.906829831198E-05 -7.780516429594E-06 -9.004648642846E-07  1.534579937460E-01  2.906829831368E-05 -1.152482403879E-02  6.237772679429E-20 -2.807172451903E-22  8.917164296457E-20 -2.142969691681E-03
  1.560000000000E+02  1.580000000000E+02  1.059608482002E+01  2.698687916654E-15 -1.282554872976E-01  1.136661204137E+02  2.813585538676E-01  3.829361242048E-01 -2.346096493083E-01  1.553498328111E-02 -1.390552219243E+00  2.299925025162E+00  9.498056217485E-03 -4.925715085828E-02  3.975909463964E-02 -3.377222734131E-02  1.818461285449E-03 -2.105609199182E-05 -4.886105266644E-06 -1.279537338334E-05  1.480092994264E-01  2.105609201475E-05 -1.279130870834E-02  8.955179935417E-20 -2.213897285100E-20  6.770946277652E-20 -2.061914359024E-03
  1.600000000000E+02  1.620000000000E+02  1.063221558425E+01  2.677749226058E-15 -1.317037224548E-01  1.144194191333E+02  2.808929755732E-01  3.795409391441E-01 -2.333346982594E-01  1.599908720608E-02 -1.432680809890E+00  2.274816334554E+00  9.258595211696E-03 -4.832178836871E-02  3.906319315624E-02 -3.234122806999E-02  2.044786082255E-03 -1.340180938835E-05 -7.904485078735E-07 -9.549559655341E-06  1.432759747301E-01  1.340180937955E-05 -1.502405114431E-02  5.444434778016E-20 -1.246357644753E-20  8.837978994410E-20 -1.995040469377E-03
  1.640000000000E+02  1.660000000000E+02  1.066780000750E+01  2.696948567249E-15 -1.357741060583E-01  1.151644582358E+02  2.803421191989E-01  3.766784376167E-01 -2.320887691828E-01  1.645010338252E-02 -1.481843704891E+00  2.249078335235E+00  8.738799657003E-03 -4.742785851412E-02  3.868905885805E-02 -3.145265996819E-02  2.121621766644E-03 -3.905594836742E-05 -4.926919566156E-09 -1.925235116122E-06  1.399242635033E-01  3.905594837117E-05 -1.523953353832E-02  6.997210098755E-20 -4.425040787953E-21  1.026776455584E-19 -1.926897567544E-03
  1.680000000000E+02  1.700000000000E+02  1.070215037314E+01  2.887380149789E-15 -1.393175766389E-01  1.158846351481E+02  2.797877475517E-01  3.737368180098E-01 -2.307730957405E-01  1.689634998607E-02 -1.525611315319E+00  2.225745143971E+00  8.499133115846E-03 -4.660862694927E-02  3.810949383367E-02 -3.033602053574E-02  1.928670660240E-03 -2.083950072703E-05  8.750994393142E-07  6.079065414094E-07  1.348890548119E-01  2.083950072794E-05 -1.296236925450E-02  9.858444314387E-20 -8.387297879536E-22  6.530428091679E-20 -1.854629803147E-03
  1.720000000000E+02  1.740000000000E+02  1.073518597077E+01  3.071169620700E-15 -1.422206769430E-01  1.165781529171E+02  2.793112183879E-01  3.704447177848E-01 -2.294792905352E-01  1.731622870688E-02 -1.562571380367E+00  2.203293930371E+00  8.253985296210E-03 -4.572350849656E-02  3.746952320055E-02 -2.911624646516E-02  1.589913402248E-03 -2.198253688690E-05  3.375844396954E-06  2.477916559680E-06  1.308217360833E-01  2.198253690249E-05 -1.055170431194E-02  7.492882582768E-20 -2.371760389717E-20  7.295636217041E-20 -1.802372453713E-03
  1.760000000000E+02  1.780000000000E+02  1.076762123588E+01  3.338966328541E-15 -1.445805030239E-01  1.172600722621E+02  2.788855249322E-01  3.668090725169E-01 -2.281634276398E-01  1.770419928200E-02 -1.593453125054E+00  2.181240522678E+00  8.089024646349E-03 -4.497406563523E-02  3.688504098874E-02 -2.836759909671E-02  1.310644360684E-03 -1.597643784696E-05  3.736301118688E-06 -3.254069692667E-06  1.272533806623E-01  1.597643785648E-05 -9.049321260886E-03  9.342216100723E-20  2.185327373104E-20  4.894872343258E-20 -1.740975330093E-03
  1.800000000000E+02  1.820000000000E+02  1.079884917864E+01  3.673816025701E-15 -1.467811081039E-01  1.179168309002E+02  2.784718396494E-01  3.630393174835E-01 -2.268650431078E-01  1.807974004307E-02 -1.622156102088E+00  2.156093723187E+00  7.733720930970E-03 -4.398135064045E-02  3.624762970934E-02 -2.733399022810E-02  1.127544356508E-03  4.501418110656E-06  2.377382645609E-06 -5.348494036037E-06  1.234784205628E-01 -4.501418093653E-06 -8.322733271003E-03  9.575657684478E-20 -1.604804148926E-20  5.434714514411E-20 -1.682002162187E-03
  1.840000000000E+02  1.860000000000E+02  1.082930906596E+01  3.997219945086E-15 -1.487567156165E-01  1.185595604751E+02  2.780271684562E-01  3.590245204714E-01 -2.255449672710E-01  1.839990737090E-02 -1.648371193809E+00  2.133010946104E+00  7.459608870324E-03 -4.307843032298E-02  3.561882145231E-02 -2.655076770455E-02  9.792705236900E-04 -6.631487333395E-06  1.406735887189E-06 -1.887398977154E-05  1.201971568429E-01  6.631487342465E-06 -7.159028111791E-03  9.077446173277E-20 -2.244249245281E-20  7.266956529427E-20 -1.623149795525E-03
  1.880000000000E+02  1.900000000000E+02  1.085889716832E+01  4.437745215248E-15 -1.503469671879E-01  1.191861434690E+02  2.774966136823E-01  3.550745484014E-01 -2.243108162217E-01  1.869945659496E-02 -1.670476516369E+00  2.112270989004E+00  7.189196513672E-03 -4.219670727115E-02  3.500751075707E-02 -2.553429685856E-02  8.089635318852E-04 -8.513724334932E-06  1.105204416839E-06 -1.638147669164E-05  1.179344051506E-01  8.513724347368E-06 -5.624505709921E-03  5.224446297837E-20 -2.691317551723E-20  8.627484277610E-20 -1.576257275484E-03
  1.920000000000E+02  1.940000000000E+02  1.088826455870E+01  4.793123797170E-15 -1.516017187795E-01  1.198082035341E+02  2.768602262596E-01  3.508148227765E-01 -2.229241492643E-01  1.896052949567E-02 -1.688711726922E+00  2.090945670213E+00  6.985530740009E-03 -4.128899574176E-02  3.430346500238E-02 -2.499330970148E-02  6.558287011900E-04  3.217699566733E-06  8.583623134563E-07 -8.049092777712E-06  1.150718745572E-01 -3.217699573283E-06 -4.467527658744E-03  9.135759649075E-20 -2.837244689074E-21  5.694969168794E-20 -1.540917256342E-03
  1.960000000000E+02  1.980000000000E+02  1.091641709762E+01  4.692041171104E-15 -1.526538522504E-01  1.204045996472E+02  2.761389766442E-01  3.470493326130E-01 -2.216768045181E-01  1.919423552705E-02 -1.704212309840E+00  2.072814829755E+00  6.926890337020E-03 -4.058566122203E-02  3.365877088541E-02 -2.424053127560E-02  5.748312092367E-04 -7.425474222511E-06  1.460980784742E-06 -1.875957082235E-05  1.118320600785E-01  7.425474223439E-06 -3.756921561523E-03  8.171900194332E-20 -8.489985852164E-21  5.378965112163E-20 -1.498233997038E-03
  2.000000000000E+02  2.020600000000E+02  1.094414693933E+01  4.528732857473E-15 -1.535023473697E-01  1.209925420316E+02  2.752567406132E-01  3.431911116543E-01 -2.202712033476E-01  1.943867320155E-02 -1.717945748143E+00  2.057940047758E+00  6.465969200375E-03 -3.936209572525E-02  3.289612652463E-02 -2.387608162944E-02  6.315361199212E-04 -9.977036135469E-06  1.885256208260E-06 -2.780542411833E-05  1.079677882761E-01  9.977036129615E-06 -3.225706082602E-03  4.609699943244E-20 -1.074175868817E-20  4.184386416049E-20 -1.474119036911E-03
  2.041200000000E+02  2.062418000000E+02  1.097199291484E+01  4.871468679835E-15 -1.543009661888E-01  1.215843125607E+02  2.742915399088E-01  3.392902994740E-01 -2.189165362201E-01  1.966390343743E-02 -1.731294889144E+00  2.041257159640E+00  5.886340417932E-03 -3.791996670843E-02  3.203362629009E-02 -2.321613113428E-02  6.091173946857E-04  6.178686248184E-07  1.831838881563E-06 -2.479721367722E-05  1.048045378980E-01 -6.178685853401E-07 -3.439735601284E-03  9.493300131628E-20  1.863678356804E-20  5.389650173062E-20 -1.433954117528E-03
  2.083636000000E+02  2.105490540000E+02  1.099973564975E+01  5.532383868153E-15 -1.553552988802E-01  1.221744911486E+02  2.732076586579E-01  3.350607319920E-01 -2.174408910154E-01  1.986723486572E-02 -1.747745699491E+00  2.021622403333E+00  5.392179365338E-03 -3.642845526398E-02  3.103627589917E-02 -2.261903501236E-02  6.691329011190E-04  4.426835870603E-06  2.304336910294E-06 -2.199702412677E-05  1.009903733945E-01 -4.426835917983E-06 -3.308052907755E-03  5.185604375687E-20 -2.586686668022E-20  4.538994029228E-20 -1.384767919655E-03
  2.127345080000E+02  2.149855256200E+02  1.102718336942E+01  6.438186789248E-15 -1.561544113278E-01  1.227596463035E+02  2.719978454522E-01  3.313048303670E-01 -2.160314982544E-01  2.001658276940E-02 -1.761494306031E+00  2.003481481864E+00  4.918386044656E-03 -3.491772092699E-02  2.999933488228E-02 -2.182581465040E-02  7.085585737185E-04 -2.459798427550E-06  3.257834307748E-06 -2.489629606164E-05  9.825922593832E-02  2.459798475699E-06 -2.185866721434E-03  8.272561091970E-20  1.542529298841E-20  5.762354657880E-20 -1.351137447764E-03
  2.172365432400E+02  2.195550913886E+02  1.105505729468E+01  7.069202572855E-15 -1.566160069755E-01  1.233537905632E+02  2.706315162370E-01  3.278018264015E-01 -2.144981052281E-01  2.016388613591E-02 -1.771243307151E+00  1.989792334159E+00  4.285755735236E-03 -3.345393512683E-02  2.916817939188E-02 -2.138978791033E-02  4.520564181438E-04  3.259640488404E-06  4.799734892334E-06 -1.987871683958E-05  9.577471343609E-02 -3.259640499721E-06 -9.244165662765E-04  9.146472267448E-20 -2.833914062197E-20  4.547232295562E-20 -1.316981821423E-03
  2.218736395372E+02  2.242617441303E+02  1.108277289056E+01  7.297652065974E-15 -1.566556695898E-01  1.239453738860E+02  2.691616291539E-01  3.245374757333E-01 -2.130184955355E-01  2.027336485185E-02 -1.775795494925E+00  1.975730638434E+00  3.604964476461E-03 -3.201402054549E-02  2.840905606927E-02 -2.073948747858E-02  2.770086947892E-04  3.831522180529E-06  4.201528039599E-06  1.909244658637E-06  9.389820446784E-02 -3.831522165958E-06  2.697117262769E-04  6.665790876461E-20 -4.396248814301E-20  2.446049927197E-20 -1.282461541703E-03
  2.266498487233E+02  2.291095964542E+02  1.111116819506E+01  7.790555816197E-15 -1.563660033035E-01  1.245523837059E+02  2.677183636302E-01  3.218192583567E-01 -2.114018712224E-01  2.039468087792E-02 -1.776911169786E+00  1.962686852247E+00  3.134710096350E-03 -3.048546451682E-02  2.735075442048E-02 -2.039430278463E-02  1.959922024065E-04 -9.413150427997E-06  3.607670734688E-06 -1.282913514293E-06  9.223630472846E-02  9.413150418764E-06  1.336327099695E-03  7.398083619463E-20 -7.411370436094E-21  6.839023573126E-20 -1.261941068242E-03
  2.315693441850E+02  2.341028843478E+02  1.113950622256E+01  8.352117608634E-15 -1.558326252993E-01  1.251597074559E+02  2.663221119545E-01  3.190871427638E-01 -2.098306999637E-01  2.049323517918E-02 -1.775647203537E+00  1.944550894315E+00  2.625307127608E-03 -2.877551770130E-02  2.615021057351E-02 -1.995052981336E-02  4.462440537678E-05 -2.026418250265E-05  4.259196529018E-06 -9.826811208655E-06  8.844437918465E-02  2.026418250882E-05  1.394044260374E-03  5.087507470811E-20 -2.086550121989E-20  4.279286662355E-20 -1.227071210770E-03
  2.366364245106E+02  2.392459708782E+02  1.116720159852E+01  8.493435121881E-15 -1.555230345093E-01  1.257533840530E+02  2.648771920247E-01  3.162495051250E-01 -2.081102667748E-01  2.054047267349E-02 -1.776481671303E+00  1.931697321298E+00  2.137694249856E-03 -2.721877081628E-02  2.508107656663E-02 -1.934870342818E-02  1.245801818401E-04 -1.559762378855E-05  3.675733976652E-06  2.446785752833E-06  8.477899519701E-02  1.559762380464E-05  2.521669766387E-03  7.110370615868E-20 -9.199983937687E-21  2.193948346741E-20 -1.198773887672E-03
  2.418555172459E+02  2.445433500046E+02  1.119479746810E+01  8.111682043658E-15 -1.541657129966E-01  1.263463399449E+02  2.633580301987E-01  3.138048428105E-01 -2.064670012429E-01  2.056655067842E-02 -1.765267683539E+00  1.918614308547E+00  1.479582493629E-03 -2.565952945045E-02  2.417994695717E-02 -1.907792024841E-02 -2.243179331396E-04 -1.176227882894E-05  4.977374960389E-06 -1.517161237116E-06  8.282677904962E-02  1.176227882625E-05  4.677782634492E-03  7.359186659113E-20 -1.751848827864E-20  3.968362512106E-20 -1.180640509825E-03
  2.472311827633E+02  2.499996505047E+02  1.122286070441E+01  7.582235186931E-15 -1.523831094699E-01  1.269524311304E+02  2.618200118306E-01  3.119819327722E-01 -2.046270516724E-01  2.054276902824E-02 -1.749951126558E+00  1.902673771567E+00  9.176641248047E-04 -2.411478838982E-02  2.319712426505E-02 -1.867494328555E-02 -4.800665271386E-04  1.236374725058E-06  9.759181495465E-06 -7.453092576111E-06  8.127310596227E-02 -1.236374735763E-06  5.486666770056E-03  7.226208047603E-20 -9.924192984871E-21  5.810265002396E-20 -1.153345857938E-03
  2.527681182462E+02  2.556196400198E+02  1.125108890542E+01  7.520665803081E-15 -1.504153633726E-01  1.275640204099E+02  2.603491400797E-01  3.105640713593E-01 -2.028347939053E-01  2.042676175076E-02 -1.731572664267E+00  1.893665694080E+00  4.165082970840E-04 -2.261557738181E-02  2.219906908459E-02 -1.831244947825E-02 -5.317890325363E-04  4.903388415764E-06  1.446908443857E-05  2.322490098199E-06  7.936969321037E-02 -4.903388409073E-06  5.929120118164E-03  5.907054125091E-20 -1.197323775553E-20  4.575983416037E-20 -1.139337197870E-03
  2.584711617935E+02  2.614082292204E+02  1.127947388214E+01  7.782964666266E-15 -1.481637821985E-01  1.281812120618E+02  2.589668229140E-01  3.095259559418E-01 -2.009451770827E-01  2.030624744639E-02 -1.710658053055E+00  1.878138132176E+00 -1.397928544324E-04 -2.087750886234E-02  2.101730171625E-02 -1.805829656345E-02 -5.402516513666E-04  1.672895510121E-05  1.493280920623E-05  7.079773003326E-06  7.700591981665E-02 -1.672895510511E-05  6.807716090599E-03  8.513202146212E-20 -1.896213077380E-20  2.641672430979E-20 -1.112916743696E-03
  2.643452966473E+02  2.673704760971E+02  1.130764333032E+01  7.877698493530E-15 -1.453793358067E-01  1.287966601202E+02  2.576236833554E-01  3.085532239531E-01 -1.991075215907E-01  2.010031753987E-02 -1.683003995355E+00  1.868153826254E+00 -6.677277218812E-04 -1.938563850106E-02  2.005336622253E-02 -1.756663052194E-02 -5.719040668309E-04  7.295526677992E-06  1.117980997663E-05  7.025957563581E-06  7.367906865569E-02 -7.295526680820E-06  6.851779061068E-03  1.035204581392E-19 -3.398801131763E-20  2.692227655747E-20 -1.079292513079E-03
  2.703956555468E+02  2.735115903800E+02  1.133515671861E+01  7.435005736078E-15 -1.429378309846E-01  1.293984906926E+02  2.562990636249E-01  3.075126152390E-01 -1.971487649316E-01  1.990400405869E-02 -1.658138574664E+00  1.858591973465E+00 -1.167437458033E-03 -1.778546152821E-02  1.895289898594E-02 -1.702461912127E-02 -3.332006074087E-04 -1.282475061286E-05  7.248637799778E-06 -4.076937390454E-07  7.060192748111E-02  1.282475059789E-05  5.043882685748E-03  5.516467481993E-20 -2.119973329810E-20  1.332805268547E-20 -1.052761798891E-03
  2.766275252132E+02  2.798369380914E+02  1.136256489636E+01  6.746588530893E-15 -1.414257363909E-01  1.300005510244E+02  2.549005191515E-01  3.079336157863E-01 -1.951648019310E-01  1.962167871583E-02 -1.643546230037E+00  1.845555633969E+00 -1.716599260925E-03 -1.618383994711E-02  1.790043920841E-02 -1.671140493988E-02  4.973776073456E-05 -9.385402879992E-06  3.868544333651E-06  5.575765319790E-06  6.818244448346E-02  9.385402864809E-06  4.234332646397E-03  7.199906062701E-20 -2.320170429949E-20  3.621127686613E-20 -1.031527252927E-03
  2.830463509696E+02  2.863520462341E+02  1.138981449109E+01  6.732663038189E-15 -1.395249198719E-01  1.306018990183E+02  2.533485306854E-01  3.084078486078E-01 -1.931337966286E-01  1.937021486009E-02 -1.623871766784E+00  1.837520641711E+00 -2.095142922973E-03 -1.466042040424E-02  1.675556332747E-02 -1.632988600303E-02 -3.523315320173E-05 -3.208820624732E-06 -2.137684738412E-07  1.352962133795E-05  6.432079224975E-02  3.208820631101E-06  4.525613478756E-03  7.790881497825E-20 -2.597276409190E-20  4.117092792173E-20 -9.927077287946E-04
  2.896577414987E+02  2.930626076211E+02  1.141566628212E+01  7.252875383612E-15 -1.376785738620E-01  1.311732804426E+02  2.516817004149E-01  3.104004194609E-01 -1.910787217293E-01  1.898295558178E-02 -1.605668919698E+00  1.829819381696E+00 -2.614382333318E-03 -1.304707208715E-02  1.566145442036E-02 -1.552548941377E-02 -7.274872762942E-05 -7.154120268443E-06 -3.014955831907E-06  2.099026743501E-05  6.147142527159E-02  7.154120269120E-06  3.760020317833E-03  7.523151334306E-20 -2.827212105794E-20 -1.804921072533E-20 -9.659257858563E-04
  2.964674737436E+02  2.999744858498E+02  1.144205242343E+01  7.444211335324E-15 -1.363227266775E-01  1.317582037748E+02  2.499960883927E-01  3.125595225212E-01 -1.889149084901E-01  1.857016984126E-02 -1.593380541482E+00  1.826706252332E+00 -3.147158261061E-03 -1.158788571235E-02  1.473504397328E-02 -1.537625919310E-02  3.456831193039E-05  6.129209337211E-06 -1.130007006512E-06  2.331252040083E-05  5.933533520181E-02 -6.129209332714E-06  2.688294751457E-03  5.310644677191E-20 -1.735256285037E-20  1.138629194262E-20 -9.426290975881E-04
  3.034814979559E+02  3.070937204253E+02  1.146762914975E+01  7.132945854342E-15 -1.353105007724E-01  1.323237615692E+02  2.483496967543E-01  3.161610889361E-01 -1.867639472219E-01  1.803668365907E-02 -1.585047086683E+00  1.823372467891E+00 -3.740950524096E-03 -1.011641382418E-02  1.385736434847E-02 -1.490800423758E-02  1.155417660495E-04  6.596893005686E-06  4.640803936319E-06  2.031056738160E-05  5.839892095149E-02 -6.596893010287E-06  3.287071632684E-03  7.857956556904E-20  1.826556913945E-20  6.259908059173E-21 -9.419660810024E-04
  3.107059428946E+02  3.144265320380E+02  1.149478564595E+01  6.354329099937E-15 -1.333698795086E-01  1.329271725137E+02  2.466340024553E-01  3.185312854246E-01 -1.845201872043E-01  1.752191828556E-02 -1.565851727536E+00  1.824234945225E+00 -4.051711621539E-03 -8.683569575548E-03  1.273528119684E-02 -1.535262608652E-02 -3.045794249890E-04  2.955177670689E-06  1.122381011464E-05  5.527841668429E-06  6.012593076253E-02 -2.955177677914E-06  4.342959880751E-03  8.476742232912E-20 -1.828450637325E-20  2.033758751825E-20 -9.638493301170E-04
  3.181471211814E+02  3.219793279992E+02  1.152358719819E+01  4.979785102795E-15 -1.313375204677E-01  1.335650968862E+02  2.447255735830E-01  3.201502546704E-01 -1.821099362750E-01  1.691237836659E-02 -1.545453038694E+00  1.826471472346E+00 -4.395165226479E-03 -7.178611663880E-03  1.157377688995E-02 -1.547737506071E-02 -4.540837965979E-04  2.212523535586E-06  1.538696138512E-05 -1.395280713933E-05  6.142279384720E-02 -2.212523557731E-06  3.645435744548E-03  7.259679191305E-20 -7.393994201892E-21  1.209045112747E-21 -9.799371690371E-04
  3.258115348169E+02  3.297587078391E+02  1.155366057021E+01  3.588848547046E-15 -1.299352563873E-01  1.342340827376E+02  2.426510992272E-01  3.199756166274E-01 -1.798111943127E-01  1.619214906561E-02 -1.532929373549E+00  1.829973333515E+00 -4.816754003418E-03 -5.652124512511E-03  1.046887851605E-02 -1.585365185109E-02 -1.436598442988E-04  3.186504499426E-06  1.669629908581E-05 -1.514298265293E-05  6.278647951061E-02 -3.186504490734E-06  3.724866522975E-03  1.029787026306E-19 -2.974268559074E-20  7.449962871222E-21 -1.009605425496E-03
  3.337058808614E+02  3.377714690743E+02  1.158556749754E+01  2.364173671647E-15 -1.276879514199E-01  1.349469944613E+02  2.404858621767E-01  3.191181118877E-01 -1.772249072271E-01  1.554021385336E-02 -1.510947070291E+00  1.835678564100E+00 -5.181216067758E-03 -4.090310123203E-03  9.271526190756E-03 -1.641213696444E-02 -2.218803594857E-04  8.062619236490E-06  1.686357778992E-05 -1.285438179547E-05  6.496831910568E-02 -8.062619248982E-06  3.520059552064E-03  7.521946297558E-20 -1.375957057555E-20  3.304864080681E-22 -1.043238139288E-03
  3.418370572872E+02  3.460246131465E+02  1.161971176176E+01  1.225409819912E-15 -1.263575431316E-01  1.357146057696E+02  2.382252694753E-01  3.193960083803E-01 -1.747907121859E-01  1.473452297344E-02 -1.499721707275E+00  1.846533309098E+00 -5.565406984250E-03 -2.476483267171E-03  8.041890251561E-03 -1.708672066717E-02 -8.250441085024E-05  1.525926866746E-05  1.487219246014E-05 -2.929399178947E-06  6.615159507710E-02 -1.525926866779E-05  1.921242936360E-03  8.007190218626E-20 -1.586409534246E-20  2.840712164614E-21 -1.080235389155E-03
  3.502121690058E+02  3.545253515409E+02  1.165484838938E+01  5.241351334432E-16 -1.256278210783E-01  1.365083574093E+02  2.358472121958E-01  3.182564555723E-01 -1.720986876965E-01  1.415553836974E-02 -1.494656532789E+00  1.856313345812E+00 -5.866324304730E-03 -1.121150131766E-03  6.987474436371E-03 -1.740752748780E-02  1.035282549732E-04  2.612137521695E-06  9.798115264453E-06 -5.488074778515E-06  6.556584177238E-02 -2.612137528474E-06  1.642611524836E-03  7.033797140807E-20 -2.668943750934E-20 -7.055501059029E-21 -1.086934711777E-03
  3.588385340760E+02  3.632811120872E+02  1.169046249338E+01  1.371911843388E-16 -1.245060752031E-01  1.373185749322E+02  2.335291876283E-01  3.167912859420E-01 -1.694405667317E-01  1.331907079603E-02 -1.485263178977E+00  1.862514008479E+00 -6.383864464303E-03  2.359732422783E-04  6.147891222038E-03 -1.723403538033E-02 -7.922592542007E-05 -3.422529627526E-06  5.732892188442E-06 -2.163328139803E-05  6.326903240787E-02  3.422529628774E-06  2.856035102399E-03  1.031321660624E-19 -1.910930265158E-20 -1.471292517844E-20 -1.062830262414E-03
  3.677236900983E+02  3.722995454498E+02  1.172513112788E+01  3.959101565106E-17 -1.224162925975E-01  1.381124194921E+02  2.313625830645E-01  3.137964556273E-01 -1.666173742815E-01  1.283136697834E-02 -1.465507765974E+00  1.870771475104E+00 -7.144285208721E-03  1.652244165203E-03  5.492041043873E-03 -1.666839205929E-02 -3.294746331514E-04  1.189973558781E-05  3.790343307456E-06 -1.370044060310E-05  5.955611711930E-02 -1.189973558653E-05  4.980254277312E-03  7.710875644130E-20 -1.668737370329E-20 -5.818423666566E-20 -1.012753780304E-03
  3.768754008012E+02  3.815885318133E+02  1.175859677746E+01 -1.330972369355E-16 -1.187835233009E-01  1.388812625564E+02  2.291084125258E-01  3.102827488713E-01 -1.638778306404E-01  1.205821567438E-02 -1.427527839249E+00  1.881604903580E+00 -7.560904893733E-03  2.895218471467E-03  4.665686422584E-03 -1.589518809095E-02 -7.549769924032E-04  1.375905017273E-05  4.492923585729E-07 -1.603484844437E-06  5.757575426701E-02 -1.375905016840E-05  7.484578450106E-03  8.670173316701E-20 -2.003256707589E-20 -3.759923132316E-20 -1.003033816655E-03
  3.863016628253E+02  3.911561877677E+02  1.179298287726E+01 -8.256451078381E-16 -1.135306372939E-01  1.396740678093E+02  2.266113330083E-01  3.062458414679E-01 -1.609182160639E-01  1.158501111121E-02 -1.370603636508E+00  1.902955383090E+00 -7.911142130784E-03  4.219336439798E-03  3.691805690991E-03 -1.620082616437E-02 -1.061966097669E-03  5.664842219662E-06 -2.067466400986E-06  1.028064584644E-05  5.700580642500E-02 -5.664842223790E-06  7.022179689199E-03  1.097293498985E-19 -4.219508394924E-20 -3.826380480472E-20 -1.010313872473E-03
  3.960107127100E+02  4.010108734007E+02  1.182778550027E+01 -1.448963634261E-15 -1.101908009028E-01  1.404788580471E+02  2.239569511034E-01  3.018256817816E-01 -1.580989052883E-01  1.083149324400E-02 -1.334956579356E+00  1.912310885432E+00 -8.320674579213E-03  5.411029907293E-03  2.909644672520E-03 -1.603078767817E-02 -3.786695167328E-04  1.587380808768E-05  1.395479973019E-06  1.785632123272E-05  5.462899457328E-02 -1.587380808924E-05  5.400703861334E-03  5.105442890677E-20 -7.758154914227E-21  8.428470137266E-21 -9.847569311909E-04
  4.060110340913E+02  4.111611996027E+02  1.186130617585E+01 -1.420405459918E-15 -1.067129926487E-01  1.412556416904E+02  2.211561257743E-01  2.967634347250E-01 -1.551463799060E-01  1.047125327550E-02 -1.295955622056E+00  1.926469387711E+00 -8.645977523647E-03  6.417249686219E-03  2.228727837477E-03 -1.532043624334E-02 -4.956861563031E-04  7.396548648548E-06  9.309747823402E-06  1.467860973072E-05  5.122429682731E-02 -7.396548646659E-06  5.382412191204E-03  5.406907849911E-20 -1.829930889075E-20 -3.177058648794E-20 -9.367182638711E-04
  4.163113651141E+02  4.216160355908E+02  1.189377342227E+01 -1.165442742312E-15 -1.032244017448E-01  1.420079909906E+02  2.182584692783E-01  2.885409620761E-01 -1.521641283424E-01  9.731418516245E-03 -1.257017068711E+00  1.939463965833E+00 -8.824944677562E-03  7.531519067790E-03  1.293425610029E-03 -1.476188488185E-02 -5.745853834610E-04 -3.487409010135E-07  1.448505949913E-05  1.519181803422E-05  5.080042446354E-02  3.487408964755E-07  6.566648435376E-03  8.747423975806E-20 -8.527485064071E-21 -3.989332041028E-20 -9.360144483065E-04
  4.269207060675E+02  4.323845166585E+02  1.192868414803E+01 -7.852133295424E-16 -9.800665329513E-02  1.428202824947E+02  2.152371883706E-01  2.813601198494E-01 -1.490194295040E-01  9.643684002391E-03 -1.198848328257E+00  1.957942418294E+00 -8.938387826492E-03  8.364491332003E-03  5.738964948039E-04 -1.514896184863E-02 -1.030576631268E-03  7.584436971931E-06  1.446537539591E-05  9.267134750504E-06  5.041592114371E-02 -7.584436962898E-06  6.922675256905E-03  4.797948563820E-20 -1.016632358009E-20 -6.206388268353E-20 -9.295547977088E-04
  4.378483272495E+02  4.434760521583E+02  1.196262313033E+01 -3.065834623210E-17 -9.382193645783E-02  1.436151789300E+02  2.118113357128E-01  2.750663279435E-01 -1.459692963985E-01  9.224551031937E-03 -1.153309828032E+00  1.972140805641E+00 -9.334005775873E-03  9.455223948403E-03 -1.212181726363E-04 -1.453438608831E-02 -9.304648829777E-04  1.620353804516E-06  1.331867429217E-05  1.266092425985E-05  4.881446497569E-02 -1.620353804374E-06  8.209416893915E-03  7.245379360813E-20 -2.419439706873E-20 -2.058852503945E-20 -8.959239295249E-04
  4.491037770670E+02  4.549003337230E+02  1.199733826087E+01  5.470219185029E-16 -8.654725300335E-02  1.444325157352E+02  2.081715864418E-01  2.682611395806E-01 -1.427845137914E-01  9.309792835676E-03 -1.070306787321E+00  2.007815167952E+00 -9.700195447333E-03  1.071030223071E-02 -1.010106783154E-03 -1.435335937988E-02 -1.482863585385E-03  1.139528935961E-05  1.402546018353E-05  9.488652859599E-06  4.866069551531E-02 -1.139528934910E-05  7.360843122277E-03  5.026075375187E-20 -1.911355327333E-20 -5.644250832831E-20 -9.018483826508E-04
  4.606968903790E+02  4.666673437347E+02  1.203316497448E+01  6.471108371375E-16 -8.317875845542E-02  1.452807094244E+02  2.046767208610E-01  2.630736980281E-01 -1.396273189951E-01  9.199048934329E-03 -1.034081995034E+00  2.034184243659E+00 -9.888087546769E-03  1.172162367891E-02 -1.833536132038E-03 -1.452060630006E-02 -7.504256696880E-04  2.985829664824E-06  1.433753675676E-05  6.911003406076E-07  4.819689162508E-02 -2.985829659734E-06  4.837723661193E-03  7.589564838159E-20 -1.045250165437E-20 -2.102835138962E-20 -9.088563189302E-04
  4.726377970904E+02  4.787873640468E+02  1.206933555038E+01 -9.698954602418E-17 -7.928130242331E-02  1.461392347429E+02  2.012683186149E-01  2.582438160965E-01 -1.365918927486E-01  9.324833478823E-03 -9.920775210819E-01  2.071608398355E+00 -1.012501054292E-02  1.271501195209E-02 -2.590001408891E-03 -1.464728496267E-02 -6.098115728237E-04 -7.656811655983E-07  1.264102795832E-05 -7.031986340250E-06  4.820075009828E-02  7.656811572788E-07  4.294994901229E-03  9.352578086786E-20 -1.250352482348E-20 -1.960395592101E-20 -9.310713576479E-04
  4.849369310031E+02  4.912709849682E+02  1.210730652389E+01 -1.185714720853E-15 -7.656765150948E-02  1.470435662452E+02  1.976365472194E-01  2.549193644564E-01 -1.330233366093E-01  9.250919920870E-03 -9.632244303365E-01  2.111897413116E+00 -1.031020187694E-02  1.355071908586E-02 -3.240517208799E-03 -1.503040469618E-02 -4.691464820978E-04 -1.773137677188E-06  9.307717470080E-06 -2.579308918722E-05  4.817653930992E-02  1.773137687909E-06  2.916426950093E-03  6.012094080156E-20 -3.311583609425E-20 -2.607182636164E-20 -9.394751749189E-04
  4.976050389332E+02  5.041291145172E+02  1.214566380202E+01 -2.417030695960E-15 -7.466107994295E-02  1.479626896106E+02  1.940136667674E-01  2.519362759574E-01 -1.297565983787E-01  9.041418184227E-03 -9.437291722469E-01  2.158974433872E+00 -1.039550447887E-02  1.445057307344E-02 -4.055068594407E-03 -1.511866664313E-02  4.990621411163E-05  9.107005463118E-06  4.576905929400E-06 -2.416831448703E-05  5.214175764782E-02 -9.107005479137E-06  6.650353205762E-04  8.191356268380E-20 -1.277547866113E-20 -5.155321736661E-20 -9.910356541111E-04
  5.106531901012E+02  5.173729879527E+02  1.219236764878E+01 -3.471872095373E-15 -7.546451859776E-02  1.490893870364E+02  1.902552916030E-01  2.470432521092E-01 -1.261372137973E-01  8.689451041088E-03 -9.553775227418E-01  2.213160915434E+00 -1.028079888673E-02  1.552467915751E-02 -5.243880270720E-03 -1.679271925701E-02  5.934158980612E-04 -2.580214430095E-06  1.946350521615E-06 -1.422646131567E-05  5.571721393693E-02  2.580214431171E-06 -2.320979898435E-03  7.583587461475E-20 -2.097094024443E-20 -5.449763757552E-20 -1.080872531753E-03
  5.240927858042E+02  5.310141775913E+02  1.223926464416E+01 -3.370573496235E-15 -7.857226686413E-02  1.502194180498E+02  1.859826126268E-01  2.439095272860E-01 -1.228724871370E-01  8.341857007450E-03 -9.933495337395E-01  2.294471269227E+00 -1.074019597491E-02  1.696487811909E-02 -6.224682144181E-03 -1.779391901688E-02  1.210694834015E-03 -1.056577830671E-05  1.750466755179E-06 -1.510468473393E-06  5.668887855342E-02  1.056577831257E-05 -3.579372882106E-03  6.080482798102E-20 -2.307770831061E-20 -3.712310521088E-20 -1.144992604597E-03
  5.379355693784E+02  5.450646029190E+02  1.229049129297E+01 -2.780328051122E-15 -8.163531055147E-02  1.514576241195E+02  1.813076526619E-01  2.434676496433E-01 -1.192283036920E-01  7.896316149713E-03 -1.030639449136E+00  2.343828118530E+00 -1.055153722998E-02  1.776225946693E-02 -7.210722236824E-03 -1.889171256183E-02  1.174944156386E-03 -4.239272386457E-06  8.501756268450E-07  6.893786914882E-06  5.838846259211E-02  4.239272392617E-06 -4.776720851150E-03  6.691852182711E-20 -1.922365316248E-20 -1.339121024576E-20 -1.190243564292E-03
  5.521936364597E+02  5.595365410066E+02  1.234335725897E+01 -2.980701333903E-15 -8.703582650427E-02  1.527456518814E+02  1.769808372619E-01  2.416308492926E-01 -1.157512617785E-01  7.489761951859E-03 -1.097446444399E+00  2.390667077090E+00 -1.063933203631E-02  1.840030441430E-02 -7.760972377836E-03 -1.884782738435E-02  1.478329251193E-03 -1.086941183165E-05 -2.518363632651E-06  1.203473134404E-05  5.849965577215E-02  1.086941182970E-05 -3.368832194874E-03  3.809455902176E-20 -2.410856176023E-20 -2.419682319265E-20 -1.175485553579E-03
  5.668794455535E+02  5.743794455535E+02  1.239786743663E+01 -3.625506145299E-15 -8.780662276626E-02  1.540825575875E+02  1.734913102095E-01  2.378376166015E-01 -1.115381218324E-01  6.861700589284E-03 -1.107092092922E+00  2.424384080646E+00 -1.088656070285E-02  1.896763617876E-02 -8.081075476011E-03 -1.893365548255E-02  6.833074901466E-04 -1.228822638584E-05 -5.929024054918E-06  7.559085312193E-06  5.643810986587E-02  1.228822638995E-05  2.567630131770E-03  7.611949479810E-20 -1.151967471413E-20 -4.542445144501E-20 -1.176292268709E-03
  5.818794455535E+02  5.893794455535E+02  1.244918510503E+01 -3.990188388037E-15 -8.224952516792E-02  1.553482393101E+02  1.702451819723E-01  2.331450616804E-01 -1.080528984021E-01  6.451399563705E-03 -1.037750144815E+00  2.395342266391E+00 -1.083740939679E-02  1.864249225695E-02 -7.805082860081E-03 -1.836938130405E-02 -6.794568946890E-04 -1.119653144275E-05 -4.434264601714E-06  9.704371922065E-06  5.551084824176E-02  1.119653144221E-05  3.083233329591E-03  6.319352354569E-20 -7.983651285423E-22 -4.699824661947E-20 -1.141864122029E-03
  5.968794455535E+02  6.043794455535E+02  1.250200164534E+01 -4.450509405451E-15 -8.207171948309E-02  1.566549709663E+02  1.667414651150E-01  2.301631706516E-01 -1.039215151409E-01  5.962546035387E-03 -1.035977150531E+00  2.373475158696E+00 -1.047653183477E-02  1.846142842853E-02 -7.984896593737E-03 -1.822437630489E-02 -1.316832788754E-04 -7.654259775645E-06 -5.979095715149E-07 -5.442478722128E-06  5.445826339609E-02  7.654259778050E-06  1.150379560605E-03  3.322913067879E-20 -2.555591989022E-20 -2.724917789962E-20 -1.114978251624E-03
  6.118794455535E+02  6.193794455535E+02  1.255131525284E+01 -5.039324281938E-15 -8.010647138409E-02  1.578799637826E+02  1.629000981009E-01  2.248497342411E-01 -1.001882402300E-01  5.132832172318E-03 -1.011769516315E+00  2.343296137478E+00 -1.056135413357E-02  1.829505051962E-02 -7.733696385951E-03 -1.732867482876E-02 -2.970557962985E-04  5.157438624318E-06  1.128620218736E-06  4.188340947319E-06  5.318082422698E-02 -5.157438625804E-06  7.525327069921E-04  5.770309874012E-20 -6.261349939914E-21 -4.089431872215E-20 -1.070367436423E-03
  6.268794455535E+02  6.343794455535E+02  1.260169463420E+01 -5.201251177441E-15 -8.062723426108E-02  1.591396528932E+02  1.590348452560E-01  2.214567941102E-01 -9.618341186799E-02  4.626362227800E-03 -1.019094420794E+00  2.292687137499E+00 -1.003739628145E-02  1.758851362415E-02 -7.551117343028E-03 -1.691467955895E-02 -1.091037532211E-05  5.997325751560E-06 -1.613244366124E-06  2.461585031069E-05  5.275006907099E-02 -5.997325756052E-06 -5.931178133410E-04  5.105723132112E-20 -6.119676178739E-21 -3.168923694855E-20 -1.043234435636E-03
  6.418794455535E+02  6.493794455535E+02  1.265019556571E+01 -4.786709801678E-15 -8.118434835506E-02  1.603565792057E+02  1.556246900832E-01  2.162376243347E-01 -9.241398458365E-02  3.811068883280E-03 -1.029364790543E+00  2.244436808705E+00 -9.619957780813E-03  1.676114701402E-02 -7.141189233029E-03 -1.646016337942E-02  3.459315537567E-04  9.516571338431E-07 -8.879743789992E-06  2.559723093551E-05  5.200465919543E-02 -9.516571273104E-07 -7.807157784830E-04  5.998638614111E-20 -2.732160840703E-20 -2.030549172308E-20 -1.018796715583E-03
  6.568794455535E+02  6.643794455535E+02  1.269915559366E+01 -4.417366067840E-15 -8.209936278074E-02  1.615914462593E+02  1.521052865570E-01  2.091081439808E-01 -8.816354161070E-02  2.941844973337E-03 -1.045022453059E+00  2.205746126677E+00 -9.512950625980E-03  1.625471521046E-02 -6.741764584277E-03 -1.589269506364E-02  2.948182840204E-04  1.309563944950E-05 -1.247548900905E-05  2.156642514154E-05  4.952390804501E-02 -1.309563945038E-05  1.841994736597E-03  5.262394579897E-20 -8.119268398151E-21 -4.032928670729E-20 -9.491802618488E-04
  6.718794455535E+02  6.793794455535E+02  1.274301140688E+01 -4.511684139711E-15 -7.772383632729E-02  1.626997065979E+02  1.481022184072E-01  2.017008329007E-01 -8.423965630407E-02  2.207589324610E-03 -9.922210665748E-01  2.175307655667E+00 -9.212352591998E-03  1.556677182757E-02 -6.354419235825E-03 -1.455664783902E-02 -5.665915543702E-04  1.511542470782E-05 -1.074424470033E-05  2.609619139059E-05  4.651857666857E-02 -1.511542470045E-05  6.208186958620E-03  4.969512629826E-20 -2.688038616115E-21 -2.262189190379E-20 -8.998060056089E-04
  6.868794455535E+02  6.943794455535E+02  1.278636979945E+01 -4.585953434129E-15 -7.039713547844E-02  1.637926575525E+02  1.433569414897E-01  1.908885994920E-01 -7.989595042001E-02  1.154278404349E-03 -8.979275376776E-01  2.142790214763E+00 -8.997245839568E-03  1.508346271107E-02 -6.086216871475E-03 -1.447868090939E-02 -1.242667960829E-03  3.163188893042E-06 -6.771197726463E-06  1.954221007571E-05  4.618292407567E-02 -3.163188893002E-06  6.999120707737E-03  2.852493747309E-20 -1.436031023939E-20 -2.243303878561E-20 -9.005876025268E-04
  7.018794455535E+02  7.093794455535E+02  1.282960612649E+01 -4.549674150154E-15 -6.456109098950E-02  1.648841151297E+02  1.381644843913E-01  1.793326439739E-01 -7.559155866899E-02  6.118888683370E-04 -8.250187005941E-01  2.108529827309E+00 -8.787747270746E-03  1.494932284130E-02 -6.161575570868E-03 -1.426015519726E-02 -1.006097318453E-03 -1.719148291438E-06 -1.979846171350E-06 -2.946343203197E-06  4.608064735905E-02  1.719148289700E-06  6.805281117127E-03  3.308827306294E-20  1.208464559348E-21 -2.150357377200E-20 -8.828635938045E-04
  7.168794455535E+02  7.243794455535E+02  1.287277700973E+01 -5.040121387375E-15 -5.768918031275E-02  1.659770265302E+02  1.329202057995E-01  1.696157788100E-01 -7.120766370480E-02 -1.611373736846E-04 -7.383341201814E-01  2.070557922044E+00 -8.703665343649E-03  1.466190874319E-02 -5.958243399555E-03 -1.397586783206E-02 -1.234368757581E-03  5.006586474750E-06  6.681952915996E-07 -1.454240459898E-05  4.378484117934E-02 -5.006586478762E-06  7.409088127830E-03  6.270831049784E-20 -1.476844938516E-20 -4.858521196416E-20 -8.462885059390E-04
  7.318794455535E+02  7.393794455535E+02  1.291172069930E+01 -5.426882467713E-15 -5.075198808580E-02  1.669659067833E+02  1.277850309475E-01  1.600247007971E-01 -6.663097277083E-02 -8.390399624237E-04 -6.507981419288E-01  2.026311369119E+00 -8.422636614966E-03  1.418330187042E-02 -5.760665255763E-03 -1.289684077476E-02 -1.387962826826E-03 -3.454721557491E-06 -9.958726718028E-07  6.481844758136E-07  4.169918278125E-02  3.454721561685E-06  7.786753704172E-03  1.304870197281E-20 -8.138101971931E-21 -7.425551284904E-21 -7.999610358446E-04
  7.468794455535E+02  7.543794455535E+02  1.295098632984E+01 -5.365074703945E-15 -4.314510217485E-02  1.679651169399E+02  1.230978148094E-01  1.524687907255E-01 -6.226482195674E-02 -1.265376877921E-03 -5.524164953670E-01  2.008261491229E+00 -8.225727878666E-03  1.399942820151E-02 -5.773700322798E-03 -1.284682482318E-02 -1.682302167261E-03 -1.288832228414E-05 -5.753170280821E-06 -2.141851987724E-06  4.138523098082E-02  1.288832228290E-05  1.120460348551E-02  9.046082521463E-21 -1.798655029638E-20 -5.272943651080E-21 -8.013595314584E-04
  7.618794455535E+02  7.693794455535E+02  1.298930960131E+01 -5.044460039208E-15 -2.979688582524E-02  1.689442731191E+02  1.191319829869E-01  1.472763032037E-01 -5.782181236378E-02 -1.671888929995E-03 -3.799493604182E-01  1.962139837133E+00 -8.018695848666E-03  1.353484336661E-02 -5.516147517653E-03 -1.276361665050E-02 -2.671595921727E-03 -3.094056862510E-07 -7.425124011976E-06 -1.223468069110E-05  4.026440714616E-02  3.094056855875E-07  1.331325974514E-02  2.608728015061E-20 -2.506282445050E-21 -3.420430595909E-20 -7.754580938531E-04
  7.768794455535E+02  7.843794455535E+02  1.302642101352E+01 -4.244188984634E-15 -1.819392819462E-02  1.698965994827E+02  1.153998367110E-01  1.432514075086E-01 -5.409153303151E-02 -2.380697655457E-03 -2.296526926174E-01  1.928411619214E+00 -7.939261423871E-03  1.344275487102E-02 -5.503493447244E-03 -1.189468447147E-02 -2.448397781308E-03  2.517153133406E-06 -4.983929170416E-06 -1.221522126469E-05  3.852788178543E-02 -2.517153129158E-06  1.040479772836E-02  3.020043996839E-20 -3.187036151270E-21 -4.207082589040E-20 -7.106967529466E-04
  7.918794455535E+02  7.993794455535E+02  1.306149321478E+01 -3.242251663908E-15 -1.024759479323E-02  1.707964845511E+02  1.120515782417E-01  1.390131818057E-01 -5.023968995155E-02 -2.640264641606E-03 -1.254397600873E-01  1.894246067211E+00 -7.655547540595E-03  1.309703907687E-02 -5.441491536363E-03 -1.092835731842E-02 -1.465655098442E-03 -7.216311730705E-07 -3.859250708639E-06 -1.126179091027E-05  3.483023558649E-02  7.216311775995E-07  6.530247665584E-03  4.187586875349E-20 -9.915635505523E-21 -4.367443876965E-20 -6.479775682107E-04
  8.068794455535E+02  8.143794455535E+02  1.309173285653E+01 -2.405147984709E-15 -5.915177368845E-03  1.715740831816E+02  1.087945526153E-01  1.348606448515E-01 -4.666904589704E-02 -2.997660851701E-03 -6.825475723957E-02  1.844572180423E+00 -7.295990493967E-03  1.222509074537E-02 -4.929100251623E-03 -9.708788339695E-03 -7.541470552492E-04 -7.469148189058E-06 -6.676187963358E-06 -7.500593574843E-06  3.023703604342E-02  7.469148198662E-06  2.231121587833E-03  3.903964947436E-20 -1.099740689665E-20 -4.207458466340E-20 -5.778226336811E-04
  8.218794455535E+02  8.293794455535E+02  1.311819868723E+01 -1.619134658524E-15 -6.093471691167E-03  1.722547005838E+02  1.044532300212E-01  1.312499464970E-01 -4.300989987083E-02 -3.191879288129E-03 -6.929168829750E-02  1.817531501147E+00 -7.053058660520E-03  1.184833918855E-02 -4.795280527865E-03 -8.858976805621E-03  8.142471920918E-05 -2.810243573518E-06 -1.106456615977E-05 -1.972071881748E-06  2.722944726513E-02  2.810243576587E-06 -3.726851126746E-04  1.684568644871E-20 -7.364190680250E-23 -2.493326030704E-20 -5.246692792466E-04
  8.368794455535E+02  8.443794455535E+02  1.314277912643E+01 -1.081507135005E-15 -6.680190950998E-03  1.728885907017E+02  9.876415236172E-02  1.265501717527E-01 -3.941023706820E-02 -3.353803376901E-03 -7.646488323520E-02  1.776129713087E+00 -6.744267228464E-03  1.140349483454E-02 -4.659227606246E-03 -7.925899086468E-03  1.413287229638E-04  3.566271195569E-06 -1.453840101613E-05  1.140908838307E-06  2.627177109441E-02 -3.566271189405E-06 -1.055413702573E-03  3.762109341409E-20  5.801139313364E-21 -3.799192437930E-20 -4.821229821390E-04
  8.518794455535E+02  8.593794455535E+02  1.316743955355E+01 -9.049452448969E-16 -8.103594031745E-03  1.735307759766E+02  9.201145339374E-02  1.251238449817E-01 -3.576991130202E-02 -3.207581686963E-03 -9.479228342127E-02  1.743594104688E+00 -6.780060742052E-03  1.116778573365E-02 -4.387724991526E-03 -7.573860490527E-03  3.425431391892E-04  1.898097608472E-06 -1.305111598129E-05 -2.715517596293E-06  2.544062821253E-02 -1.898097607294E-06 -3.166344077213E-03  2.266312783847E-20  9.797823349039E-21 -1.909944104484E-20 -4.524927900239E-04
  8.668794455535E+02  8.743794455535E+02  1.319047697332E+01 -9.966395475107E-16 -1.260946528922E-02  1.741325767321E+02  8.445863864880E-02  1.214075404104E-01 -3.207171712850E-02 -3.206239716195E-03 -1.529375687871E-01  1.698541446453E+00 -6.490218881537E-03  1.077352572464E-02 -4.283306843216E-03 -7.011730468984E-03  7.012486059575E-04  1.199700023396E-06 -9.443997399938E-06 -8.705361314967E-06  2.605860744003E-02 -1.199700025456E-06 -5.760360829962E-03  2.913038116428E-20  1.689817899086E-21 -2.502554978623E-20 -4.467893019441E-04
  8.818794455535E+02  8.893794455535E+02  1.321630763272E+01 -1.029270129775E-15 -1.889336954506E-02  1.748091432132E+02  7.618492763260E-02  1.203850572222E-01 -2.868086134353E-02 -3.200074313871E-03 -2.349516348591E-01  1.660827482212E+00 -6.320116414879E-03  1.045173590812E-02 -4.131619493197E-03 -7.122794897351E-03  9.841883909256E-04  9.476998080385E-06 -8.294868430158E-06 -7.012521858879E-06  2.585818903110E-02 -9.476998079313E-06 -7.285417467662E-03  1.139227374652E-20 -3.362817192653E-21 -2.778135706505E-20 -4.237638725482E-04
  8.968794455535E+02  9.043794455535E+02  1.323895413894E+01 -1.183319356853E-15 -2.629493467619E-02  1.753995221558E+02  6.738543120871E-02  1.188309447484E-01 -2.505788428728E-02 -3.037643361170E-03 -3.313371255392E-01  1.624326413333E+00 -5.997473870484E-03  9.889547364175E-03 -3.892073493745E-03 -6.383029349692E-03  1.200992109663E-03  2.426114287415E-06 -7.290279361031E-06  1.396899590426E-06  2.568624340821E-02 -2.426114285495E-06 -9.655899927676E-03  1.212723065943E-20 -6.374806546841E-22 -2.871472742057E-20 -3.893231086504E-04
  9.118794455535E+02  9.193794455535E+02  1.326447229597E+01 -1.602042861796E-15 -3.702109895086E-02  1.760705244267E+02  5.825363480471E-02  1.196892778970E-01 -2.135991732937E-02 -2.610472618774E-03 -4.701277763216E-01  1.572604289375E+00 -5.645613743532E-03  9.239765053360E-03 -3.594151309742E-03 -6.190802691548E-03  1.519410537887E-03 -1.448904855423E-06 -5.986696996029E-06 -4.891658464042E-06  2.730394877167E-02  1.448904851588E-06 -9.084967018640E-03  2.674335254932E-20 -1.122671848593E-20 -3.602149116060E-20 -3.815819015329E-04
  9.268794455535E+02  9.343794455535E+02  1.329015996736E+01 -1.752610498858E-15 -4.331239266701E-02  1.767485999496E+02  4.912301710133E-02  1.207522523196E-01 -1.776801365418E-02 -2.224651691630E-03 -5.500252380650E-01  1.531491600746E+00 -5.419251577298E-03  9.023842860267E-03 -3.604591282888E-03 -6.004799864524E-03  9.964339410139E-04 -2.068823276434E-06 -6.726862682816E-06 -1.694622630591E-05  2.670041892757E-02  2.068823284337E-06 -7.874398479759E-03  1.861145600531E-20 -3.287094892084E-22 -3.867045974108E-20 -3.640175888451E-04
  9.418794455535E+02  9.493794455535E+02  1.331452701242E+01 -1.634109080689E-15 -5.178439300273E-02  1.773932022068E+02  4.005035840804E-02  1.210023337267E-01 -1.367214340335E-02 -1.814947868995E-03 -6.616033998623E-01  1.497143690629E+00 -5.363578290501E-03  8.445359134285E-03 -3.081780843803E-03 -5.616787989031E-03  1.066209402771E-03 -5.825677716277E-06 -9.594270438299E-06 -9.424944550834E-06  2.738818668305E-02  5.825677715476E-06 -1.067353219663E-02  1.050611248402E-20 -1.179293462059E-21 -1.397621707992E-20 -3.468808350573E-04
  9.568794455535E+02  9.643794455535E+02  1.334149402675E+01 -1.519259255437E-15 -6.334873988919E-02  1.781100268723E+02  3.012369746108E-02  1.251153640429E-01 -9.706178943210E-03 -1.216735852555E-03 -8.168039644595E-01  1.507964287930E+00 -5.162866048971E-03  8.285497143145E-03 -3.122631094252E-03 -5.558942924260E-03  1.659214001909E-03 -5.731419069448E-06 -1.381082635461E-05 -8.127352015817E-06  3.056454690275E-02  5.731419076492E-06 -1.221608114513E-02  2.347415712335E-20  1.650663942976E-21 -2.095300819371E-20 -3.689037667905E-04
  9.718794455535E+02  9.793794455535E+02  1.337180058679E+01 -1.117824366056E-15 -7.471409521500E-02  1.789192289774E+02  1.826883568076E-02  1.315771688998E-01 -5.617930968694E-03 -9.247627439605E-04 -9.711014064643E-01  1.611353314473E+00 -5.101623574569E-03  8.944356068048E-03 -3.842732493479E-03 -6.322207165297E-03  1.822930553136E-03  5.030236909546E-08 -1.364891477108E-05 -1.915497697383E-06  3.812532668730E-02 -5.030236802983E-08 -1.288250772218E-02  8.041389645679E-22  6.822007423366E-22 -8.643095363197E-21 -4.861720824318E-04
  9.868794455535E+02  9.943794455535E+02  1.341293702891E+01 -3.738546834666E-16 -8.752424494465E-02  1.800313625049E+02  3.679193707407E-03  1.487263096846E-01 -1.542320531853E-03 -2.114618740782E-04 -1.146765483970E+00  1.605832846361E+00 -5.825731578859E-03  9.833743033934E-03 -4.008011454898E-03 -8.414740655074E-03  1.924241394466E-03  5.818681215590E-06 -5.522831168900E-06  5.007284619857E-06  2.194711812993E-02 -5.818681208728E-06 -6.829169868029E-03  2.195536277082E-21 -8.932749203486E-22 -1.808203952637E-20 -2.460090997263E-04
