                   y                  ym                   U                   V                   W                 U^2                 V^2                 W^2                  UV                  VW                  UW                VISC               SFSxx               SFSyy               SFSzz               SFSxy               SFSyz                dUdX                dVdX                dWdX                dUdY                dVdY                dWdY                dUdZ                dVdZ                dWdZ              SFSxym
 -4.000000000000E+00 -2.000000000000E+00  0.000000000000E+00  0.000000000000E+00  0.000000000000E+00  0.000000000000E+00  0.000000000000E+00  0.000000000000E+00  0.000000000000E+00  0.000000000000E+00  0.000000000000E+00  0.000000000000E+00  0.000000000000E+00  0.000000000000E+00  0.000000000000E+00  0.000000000000E+00  0.000000000000E+00  0.000000000000E+00  0.000000000000E+00  0.000000000000E+00  0.000000000000E+00  0.000000000000E+00  0.000000000000E+00  0.000000000000E+00  0.000000000000E+00  0.000000000000E+00  0.000000000000E+00
  2.220446049250E-16  2.000000000000E+00  7.126673819827E+00  4.718595884394E-15 -1.766735030647E-02  5.284616348373E+01  4.725815176767E-02  6.115111909472E-01 -1.427138740167E-01 -1.131791330104E-03 -1.154036278373E-01  1.403341374966E+00 -2.118537291277E-03  9.355747576994E-03 -7.237210286477E-03 -5.170926786016E+00  1.855757504935E-02 -1.332011669938E-03 -1.257383196668E-04  4.251205865836E-05  3.201023483496E+01  1.332011670086E-03 -4.280937553870E-02  7.529804389658E-20 -4.906973774471E-21  2.363100415372E-20 -1.819724137860E-02
  4.000000000000E+00  6.000000000000E+00  8.878732844377E+00  1.271356255226E-14 -3.847747874364E-03  8.126794367589E+01  1.894599490292E-01  6.648140868011E-01 -3.049559393169E-01 -2.633050321945E-03 -7.648133559558E-03  5.560356732797E+00  2.822728952615E-01 -2.454309758376E-01 -3.684191943060E-02 -1.428635784647E+00 -7.342333504386E-02  3.478835298032E-04 -2.104816048180E-04  1.049196561731E-05  4.584105051121E+00 -3.478835297121E-04  3.699152217043E-02  1.001798005638E-19 -5.555375253028E-21 -2.230448644170E-20 -9.382634321386E-02
  8.000000000000E+00  1.000000000000E+01  9.418180452769E+00  1.830831861983E-14  8.645643632610E-04  9.073359065695E+01  2.396704905593E-01  6.311255280131E-01 -2.951233014199E-01 -2.620960300117E-03  3.839624150630E-02  5.891849367432E+00  1.419049125004E-01 -3.246064867347E-01  1.827015742370E-01 -7.138220797412E-01 -2.750989320482E-02  3.361722014194E-04 -1.350020962704E-04 -2.295093074654E-05  2.077118365243E+00 -3.361722013392E-04  1.475495582294E-02  7.044186336248E-20 -1.413524273626E-20 -3.166937718653E-21 -4.279700081560E-02
  1.200000000000E+01  1.400000000000E+01  9.917384666339E+00  2.161433185210E-14  3.566836605721E-03  1.003487166018E+02  2.690248265845E-01  6.233472301461E-01 -3.210909534703E-01 -2.730722305575E-03  6.834551164960E-02  5.815492867625E+00  1.340918117739E-01 -2.997106671069E-01  1.656188553325E-01 -6.715346785562E-01 -4.146050940599E-03  1.663277040103E-04 -8.355141736627E-05  2.162858865018E-05  1.699589589869E+00 -1.663277038231E-04  1.071995744421E-02  3.494328282648E-20 -7.735785406596E-21  2.510905267402E-20 -3.623286600378E-02
  1.600000000000E+01  1.800000000000E+01  1.026800966293E+01  2.147612860118E-14  6.263486168402E-03  1.073196590483E+02  2.918976408097E-01  6.173179317873E-01 -3.206982341349E-01 -2.683348083577E-03  9.862532861342E-02  5.493471488726E+00  1.105431369814E-01 -2.703216040558E-01  1.597784670727E-01 -4.781766207985E-01 -3.080643851955E-03  2.193581667799E-05 -5.205436526788E-05  3.863004869653E-06  1.310432818505E+00 -2.193581670112E-05  1.003606058053E-02  5.113753377349E-20  3.110584577017E-22  3.937766822300E-20 -2.748620069897E-02
  2.000000000000E+01  2.200000000000E+01  1.057248653493E+01  1.839378302448E-14  8.576984886349E-03  1.136160509279E+02  3.107982200199E-01  6.173756798881E-01 -3.281445670266E-01 -2.747096721003E-03  1.242566451186E-01  5.280387945845E+00  9.889405749730E-02 -2.480870850065E-01  1.491930275061E-01 -4.083994142074E-01 -3.545232515468E-03  1.447986604098E-04 -2.910294212681E-05  1.676780364660E-05  1.102827855156E+00 -1.447986602296E-04  8.432436697262E-03  1.108921114209E-19 -5.309121447753E-21  9.505886041170E-20 -2.314538455642E-02
  2.400000000000E+01  2.600000000000E+01  1.081948848523E+01  1.412616060005E-14  1.052662024503E-02  1.188468145076E+02  3.265593592419E-01  6.185382200707E-01 -3.286085649620E-01 -2.630192681566E-03  1.457879628118E-01  5.051611593702E+00  8.635137456909E-02 -2.275944830392E-01  1.412431084758E-01 -3.321998557797E-01 -3.126627580203E-03  1.150654974390E-04 -1.815347405316E-05  8.288130058916E-06  9.329328341160E-01 -1.150654975292E-04  8.035219433080E-03  9.850950980371E-20 -8.056998501032E-21  8.278447207854E-20 -1.941109418254E-02
  2.800000000000E+01  3.000000000000E+01  1.103896513879E+01  9.847793804377E-15  1.263640339314E-02  1.236081986551E+02  3.394659888608E-01  6.211099062335E-01 -3.309441768132E-01 -2.620908771498E-03  1.705028784205E-01  4.863572573690E+00  7.700916480552E-02 -2.109957047536E-01  1.339865399487E-01 -2.911865735068E-01 -3.341257803098E-03  2.749941649927E-05 -1.181845522349E-05 -6.619291805927E-06  8.211751091538E-01 -2.749941639453E-05  8.985475226482E-03  7.414543662163E-20 -7.446403105264E-21  8.668811525875E-20 -1.696753085274E-02
  3.200000000000E+01  3.400000000000E+01  1.123001166057E+01  5.566316794066E-15  1.501340707078E-02  1.278297441673E+02  3.497428238418E-01  6.213964076541E-01 -3.310119134998E-01 -2.563985736227E-03  1.991407628125E-01  4.690164286946E+00  6.909644874449E-02 -1.965999208310E-01  1.275034720873E-01 -2.524947493652E-01 -3.520519083973E-03  6.092377665920E-05 -3.927722439704E-06 -2.162874713623E-05  7.290556577712E-01 -6.092377683651E-05  1.040223697659E-02  7.086018032880E-20 -7.299046204860E-23  8.798384024118E-20 -1.496534091087E-02
  3.600000000000E+01  3.800000000000E+01  1.140348499531E+01  1.423632190143E-15  1.779640361284E-02  1.317312118096E+02  3.579485698898E-01  6.202207408060E-01 -3.314452589119E-01 -2.500335517180E-03  2.328464782003E-01  4.537354309640E+00  6.276431915687E-02 -1.841196376842E-01  1.213553185266E-01 -2.271677755173E-01 -3.973046260709E-03  5.891630748240E-05  1.976165393895E-06 -3.584831422216E-05  6.602094261731E-01 -5.891630741311E-05  1.031161602224E-02  3.002915705478E-20 -5.634297067753E-21  1.110719853160E-19 -1.347458645051E-02
  4.000000000000E+01  4.200000000000E+01  1.156014147401E+01  1.312096987773E-15  2.015035806984E-02  1.353048334683E+02  3.645042097837E-01  6.183881215467E-01 -3.309887135523E-01 -2.506562398854E-03  2.614682639264E-01  4.395913510360E+00  5.771669843995E-02 -1.733705501145E-01  1.156538516724E-01 -2.046340011893E-01 -3.451410082828E-03  1.245103123597E-05  3.606626408608E-06 -3.445591285637E-06  6.019087252483E-01 -1.245103132410E-05  8.208063732090E-03  8.334313874428E-20 -2.218887940187E-21  1.261166812555E-19 -1.221914935097E-02
  4.400000000000E+01  4.600000000000E+01  1.170446554219E+01  6.256415524541E-15  2.190377423441E-02  1.386433367150E+02  3.696129609770E-01  6.156966718910E-01 -3.306458226842E-01 -2.497642877213E-03  2.839799029740E-01  4.268513955436E+00  5.344830789932E-02 -1.638037133331E-01  1.103554054334E-01 -1.869078912306E-01 -2.832309784078E-03  3.092551199947E-05  4.113413997609E-06  2.230156657061E-05  5.555069651343E-01 -3.092551196932E-05  6.030890370348E-03  3.181399183556E-20 -6.904128840184E-21  1.108215931121E-19 -1.120845600143E-02
  4.800000000000E+01  5.000000000000E+01  1.183792088889E+01  1.021338453625E-14  2.318787435417E-02  1.417697155852E+02  3.736180944896E-01  6.125785757860E-01 -3.298576056576E-01 -2.508832223491E-03  3.012866112495E-01  4.148063591676E+00  4.910449395575E-02 -1.548912066263E-01  1.057867126694E-01 -1.717816171213E-01 -2.118634605861E-03  1.079056130584E-05  5.952361516190E-06  1.954342424643E-05  5.173436086073E-01 -1.079056119904E-05  3.244440539521E-03  4.434963602137E-20 -6.350985337071E-21  1.253829065088E-19 -1.035501219914E-02
  5.200000000000E+01  5.400000000000E+01  1.196319297465E+01  1.016010510677E-14  2.359902018681E-02  1.447399119671E+02  3.767062477757E-01  6.088947943696E-01 -3.290310482053E-01 -2.482852182114E-03  3.081386288080E-01  4.044080017413E+00  4.565837486903E-02 -1.473317161079E-01  1.016733412397E-01 -1.595485744813E-01 -1.486930122615E-03  3.862938280636E-05  7.185525259366E-06  1.392898948589E-05  4.853261885155E-01 -3.862938306818E-05  4.067562437651E-04  4.970250526508E-20  3.777601824906E-21  1.114742624121E-19 -9.640239236794E-03
  5.600000000000E+01  5.800000000000E+01  1.208071107752E+01  1.172381231448E-14  2.341539942581E-02  1.475557844286E+02  3.788918927163E-01  6.046777107097E-01 -3.279886717461E-01 -2.448402680862E-03  3.079020853837E-01  3.947073132958E+00  4.300237954125E-02 -1.405683861815E-01  9.756600664091E-02 -1.489986169448E-01 -1.020922626042E-03  1.657705642038E-05  5.733724386502E-06  6.594222953841E-06  4.576486291436E-01 -1.657705616507E-05 -9.267617274847E-04  6.865571698002E-20 -1.791956013140E-20  1.293746609733E-19 -9.025646349372E-03
  6.000000000000E+01  6.200000000000E+01  1.219200361056E+01  1.376775603246E-14  2.309909377317E-02  1.502486276390E+02  3.803163558086E-01  6.004237245915E-01 -3.269695008866E-01 -2.362994153439E-03  3.058730086063E-01  3.852171978945E+00  4.023303804855E-02 -1.338896896676E-01  9.365665161847E-02 -1.400367118274E-01 -8.305060160258E-04 -1.638455987783E-05  6.428863810027E-06 -1.004297766244E-05  4.343220287998E-01  1.638455997224E-05 -5.774411729965E-04  1.359580324921E-20  1.181509598936E-20  1.104188364189E-19 -8.485171497147E-03
  6.400000000000E+01  6.600000000000E+01  1.229780021545E+01  1.697430940019E-14  2.306588352016E-02  1.528326358825E+02  3.809913162973E-01  5.965087217676E-01 -3.258179389435E-01 -2.287199887591E-03  3.076567627352E-01  3.765790322856E+00  3.780617651288E-02 -1.280843800176E-01  9.027820350527E-02 -1.314581308011E-01 -1.085779110230E-03  3.209716421666E-06  8.973252894815E-06 -1.855605971679E-05  4.130663272990E-01 -3.209715955162E-06 -1.335820243972E-04  8.527541559264E-21 -7.246208506335E-21  8.512537503123E-20 -7.971567042208E-03
  6.800000000000E+01  7.000000000000E+01  1.239856794239E+01  1.939262610449E-14  2.298474911279E-02  1.553151081369E+02  3.809694856200E-01  5.924055136726E-01 -3.246262877473E-01 -2.173789125693E-03  3.086697605735E-01  3.683778198220E+00  3.557817507597E-02 -1.226899743754E-01  8.711179929907E-02 -1.236247261821E-01 -7.693519590932E-04 -2.942134594569E-06  8.837993179322E-06  6.475033748049E-06  3.933155152729E-01  2.942134327215E-06 -5.430771241112E-04 -5.006950335428E-21 -1.482708822125E-20  1.031583486670E-19 -7.514225473094E-03
  7.200000000000E+01  7.400000000000E+01  1.249451055765E+01  1.712346179202E-14  2.282622037748E-02  1.576969116955E+02  3.803831813946E-01  5.883659548285E-01 -3.233581460989E-01 -2.098654182202E-03  3.087118119322E-01  3.607360948637E+00  3.355772555255E-02 -1.178978123721E-01  8.434008682097E-02 -1.168340310413E-01 -5.228281318319E-04  5.215392920662E-06  6.556446985027E-06  3.111065446360E-06  3.754985257257E-01 -5.215392854635E-06 -4.330099732750E-04 -1.823194709165E-20 -1.532754628744E-20  1.139524196148E-19 -7.103104281327E-03
  7.600000000000E+01  7.800000000000E+01  1.258637589549E+01  1.461206445193E-14  2.281862446067E-02  1.599955102022E+02  3.794367735856E-01  5.843873995196E-01 -3.221447965768E-01 -2.011648041021E-03  3.103701190519E-01  3.534477231029E+00  3.188317938797E-02 -1.135615593625E-01  8.167837997455E-02 -1.105590893921E-01 -8.176761526356E-04 -5.818752501850E-06  3.326647776306E-06 -1.475581440135E-05  3.593194775160E-01  5.818752295369E-06  1.625167950754E-04 -1.206063398455E-20 -1.461313384893E-20  9.205789742011E-20 -6.723816063114E-03
  8.000000000000E+01  8.200000000000E+01  1.267413341866E+01  1.434301635794E-14  2.290785379781E-02  1.622060466076E+02  3.783038644387E-01  5.801748488644E-01 -3.207698607105E-01 -1.918751539005E-03  3.128087247584E-01  3.458290192747E+00  3.022390447597E-02 -1.090225754716E-01  7.879867099630E-02 -1.045179227698E-01 -7.381767232161E-04 -9.212827074131E-06  3.313851880457E-06 -2.008600729052E-05  3.425100435172E-01  9.212827218811E-06  7.570805453963E-04  1.503777120445E-21 -9.171448041040E-21  1.157390220108E-19 -6.341529154205E-03
  8.400000000000E+01  8.600000000000E+01  1.275761494795E+01  1.196702777382E-14  2.316485323286E-02  1.643227221937E+02  3.769930489502E-01  5.761330691142E-01 -3.194890708503E-01 -1.870807496540E-03  3.179623065574E-01  3.386613843064E+00  2.852275747599E-02 -1.047005820384E-01  7.617782456128E-02 -9.859546052967E-02 -9.547986696751E-04  5.883366980135E-07  3.558133470016E-06 -6.536236899428E-06  3.274823076503E-01 -5.883367842819E-07  1.177934154297E-03  2.927385193737E-20  3.697917008507E-21  8.614234897119E-20 -6.005681082019E-03
  8.800000000000E+01  9.000000000000E+01  1.283788490989E+01  5.201697290495E-15  2.345666807926E-02  1.663696009898E+02  3.755397178212E-01  5.721438308013E-01 -3.181357998532E-01 -1.822817379425E-03  3.240650735006E-01  3.317659554985E+00  2.712487927261E-02 -1.008225640513E-01  7.369768478075E-02 -9.369467421523E-02 -9.325661433340E-04  2.682778166150E-06  2.203046273719E-06 -3.233854213782E-06  3.132750630971E-01 -2.682778124704E-06  1.326304857432E-03 -1.794071924297E-20 -2.171661109168E-20  1.040093675623E-19 -5.684416470642E-03
  9.200000000000E+01  9.400000000000E+01  1.291417978394E+01  2.746233506804E-15  2.379197873562E-02  1.683271303936E+02  3.739685956173E-01  5.677077101947E-01 -3.167819297008E-01 -1.791740968773E-03  3.308707832158E-01  3.249215663123E+00  2.533243415438E-02 -9.700260817333E-02  7.167017401944E-02 -8.828648859516E-02 -6.563404024836E-04  4.494099598849E-06  2.826205801445E-06 -9.681903306231E-06  2.984213177610E-01 -4.494099704527E-06  1.659811931039E-03 -1.315850290957E-20  4.646691564629E-21  9.964891306804E-20 -5.357052263907E-03
  9.600000000000E+01  9.800000000000E+01  1.298708861408E+01  9.577179905610E-16  2.428355973836E-02  1.702089085502E+02  3.722518450098E-01  5.628917671539E-01 -3.154079028660E-01 -1.735294189295E-03  3.400977842164E-01  3.185793020119E+00  2.394596604497E-02 -9.352143523619E-02  6.957546918989E-02 -8.323034778748E-02 -6.819888797737E-04 -3.118576203730E-06  3.422593813701E-06 -1.401055498560E-05  2.853010763979E-01  3.118576274486E-06  1.780058602310E-03  3.233310396844E-21 -7.815162531995E-21  9.772123299816E-20 -5.066460826433E-03
  1.000000000000E+02  1.020000000000E+02  1.305688008773E+01 -6.351750144370E-15  2.469072191709E-02  1.720188894387E+02  3.704090541321E-01  5.574527526743E-01 -3.140353697572E-01 -1.723276318844E-03  3.482446934153E-01  3.122466863959E+00  2.258602129915E-02 -8.998848440616E-02  6.740246310764E-02 -7.890104202540E-02 -6.273256856423E-04 -1.650171764519E-05  3.145989373404E-06 -1.472050203904E-05  2.730488105018E-01  1.650171757082E-05  1.649214159108E-03 -7.864095169291E-21 -1.462116884836E-20  1.079503146932E-19 -4.801375023991E-03
  1.040000000000E+02  1.060000000000E+02  1.312360654845E+01 -8.860224186280E-15  2.509656977147E-02  1.737583127437E+02  3.684054687091E-01  5.517247634787E-01 -3.125998119889E-01 -1.663982718769E-03  3.562734987521E-01  3.062620452579E+00  2.154844445956E-02 -8.693782765792E-02  6.538938319783E-02 -7.478552250590E-02 -5.972511531870E-04  4.385680019271E-06  3.520785322549E-06 -6.163992020168E-06  2.610204616875E-01 -4.385679944351E-06  2.792508382743E-03 -4.076681479258E-20 -3.616537837229E-21  1.151611046404E-19 -4.554616342601E-03
  1.080000000000E+02  1.100000000000E+02  1.318736360351E+01 -5.962354452752E-15  2.608150465679E-02  1.754288834882E+02  3.663260998199E-01  5.460666838860E-01 -3.111771374087E-01 -1.659657317800E-03  3.724763497677E-01  3.006610403278E+00  2.056098165426E-02 -8.425380230170E-02  6.369282064743E-02 -7.098663310645E-02 -9.231001374245E-04  1.768286548661E-05  4.595122001736E-06  2.387660319391E-06  2.496161474299E-01 -1.768286553955E-05  4.615675601747E-03 -5.548853272627E-20 -1.477333364416E-20  8.792135483994E-20 -4.332621807403E-03
  1.120000000000E+02  1.140000000000E+02  1.324845396597E+01 -6.682255732545E-15  2.743848886860E-02  1.770370117357E+02  3.642430490786E-01  5.408075863257E-01 -3.097214991393E-01 -1.633922421736E-03  3.936652413234E-01  2.952046781999E+00  1.960709369421E-02 -8.163441227697E-02  6.202731858335E-02 -6.758897769314E-02 -1.090932566442E-03 -9.450231381485E-06  4.064965466628E-06 -9.517002095577E-06  2.398345587535E-01  9.450231484596E-06  5.769599851901E-03 -3.978052040604E-21  3.553754662545E-21  5.045057400569E-20 -4.118134628389E-03
  1.160000000000E+02  1.180000000000E+02  1.330731629483E+01 -7.424764217797E-15  2.897030878196E-02  1.785928336292E+02  3.621808138813E-01  5.356028428754E-01 -3.082938868998E-01 -1.671427780812E-03  4.169431728391E-01  2.899794083028E+00  1.863484823376E-02 -7.908375476023E-02  6.044890652721E-02 -6.429182409281E-02 -1.203878559744E-03 -2.625321317829E-05  2.159121861276E-06 -2.902357409610E-05  2.311626213144E-01  2.625321305752E-05  6.348996794481E-03 -4.826817103635E-20  7.207181273836E-22  6.075640735439E-20 -3.922473131510E-03
  1.200000000000E+02  1.220000000000E+02  1.336401544386E+01 -7.312279832565E-15  3.054864714237E-02  1.800973968220E+02  3.601999337986E-01  5.301010850117E-01 -3.068350723227E-01 -1.691232963546E-03  4.409874356467E-01  2.851408946364E+00  1.779629395091E-02 -7.674240595025E-02  5.894611199916E-02 -6.120541745660E-02 -1.275348007173E-03 -1.680905273098E-06  2.279718211269E-06 -1.978805869700E-05  2.224810760401E-01  1.680905318736E-06  5.930052046918E-03 -3.462889344983E-20 -1.438395559668E-20  9.083571515308E-20 -3.731223315811E-03
  1.240000000000E+02  1.260000000000E+02  1.341856821215E+01 -9.327220708751E-15  3.189177675354E-02  1.815491759783E+02  3.583629668362E-01  5.246484015155E-01 -3.053747616509E-01 -1.756506069632E-03  4.620033916970E-01  2.805965769205E+00  1.707257630800E-02 -7.459191046252E-02  5.751933415402E-02 -5.835659660140E-02 -1.169350037987E-03  1.141370682221E-05  3.069336586228E-06 -5.049418482343E-06  2.140811535118E-01 -1.141370693901E-05  4.361363595110E-03 -4.267525937603E-20 -1.992034988815E-20  7.020318900489E-20 -3.563709321185E-03
  1.280000000000E+02  1.300000000000E+02  1.347108893863E+01 -1.001488909164E-14  3.274789790170E-02  1.829505434998E+02  3.567058677698E-01  5.193523136237E-01 -3.039145273554E-01 -1.797921345728E-03  4.763523191298E-01  2.760258986662E+00  1.628477584223E-02 -7.229379390931E-02  5.600901806765E-02 -5.571155936932E-02 -7.472195729229E-04 -3.136279318246E-06  2.727434776755E-06  1.294088536869E-06  2.063376758686E-01  3.136279588858E-06  3.314986653384E-03 -4.815084181744E-20 -1.939860865240E-20  6.013963362328E-20 -3.404113573422E-03
  1.320000000000E+02  1.340000000000E+02  1.352172754077E+01 -1.097876376037E-14  3.361798452333E-02  1.843069986716E+02  3.552114562822E-01  5.139602719707E-01 -3.024765024740E-01 -1.845262118284E-03  4.906595083309E-01  2.711492904807E+00  1.545406381463E-02 -6.999910130051E-02  5.454503748580E-02 -5.298879602193E-02 -6.723736983370E-04 -3.440686947426E-06  3.081785545400E-06  3.450866141323E-06  1.981310087055E-01  3.440686639209E-06  3.724814708734E-03 -4.394141015618E-20 -7.736938820780E-21  8.188343903254E-20 -3.221391005483E-03
  1.360000000000E+02  1.380000000000E+02  1.357016595894E+01 -2.137473083368E-14  3.467447747857E-02  1.856087112188E+02  3.538623082624E-01  5.086660541099E-01 -3.010739579558E-01 -1.847889422139E-03  5.076455775422E-01  2.663410107416E+00  1.466895562322E-02 -6.781017677330E-02  5.314122115031E-02 -5.014226953475E-02 -8.877128503847E-04  5.274319378957E-06  3.172120866593E-06 -1.144435455228E-05  1.896114007685E-01 -5.274319137020E-06  5.300402352754E-03 -3.417663132608E-20 -1.177372280827E-20  5.191823095235E-20 -3.057167513531E-03
  1.400000000000E+02  1.420000000000E+02  1.361657193448E+01 -3.670309108722E-14  3.624101141498E-02  1.868592313421E+02  3.526127412812E-01  5.035987834353E-01 -2.996107600383E-01 -1.890547577968E-03  5.315497933648E-01  2.618411546229E+00  1.393675966168E-02 -6.575664413033E-02  5.181988446857E-02 -4.763742477282E-02 -1.226049537257E-03 -1.715773229474E-05  1.765220216631E-06 -2.015725799225E-05  1.813770435152E-01  1.715773181283E-05  6.677011264935E-03 -2.856136644149E-20 -7.608153648636E-21  4.792795576390E-20 -2.896095885697E-03
  1.440000000000E+02  1.460000000000E+02  1.366081539061E+01 -4.408437330461E-14  3.795592383010E-02  1.880554701731E+02  3.513943080210E-01  4.985920340541E-01 -2.982280352253E-01 -1.902533614345E-03  5.569350091568E-01  2.573359411328E+00  1.320541458927E-02 -6.369804737063E-02  5.049263278111E-02 -4.506608399113E-02 -1.419024298945E-03 -2.887823697798E-05  1.433017137805E-06 -1.319613024603E-05  1.729107441464E-01  2.887823697337E-05  7.218824538436E-03 -7.076665465844E-20 -5.400302192839E-21  6.552508780398E-20 -2.732088416694E-03
  1.480000000000E+02  1.500000000000E+02  1.370297397110E+01 -4.649368202358E-14  3.986342789481E-02  1.891990894239E+02  3.501929937468E-01  4.939669450944E-01 -2.968189742533E-01 -1.948431925628E-03  5.849757707546E-01  2.532224360206E+00  1.241537597453E-02 -6.176482331979E-02  4.934944734559E-02 -4.246736685466E-02 -1.370099827883E-03 -8.428395351142E-07  2.850161203971E-06 -2.736526426023E-06  1.647176396628E-01  8.428393663154E-07  8.312798572134E-03 -6.380447007754E-20 -1.308374686171E-20  8.895658804301E-20 -2.578225430888E-03
  1.520000000000E+02  1.540000000000E+02  1.374320371215E+01 -4.892212300776E-14  4.215262500888E-02  1.902929850780E+02  3.489957383988E-01  4.893126294268E-01 -2.953984058183E-01 -1.995831856006E-03  6.184304297743E-01  2.491453651007E+00  1.179022877755E-02 -5.986951779240E-02  4.807928901575E-02 -4.015568829231E-02 -1.449896283214E-03  1.378759198611E-05  3.686430976669E-06 -2.038180159385E-06  1.580718222117E-01 -1.378759199986E-05  9.101691790825E-03 -6.720312368382E-20 -1.164597986238E-20  7.530420656436E-20 -2.456720158381E-03
  1.560000000000E+02  1.580000000000E+02  1.378207892132E+01 -4.852069765936E-14  4.443282045180E-02  1.913526502234E+02  3.476984057976E-01  4.850658852091E-01 -2.939874328026E-01 -2.072732315620E-03  6.518433275899E-01  2.453931300835E+00  1.140640983059E-02 -5.829048174725E-02  4.688407191595E-02 -3.851856831032E-02 -1.484390611679E-03 -8.845376782339E-06  2.027738699205E-06  3.656262629404E-06  1.519859434178E-01  8.845376724534E-06  8.899539890469E-03 -7.758410304297E-20 -2.433856071246E-20  6.674192408428E-20 -2.352826682788E-03
  1.600000000000E+02  1.620000000000E+02  1.381920879845E+01 -4.538776949767E-14  4.661835396502E-02  1.923679450118E+02  3.463438982505E-01  4.808917147325E-01 -2.925770052286E-01 -2.147853330004E-03  6.842570608741E-01  2.417866202233E+00  1.107729690021E-02 -5.688187190994E-02  4.580457501036E-02 -3.674938796530E-02 -1.451764978680E-03 -2.051312543511E-05 -1.035139452093E-06  6.809885976294E-06  1.450122349396E-01  2.051312549698E-05  9.289809206575E-03 -1.243103658921E-19 -1.010537633047E-21  6.400519169246E-20 -2.239218465977E-03
  1.640000000000E+02  1.660000000000E+02  1.385455840724E+01 -4.023111726571E-14  4.906966264752E-02  1.933368918697E+02  3.450057009607E-01  4.763619312966E-01 -2.912059644747E-01 -2.236403454146E-03  7.202183161834E-01  2.383538613077E+00  1.070035446369E-02 -5.553317375792E-02  4.483281929500E-02 -3.493120162020E-02 -1.434297374348E-03 -1.200201559582E-05 -4.064460346244E-06 -8.045269611324E-06  1.388415785323E-01  1.200201562096E-05  9.697047397581E-03 -5.270244398817E-20  3.627819628980E-22  8.556534857864E-20 -2.129214873023E-03
  1.680000000000E+02  1.700000000000E+02  1.388860886883E+01 -3.405140210598E-14  5.140058322529E-02  1.942724870310E+02  3.437736780115E-01  4.718485950512E-01 -2.897862438738E-01 -2.312280773987E-03  7.546328772154E-01  2.350863019262E+00  1.027481283283E-02 -5.421793027101E-02  4.394311743854E-02 -3.321368592565E-02 -1.409431940987E-03 -8.687510903827E-06 -6.798623753828E-06 -1.023853451842E-05  1.336403027251E-01  8.687510982501E-06  8.991589912832E-03 -6.866385680105E-20 -6.641125572342E-21  5.982301235642E-20 -2.029604353699E-03
  1.720000000000E+02  1.740000000000E+02  1.392133086400E+01 -2.958939184528E-14  5.351859581989E-02  1.951733428515E+02  3.426517836099E-01  4.673136809409E-01 -2.884163775905E-01 -2.411893160480E-03  7.859544230041E-01  2.318240918601E+00  9.830864187463E-03 -5.273979979556E-02  4.290893560811E-02 -3.174585932048E-02 -1.146494296008E-03 -3.542379453247E-06 -8.108064088326E-06  1.046993211979E-05  1.285240379793E-01  3.542379481464E-06  7.811440862072E-03 -5.727158394249E-20 -1.026534893686E-20  7.316115239648E-20 -1.943751829350E-03
  1.760000000000E+02  1.780000000000E+02  1.395283308809E+01 -2.605388221428E-14  5.534388079442E-02  1.960420097955E+02  3.415861802694E-01  4.629707439077E-01 -2.870086530312E-01 -2.481713431813E-03  8.132134764590E-01  2.288252543558E+00  9.351938155714E-03 -5.148771123607E-02  4.213577308064E-02 -3.039799680834E-02 -1.049019385552E-03  8.622316008684E-06 -8.463631344775E-06  5.829146295931E-06  1.228020307800E-01 -8.622315904152E-06  6.778310812363E-03 -6.961482666880E-20 -7.669597861473E-21  5.666887886514E-20 -1.851790949309E-03
  1.800000000000E+02  1.820000000000E+02  1.398276789233E+01 -2.081510000531E-14  5.692342246085E-02  1.968691844559E+02  3.405625433293E-01  4.588286262338E-01 -2.856869887221E-01 -2.560893508164E-03  8.373583773205E-01  2.261055917403E+00  9.042582556299E-03 -5.039227138634E-02  4.134968882976E-02 -2.880225418106E-02 -9.895593128072E-04  6.882359674357E-06 -1.052065523302E-05 -1.413821226806E-05  1.181648747039E-01 -6.882359708491E-06  6.363107846905E-03 -5.972027170541E-20 -1.247547726680E-20  6.970372119569E-20 -1.765131066793E-03
  1.840000000000E+02  1.860000000000E+02  1.401195179576E+01 -1.415984112370E-14  5.846941531517E-02  1.976770321209E+02  3.396238424403E-01  4.546606780745E-01 -2.842751108756E-01 -2.622508035460E-03  8.608695650733E-01  2.234283294416E+00  8.760194325429E-03 -4.930845624742E-02  4.054826192194E-02 -2.768776481092E-02 -1.036793310651E-03 -4.678945227988E-06 -1.408060924421E-05 -9.752622420110E-06  1.140482498705E-01  4.678945287161E-06  5.945258378989E-03 -4.639264421623E-20  6.417145009091E-21  5.389183640582E-20 -1.688742339954E-03
  1.880000000000E+02  1.900000000000E+02  1.403974388487E+01 -8.315295500771E-15  5.987405608713E-02  1.984481191718E+02  3.388122068730E-01  4.507682045506E-01 -2.830029799889E-01 -2.721756639541E-03  8.822747438858E-01  2.205642388550E+00  8.385674746323E-03 -4.815962268788E-02  3.977394794156E-02 -2.637046538943E-02 -8.315257859397E-04  5.631956933858E-06 -1.594323850800E-05 -1.185261484323E-06  1.092590014736E-01 -5.631956963355E-06  4.592957082935E-03 -7.485856074707E-20 -2.011363524919E-20  6.114172892096E-20 -1.608776020735E-03
  1.920000000000E+02  1.940000000000E+02  1.406654585127E+01 -3.683066438637E-15  6.079472934028E-02  1.991931149298E+02  3.381010695070E-01  4.464655565107E-01 -2.816157777677E-01 -2.782052717888E-03  8.968232513707E-01  2.174319108368E+00  7.990556683541E-03 -4.688752753380E-02  3.889697085008E-02 -2.502074127234E-02 -5.653922949612E-04  9.116584597764E-06 -1.651773988790E-05 -8.487795397829E-06  1.041219016036E-01 -9.116584575326E-06  3.047550837523E-03 -7.372348748880E-20 -9.904650797852E-21  2.912149523408E-20 -1.524394247398E-03
  1.960000000000E+02  1.980000000000E+02  1.409182211737E+01  8.310257863797E-16  6.139874526499E-02  1.998976855044E+02  3.374871478140E-01  4.424515832737E-01 -2.803862860261E-01 -2.834839967579E-03  9.066624241196E-01  2.149244119093E+00  7.864493658066E-03 -4.590056273942E-02  3.803606908118E-02 -2.366049104329E-02 -4.955673532985E-04 -5.408455738117E-07 -1.745310373831E-05 -1.256948473529E-05  9.964653929132E-02  5.408456413125E-07  2.097338638195E-03 -7.505055479506E-20 -2.644849623346E-20  4.818914916736E-20 -1.448475714572E-03
  2.000000000000E+02  2.020600000000E+02  1.411637289149E+01  5.552532247645E-15  6.181998579075E-02  2.005820068756E+02  3.368794983427E-01  4.381526444273E-01 -2.790208342302E-01 -2.874992572150E-03  9.135696043823E-01  2.124242184763E+00  7.205639270670E-03 -4.415371850689E-02  3.694807923635E-02 -2.277235091217E-02 -2.194291214894E-04 -2.944745243176E-06 -1.793410397941E-05 -1.027481452859E-05  9.514777897606E-02  2.944745365137E-06  1.100665920449E-03 -1.037889983398E-19 -1.115266904473E-20  6.754489928438E-20 -1.400585036602E-03
  2.041200000000E+02  2.062418000000E+02  1.414083743706E+01  9.178760905273E-15  6.195919050576E-02  2.012654057147E+02  3.363091325360E-01  4.336626556955E-01 -2.777115857637E-01 -2.894273800094E-03  9.162635443272E-01  2.104509770897E+00  6.521265538919E-03 -4.240743648296E-02  3.588617094462E-02 -2.210771277319E-02 -1.640749228786E-04  3.773953103763E-06 -1.751196014114E-05 -1.710377976524E-05  9.074421404962E-02 -3.773953189755E-06  2.814210064506E-04 -1.099734896138E-19 -5.570553522171E-21  5.319076703669E-20 -1.353467187518E-03
  2.083636000000E+02  2.105490540000E+02  1.416454872042E+01  1.183698899893E-14  6.193744243299E-02  2.019286088121E+02  3.357939757321E-01  4.287558001126E-01 -2.763298345107E-01 -2.917019345872E-03  9.166268472278E-01  2.083648499375E+00  5.860198157575E-03 -4.076462318654E-02  3.490442502895E-02 -2.114786730992E-02 -5.612027010499E-06  5.710931271685E-06 -1.686015420997E-05 -1.691661274745E-05  8.590435095583E-02 -5.710930876524E-06  9.527446449367E-05 -8.833633563946E-20 -7.927188253484E-21  4.438733676761E-20 -1.292810135244E-03
  2.127345080000E+02  2.149855256200E+02  1.418778968704E+01  1.659525829834E-14  6.196604289272E-02  2.025790185049E+02  3.353389987169E-01  4.241685286250E-01 -2.749967722149E-01 -2.898080551663E-03  9.174512851351E-01  2.063153196227E+00  5.214897379492E-03 -3.907229193802E-02  3.385739455895E-02 -2.019711058735E-02  5.760713208601E-05 -3.493189893454E-06 -1.563906621942E-05 -5.296394581901E-06  8.223295990211E-02  3.493189701151E-06  2.289980639764E-04 -8.705031597370E-20 -2.022689180900E-21  4.758268623872E-20 -1.232970188660E-03
  2.172365432400E+02  2.195550913886E+02  1.421082517674E+01  2.308806459096E-14  6.205826382287E-02  2.032241174812E+02  3.348620479827E-01  4.194900766763E-01 -2.735616407418E-01 -2.902598920728E-03  9.193768427082E-01  2.046036195911E+00  4.632725077267E-03 -3.735007063235E-02  3.271734555523E-02 -1.934923973670E-02  5.870230101282E-05  1.400177691392E-06 -1.346334114527E-05 -8.540645978442E-06  7.938541908921E-02 -1.400177575792E-06 -6.904080168325E-05 -8.905908043911E-20 -1.385533611933E-20  4.763875599188E-20 -1.192603582404E-03
  2.218736395372E+02  2.242617441303E+02  1.423383994416E+01  2.539661146314E-14  6.192085318973E-02  2.038701235031E+02  3.343446904288E-01  4.144284045770E-01 -2.721680589024E-01 -2.869488643446E-03  9.179388883285E-01  2.029692641927E+00  4.051647750476E-03 -3.576998049779E-02  3.171833274722E-02 -1.870805608878E-02  1.571264067811E-04  3.841829790469E-06 -1.242863680469E-05 -9.400037650259E-06  7.602646715301E-02 -3.841829954479E-06 -1.156105512914E-03 -8.051523004013E-20 -1.824696062974E-20  5.159192532510E-20 -1.144048833552E-03
  2.266498487233E+02  2.291095964542E+02  1.425623658097E+01  2.331949860354E-14  6.136619752137E-02  2.044992307253E+02  3.338520540183E-01  4.092374010903E-01 -2.706979932635E-01 -2.868766807927E-03  9.108024981506E-01  2.011980342039E+00  3.473879916538E-03 -3.406508943658E-02  3.059120951979E-02 -1.788201137912E-02  4.871870811130E-04  2.723931991200E-06 -1.162068420406E-05 -8.960404082959E-06  7.288119114524E-02 -2.723931875547E-06 -2.500676757964E-03 -1.118807796758E-19 -2.374591223958E-20  3.271383242316E-20 -1.096737868957E-03
  2.315693441850E+02  2.341028843478E+02  1.427865139643E+01  2.102520414715E-14  6.039227085920E-02  2.051292497337E+02  3.334069468378E-01  4.044146543520E-01 -2.692979266933E-01 -2.804710326221E-03  8.975701484198E-01  1.995346902870E+00  2.808799200096E-03 -3.234438985166E-02  2.953559065127E-02 -1.726062230601E-02  6.409293122526E-04  1.891738306204E-05 -9.336835379146E-06 -1.471805175234E-05  6.923938478392E-02 -1.891738314029E-05 -3.921787090884E-03 -7.726230116253E-20  5.643153215081E-21  4.596331439384E-20 -1.056798861753E-03
  2.366364245106E+02  2.392459708782E+02  1.430012614849E+01  1.864809962987E-14  5.886938764251E-02  2.057323943472E+02  3.329946135520E-01  3.994330146827E-01 -2.677861797296E-01 -2.782454864717E-03  8.764455279273E-01  1.977538629841E+00  2.210818170864E-03 -3.058184628641E-02  2.837102811568E-02 -1.656133976014E-02  8.093517171130E-04  2.022669132746E-05 -8.046814483075E-06 -1.163967814266E-05  6.551864187580E-02 -2.022669137122E-05 -5.468234781691E-03 -1.185044990453E-19 -1.875412733886E-20  3.392802257349E-20 -1.016336959435E-03
  2.418555172459E+02  2.445433500046E+02  1.432142256339E+01  1.600318683993E-14  5.680734951414E-02  2.063319020165E+02  3.325743606745E-01  3.941284515440E-01 -2.663537468098E-01 -2.718929311835E-03  8.475081370170E-01  1.959513334627E+00  1.691565401577E-03 -2.882036412780E-02  2.712879872664E-02 -1.596979517849E-02  1.020823516610E-03  7.702114621284E-06 -8.442401472981E-06 -1.044357751605E-06  6.337212393371E-02 -7.702114703587E-06 -6.758017725928E-03 -6.993496530302E-20 -8.873209623625E-22  3.729532620079E-20 -9.843115170453E-04
  2.472311827633E+02  2.499996505047E+02  1.434269469890E+01  1.260929070937E-14  5.434158027039E-02  2.069313292408E+02  3.321731930752E-01  3.889118389512E-01 -2.648322520970E-01 -2.680649982448E-03  8.128044768311E-01  1.946202233012E+00  1.052597713516E-03 -2.719582532221E-02  2.614322760870E-02 -1.551706687582E-02  1.134125856536E-03  1.116291510503E-05 -9.459984011101E-06  8.154706444455E-06  6.059142559005E-02 -1.116291509428E-05 -7.587921779466E-03 -6.990194872999E-20 -9.086068672461E-21  3.762003540556E-20 -9.443699432759E-04
  2.527681182462E+02  2.556196400198E+02  1.436334657173E+01  8.593094326020E-15  5.158303422605E-02  2.075131812300E+02  3.318929198476E-01  3.837426582802E-01 -2.633487704930E-01 -2.591860581525E-03  7.736564186245E-01  1.930269590431E+00  4.190278743779E-04 -2.544541126942E-02  2.502638339524E-02 -1.471996811119E-02  1.310886796964E-03  9.274517012289E-06 -1.070438506066E-05  9.213751581590E-06  5.671469021875E-02 -9.274517122707E-06 -7.972624403835E-03 -1.046487878753E-19 -1.092424018837E-21  2.688994288089E-20 -8.976739969037E-04
  2.584711617935E+02  2.614082292204E+02  1.438310879535E+01  5.802787178717E-15  4.867732214750E-02  2.080691687711E+02  3.316786421333E-01  3.786477771439E-01 -2.617728721998E-01 -2.537276648447E-03  7.323405631880E-01  1.919541316849E+00 -2.124182876115E-04 -2.368674357224E-02  2.389916185952E-02 -1.406579092330E-02  1.463497663420E-03  3.792585461437E-06 -1.132734404425E-05  7.804606665839E-06  5.267264998737E-02 -3.792585442504E-06 -8.320852799154E-03 -1.018288588005E-19 -2.017913469713E-20  2.995900196377E-20 -8.600706897167E-04
  2.643452966473E+02  2.673704760971E+02  1.440199640665E+01  5.463732258871E-15  4.550069013894E-02  2.086028218849E+02  3.314913411539E-01  3.744865669650E-01 -2.602511675123E-01 -2.415549708408E-03  6.865374396060E-01  1.911976271879E+00 -6.911605932587E-04 -2.211925241049E-02  2.281041300383E-02 -1.354041520165E-02  1.533944810845E-03  9.513541591008E-06 -1.046029520467E-05  6.825298276101E-06  4.944754260773E-02 -9.513541634627E-06 -9.582508237122E-03 -1.154977836298E-19 -1.997825145056E-21  1.934963096452E-20 -8.335149555934E-04
  2.703956555468E+02  2.735115903800E+02  1.442049663204E+01  7.757539113399E-15  4.146883919591E-02  2.091244310471E+02  3.314382525043E-01  3.708092488636E-01 -2.586246771821E-01 -2.315553366844E-03  6.285525935735E-01  1.903781060360E+00 -1.197857426663E-03 -2.054717816499E-02  2.174503559201E-02 -1.312160105103E-02  1.874250356564E-03 -4.760152305424E-07 -8.910739223135E-06  6.075401429006E-06  4.668633627820E-02  4.760152592569E-07 -1.053428372760E-02 -9.125956473397E-20 -2.481775444532E-21  1.791832984204E-20 -7.992404381751E-04
  2.766275252132E+02  2.798369380914E+02  1.443833325594E+01  1.116237831333E-14  3.733673382522E-02  2.096279357630E+02  3.315954771975E-01  3.675451280645E-01 -2.570151462640E-01 -2.189155340265E-03  5.681237966784E-01  1.896760197585E+00 -1.806189716427E-03 -1.886098563184E-02  2.066717534852E-02 -1.242828939081E-02  1.851206224237E-03 -7.615186136990E-06 -6.498747772314E-06  5.693425514700E-06  4.320568535163E-02  7.615186162560E-06 -1.066957686723E-02 -9.899999374549E-20 -7.335968369334E-21  2.073415564166E-20 -7.535297095564E-04
  2.830463509696E+02  2.863520462341E+02  1.445512825620E+01  1.478129887008E-14  3.295508535101E-02  2.101003039739E+02  3.318288052510E-01  3.650857201374E-01 -2.553423114553E-01 -2.069754723137E-03  5.039396770317E-01  1.889842760521E+00 -2.456838224449E-03 -1.713584715299E-02  1.959268537688E-02 -1.171297306234E-02  1.920242806763E-03 -3.043788368529E-06 -3.405932453270E-06  4.395581541933E-06  3.973210467290E-02  3.043788383068E-06 -1.156741883487E-02 -1.004414358846E-19 -7.180966606120E-21  3.284196077158E-21 -7.116813654266E-04
  2.896577414987E+02  2.930626076211E+02  1.447116354454E+01  1.892961785585E-14  2.781620288806E-02  2.105504773136E+02  3.319436688593E-01  3.623677898377E-01 -2.536882457702E-01 -1.960080183952E-03  4.288685625188E-01  1.883535525223E+00 -3.084739246522E-03 -1.537985124016E-02  1.846459048629E-02 -1.109384108470E-02  2.206662419935E-03 -3.711978966825E-06 -1.513969006705E-06  6.838966982114E-06  3.697514953680E-02  3.711979030001E-06 -1.165113026604E-02 -1.099699844091E-19 -1.187157717337E-20  1.019175372532E-20 -6.782250981380E-04
  2.964674737436E+02  2.999744858498E+02  1.448658083625E+01  2.092757535553E-14  2.306034988451E-02  2.109830190995E+02  3.318322565857E-01  3.606194802542E-01 -2.519059121459E-01 -1.814013571311E-03  3.589706094116E-01  1.880012931469E+00 -3.630546479294E-03 -1.374734437141E-02  1.737789085046E-02 -1.063492947303E-02  2.133563000852E-03 -5.826585535576E-06 -1.691387452239E-08  6.948248955755E-06  3.492775310327E-02  5.826585615825E-06 -1.159229577189E-02 -1.253660104044E-19 -2.490266807160E-20  6.226127196980E-22 -6.507299381169E-04
  3.034814979559E+02  3.070937204253E+02  1.450175639080E+01  2.007880074590E-14  1.764865158662E-02  2.114091968293E+02  3.315451567134E-01  3.588996125326E-01 -2.501613401348E-01 -1.695436039318E-03  2.800197072069E-01  1.882784618884E+00 -4.340548059413E-03 -1.194715273311E-02  1.628770079223E-02 -1.030411096050E-02  2.358126073007E-03 -2.882372782959E-06  1.575920828733E-06  7.683449119395E-06  3.447063443667E-02  2.882372793613E-06 -1.297584871429E-02 -1.124696072481E-19 -2.187142393062E-20  1.999877300672E-20 -6.452914191763E-04
  3.107059428946E+02  3.144265320380E+02  1.451768957964E+01  1.730937543183E-14  1.133236498341E-02  2.118567266984E+02  3.311992450220E-01  3.577254433189E-01 -2.482668585171E-01 -1.616054523692E-03  1.882351922997E-01  1.890446366931E+00 -4.892640010871E-03 -1.030861286942E-02  1.520125288039E-02 -1.036194586959E-02  2.558991403786E-03 -1.499884728709E-06  2.582779805286E-06  8.863371225399E-06  3.427916559707E-02  1.499884752877E-06 -1.400911829250E-02 -9.979214020133E-20 -1.175305433996E-20 -6.858763034161E-21 -6.420072677519E-04
  3.181471211814E+02  3.219793279992E+02  1.453360909482E+01  1.413008165335E-14  4.601666899378E-03  2.123043866863E+02  3.308576206317E-01  3.567550953160E-01 -2.464877575101E-01 -1.455166668748E-03  8.988466030992E-02  1.896993306709E+00 -5.438589418985E-03 -8.853827363287E-03  1.429241678232E-02 -1.018448288843E-02  2.643149346281E-03 -5.956836110922E-06  3.627376659077E-06  1.201201906786E-05  3.323449711875E-02  5.956836146372E-06 -1.311423153327E-02 -9.202164464614E-20 -6.229047481631E-21  1.122554038685E-20 -6.350561010603E-04
  3.258115348169E+02  3.297587078391E+02  1.454950325736E+01  1.426744790020E-14 -1.263042745768E-03  2.127495093148E+02  3.305020468047E-01  3.561029159375E-01 -2.446081896738E-01 -1.362405218208E-03  3.106018980005E-03  1.897950465499E+00 -5.928653491840E-03 -7.231453728009E-03  1.316010722019E-02 -1.012270709808E-02  2.341813449719E-03 -5.548671886738E-07  5.003542674603E-06  1.133285815403E-05  3.189262203759E-02  5.548671924643E-07 -1.147702619793E-02 -1.139799086546E-19 -1.431280426867E-20  2.426457300547E-21 -6.236256320393E-04
  3.337058808614E+02  3.377714690743E+02  1.456508704131E+01  1.466758150303E-14 -6.751176346690E-03  2.131867208322E+02  3.301206245621E-01  3.556057991144E-01 -2.428046490195E-01 -1.269034151299E-03 -7.763026471454E-02  1.904297232149E+00 -6.387629834878E-03 -5.526333111010E-03  1.191396294576E-02 -9.791820390866E-03  2.255502701130E-03 -1.317305345276E-06  6.094743713077E-06  5.521033213308E-06  3.081404249908E-02  1.317305354404E-06 -1.010789817850E-02 -1.005092530230E-19 -2.051312456449E-20 -2.086163159082E-20 -6.082037700796E-04
  3.418370572872E+02  3.460246131465E+02  1.458085704520E+01  1.097709754041E-14 -1.156811803191E-02  2.136287912244E+02  3.296983888081E-01  3.551083135255E-01 -2.408129171739E-01 -1.159025330403E-03 -1.490505409913E-01  1.914019110040E+00 -6.945976508163E-03 -3.977018195290E-03  1.092299470369E-02 -9.697305032484E-03  1.967527987606E-03 -2.493491373314E-06  5.865691102889E-06  1.103912839653E-06  2.946712979332E-02  2.493491380634E-06 -8.236666101360E-03 -1.079377620815E-19  1.208791924358E-20 -1.896689226941E-20 -5.977874587927E-04
  3.502121690058E+02  3.545253515409E+02  1.459597186734E+01  6.142368514858E-15 -1.539455390085E-02  2.140535066392E+02  3.291269842451E-01  3.531896524333E-01 -2.390116043067E-01 -1.120327311724E-03 -2.060027617031E-01  1.928753267304E+00 -7.381533634361E-03 -2.343736162433E-03  9.725269796590E-03 -9.444072040579E-03  1.784391043072E-03  3.669478434898E-06  3.703513290042E-06 -4.593970034592E-06  3.009268264459E-02 -3.669478452657E-06 -7.593744871611E-03 -1.476695370357E-19  2.240985620938E-21 -3.632087333347E-20 -6.063995303756E-04
  3.588385340760E+02  3.632811120872E+02  1.461332058965E+01  2.765643833738E-15 -1.978406372237E-02  2.145436033972E+02  3.283691278283E-01  3.508923782660E-01 -2.368696165229E-01 -9.989012869055E-04 -2.696946788466E-01  1.948407033008E+00 -7.837990291267E-03 -8.509880920789E-04  8.688978383403E-03 -9.985768393500E-03  1.870376028890E-03  7.234711122955E-06  8.964260598699E-07 -1.357099227206E-05  3.138808603292E-02 -7.234711070479E-06 -6.991274337273E-03 -1.090348748875E-19 -6.512401561918E-21 -2.190462954699E-20 -6.248026158454E-04
  3.677236900983E+02  3.722995454498E+02  1.463082714613E+01  5.400051608130E-16 -2.320217114133E-02  2.150411548820E+02  3.274663016203E-01  3.478776608760E-01 -2.349277919275E-01 -9.802660449640E-04 -3.207360620157E-01  1.968510623310E+00 -8.343381978289E-03  7.848223367688E-04  7.558559641532E-03 -1.001410753115E-02  1.466438875815E-03  8.958860496001E-06 -1.308185498588E-06 -1.479095322693E-05  3.176049169059E-02 -8.958860521952E-06 -6.286769381918E-03 -1.090604306647E-19 -1.134216795355E-20 -3.106825621930E-20 -6.403789173106E-04
  3.768754008012E+02  3.815885318133E+02  1.464964003867E+01 -8.882064463263E-16 -2.697577762123E-02  2.155780403917E+02  3.265890433590E-01  3.444863386718E-01 -2.326907118492E-01 -8.364682434718E-04 -3.772510582110E-01  1.990479950496E+00 -8.895244021011E-03  2.409501049385E-03  6.485742971505E-03 -1.051240983189E-02  1.432995739183E-03  8.546397374713E-06 -3.475280110647E-06 -1.165425782470E-05  3.227464519250E-02 -8.546397360887E-06 -6.852310657492E-03 -9.451709206990E-20 -5.680850963508E-25 -3.070364837247E-20 -6.634285516085E-04
  3.863016628253E+02  3.911561877677E+02  1.466885580629E+01  7.979917363473E-16 -3.123983353253E-02  2.161274938082E+02  3.257376137536E-01  3.415127766090E-01 -2.306346231730E-01 -8.248769999119E-04 -4.402829030643E-01  2.014356710561E+00 -9.296275012045E-03  3.892979245252E-03  5.403295767138E-03 -1.068349511553E-02  1.656267365709E-03  4.993939565393E-06 -5.222903062234E-06 -9.332590467094E-06  3.345213395340E-02 -4.993939527118E-06 -7.156255277108E-03 -1.196287753968E-19  1.339930534058E-20 -3.529368905019E-20 -6.873330600808E-04
  3.960107127100E+02  4.010108734007E+02  1.469023606992E+01  2.664599208959E-15 -3.565598359001E-02  2.167403979545E+02  3.247207846786E-01  3.388207719823E-01 -2.283153660230E-01 -7.676256691366E-04 -5.053915828969E-01  2.035488277729E+00 -9.910334034030E-03  5.665415898721E-03  4.244918135498E-03 -1.131852893095E-02  1.872788547372E-03  1.196941145982E-06 -6.585221637285E-06 -7.810299919125E-06  3.354199480050E-02 -1.196941085682E-06 -6.764445965102E-03 -1.003920586465E-19 -1.008532523741E-20 -3.430382695669E-20 -7.011875360726E-04
  4.060110340913E+02  4.111611996027E+02  1.471076176210E+01 -1.746964010084E-15 -3.970075385243E-02  2.173310621324E+02  3.235497273987E-01  3.371176391278E-01 -2.260036282947E-01 -7.261411653856E-04 -5.652363998712E-01  2.058704893911E+00 -1.040501262226E-02  7.147533839162E-03  3.257478782991E-03 -1.110211479297E-02  1.727521533084E-03 -5.607976819681E-06 -8.278542536730E-06 -2.716563697338E-06  3.331427006157E-02  5.607976743009E-06 -5.094937309645E-03 -1.068143809134E-19 -1.563120272188E-22 -2.415968893781E-20 -7.029428402951E-04
  4.163113651141E+02  4.216160355908E+02  1.473311524351E+01 -9.064449431574E-15 -4.220840804285E-02  2.179745376138E+02  3.222072245081E-01  3.369803063436E-01 -2.235131755633E-01 -7.555497267928E-04 -6.044531480876E-01  2.086340980732E+00 -1.081629268949E-02  8.573618222446E-03  2.242674467064E-03 -1.140650606750E-02  1.176600039116E-03 -1.258008528330E-05 -9.936620433098E-06 -1.985623840388E-06  3.419665415427E-02  1.258008524807E-05 -3.984834974028E-03 -1.200536964833E-19  1.020951939932E-20 -3.456069891359E-20 -7.176068338449E-04
  4.269207060675E+02  4.323845166585E+02  1.475610760781E+01 -1.389669708878E-14 -4.498143862040E-02  2.186394585141E+02  3.206629575399E-01  3.368785673547E-01 -2.209989028536E-01 -7.518873571818E-04 -6.470484697022E-01  2.117720780732E+00 -1.133110777038E-02  1.003758843246E-02  1.293519337684E-03 -1.162746411405E-02  1.343411638516E-03 -1.113765412596E-05 -1.104344728644E-05 -2.313451764281E-06  3.518037941550E-02  1.113765406359E-05 -4.394501457687E-03 -1.067738516166E-19  1.381230933796E-20 -4.163809076836E-20 -7.442478702348E-04
  4.378483272495E+02  4.434760521583E+02  1.478115780161E+01 -1.877684061476E-14 -4.818672779128E-02  2.193660206554E+02  3.190114960392E-01  3.373694178263E-01 -2.181612417691E-01 -9.166331186368E-04 -6.950172199993E-01  2.152283344912E+00 -1.168692769276E-02  1.153261046070E-02  1.543172321584E-04 -1.214376806666E-02  1.625493583566E-03 -8.784023903666E-06 -1.117464829989E-05  2.957085498710E-06  3.611212827023E-02  8.784023937572E-06 -5.287690446621E-03 -1.189960443092E-19  9.186565859964E-21 -3.538467731908E-20 -7.663524204340E-04
  4.491037770670E+02  4.549003337230E+02  1.480692052406E+01 -2.579578058682E-14 -5.237895048754E-02  2.201119200853E+02  3.170801076849E-01  3.385491880204E-01 -2.152291059811E-01 -1.102442789736E-03 -7.580934212299E-01  2.187379201700E+00 -1.197646292976E-02  1.276764406644E-02 -7.911811367613E-04 -1.246628328355E-02  1.873303226904E-03 -3.255511576564E-06 -1.125334568595E-05 -3.313739040828E-06  3.732952100530E-02  3.255511481374E-06 -6.888114082111E-03 -1.180191561042E-19  2.375474196734E-20 -4.116124290366E-20 -7.983500768174E-04
  4.606968903790E+02  4.666673437347E+02  1.483526951996E+01 -2.947251933246E-14 -5.815426498263E-02  2.209336625904E+02  3.146473505366E-01  3.413662625873E-01 -2.119844239452E-01 -1.241065737217E-03 -8.459064673105E-01  2.227221273660E+00 -1.227912153207E-02  1.411199854643E-02 -1.832877014183E-03 -1.307861143474E-02  2.236296176959E-03  3.705021698065E-06 -1.027574467991E-05 -4.155128471733E-06  3.841016857631E-02 -3.705021717667E-06 -8.676235401864E-03 -1.034037399580E-19  6.773080829686E-21 -4.815440465751E-20 -8.283064213646E-04
  4.726377970904E+02  4.787873640468E+02  1.486425330508E+01 -2.654673919925E-14 -6.534208942363E-02  2.217731622107E+02  3.117779898268E-01  3.388721047715E-01 -2.089651244425E-01 -1.350871666538E-03 -9.548264995499E-01  2.273007526193E+00 -1.247547672109E-02  1.546068888871E-02 -2.985212167415E-03 -1.340189746416E-02  2.528233782829E-03  2.374559712230E-06 -6.653435583684E-06 -5.546827084188E-06  3.931619893108E-02 -2.374559701004E-06 -9.406897038173E-03 -9.311793257160E-20  8.875991069336E-21 -3.143008632186E-20 -8.562436962910E-04
  4.849369310031E+02  4.912709849682E+02  1.489569995846E+01 -1.769219999092E-14 -7.263040609031E-02  2.226882864027E+02  3.084634457226E-01  3.374753516855E-01 -2.052526359168E-01 -1.532911923132E-03 -1.066760547589E+00  2.318390431569E+00 -1.280878507033E-02  1.683137888586E-02 -4.022593815520E-03 -1.411135959692E-02  2.488095472365E-03  1.179107194318E-06 -3.303089079554E-06 -1.256722915110E-05  4.116224793024E-02 -1.179107110172E-06 -8.559019892731E-03 -9.231004387696E-20  2.123241273934E-20 -5.120227488390E-20 -9.044954427398E-04
  4.976050389332E+02  5.041291145172E+02  1.492941831444E+01 -2.069536093422E-15 -7.892484718965E-02  2.236731374934E+02  3.046833470435E-01  3.316638393602E-01 -2.019888499204E-01 -1.511302237422E-03 -1.162029585534E+00  2.371441986638E+00 -1.333582762350E-02  1.836853990246E-02 -5.032712278881E-03 -1.488522661075E-02  2.308332450848E-03 -3.589745704540E-07 -3.583195733361E-06 -1.013291747879E-05  4.246163358954E-02  3.589745956040E-07 -6.555486452460E-03 -1.190981931540E-19  2.321612743133E-20 -4.625965826604E-20 -9.504445990339E-04
  5.106531901012E+02  5.173729879527E+02  1.496495028897E+01  9.680765303971E-15 -8.335240332550E-02  2.247139813204E+02  3.006642832479E-01  3.293273336212E-01 -1.981890131593E-01 -1.456226749924E-03 -1.231259366815E+00  2.420064938430E+00 -1.365455520892E-02  1.941304309527E-02 -5.758487886115E-03 -1.540248427568E-02  1.570864938829E-03  1.272922619031E-06 -5.183046489743E-06  3.896296077098E-06  4.250391233333E-02 -1.272922548155E-06 -5.512011505468E-03 -9.414840079266E-20  2.164522627852E-20 -4.988057405587E-20 -9.615766997773E-04
  5.240927858042E+02  5.310141775913E+02  1.500082308630E+01  1.277192356504E-14 -8.820220760201E-02  2.257683473218E+02  2.964866284501E-01  3.249903621491E-01 -1.944578726899E-01 -1.509530884791E-03 -1.306661271362E+00  2.460737491611E+00 -1.376935928720E-02  2.034582386795E-02 -6.576464580588E-03 -1.541960617532E-02  1.424789524450E-03 -3.259245117145E-06 -5.200783539492E-06  1.181706444426E-05  4.274727940969E-02  3.259245145685E-06 -2.901625357996E-03 -1.295512554688E-19  2.955860393786E-20 -4.286637538441E-20 -9.746777166451E-04
  5.379355693784E+02  5.450646029190E+02  1.503890307265E+01  1.561725401777E-14 -8.837508931582E-02  2.268915343175E+02  2.919168202417E-01  3.199781300715E-01 -1.902037058256E-01 -1.372166397362E-03 -1.315897448616E+00  2.515662567039E+00 -1.400942454503E-02  2.162861170120E-02 -7.619187155690E-03 -1.582192214599E-02  4.776383966325E-04 -3.946246520796E-06 -3.972283349406E-06  7.051342624939E-06  4.326958158707E-02  3.946246559813E-06 -1.000846452465E-03 -8.798490947961E-20  8.842180352743E-21 -3.661662996876E-20 -1.002819075909E-03
  5.521936364597E+02  5.595365410066E+02  1.507793416990E+01  2.164734653106E-14 -8.996738925957E-02  2.280445269554E+02  2.872176651197E-01  3.133947831631E-01 -1.861261749359E-01 -1.389108187924E-03 -1.343727843106E+00  2.575206276129E+00 -1.426954025702E-02  2.254597801218E-02 -8.276437755163E-03 -1.631733587109E-02  4.798145344992E-04  1.372421739805E-06 -1.800191371203E-06  5.311584077099E-06  4.344787477683E-02 -1.372421741203E-06  7.709077615844E-04 -9.571240082523E-20  2.035861465570E-20 -4.881449704608E-20 -1.031424426981E-03
  5.668794455535E+02  5.743794455535E+02  1.511869940796E+01  2.771427300615E-14 -8.695345714115E-02  2.292501472526E+02  2.823183661633E-01  3.069877517248E-01 -1.812525465337E-01 -1.457380816977E-03 -1.303446035972E+00  2.613480414841E+00 -1.429337567361E-02  2.313915790767E-02 -8.845782234219E-03 -1.650902020420E-02 -8.139679057064E-04  2.193023358618E-06 -3.420929120242E-07  3.332248923977E-06  4.304637105750E-02 -2.193023294557E-06  3.649624750810E-03 -1.038221489007E-19  2.928575578703E-20 -4.150136388372E-20 -1.029569091158E-03
  5.818794455535E+02  5.893794455535E+02  1.515868221797E+01  3.048142149566E-14 -8.313885704153E-02  2.304401507369E+02  2.774156147900E-01  3.013706425310E-01 -1.768346014612E-01 -1.561286974258E-03 -1.249583217957E+00  2.595663761212E+00 -1.427387885234E-02  2.290229480072E-02 -8.628415948486E-03 -1.609197540554E-02 -8.025998124672E-04  1.177704252233E-06 -2.055628466684E-07  6.902525722846E-07  4.238895431826E-02 -1.177704247309E-06  2.839980035151E-03 -9.756736457427E-20  6.958805017104E-21 -5.208048308750E-20 -9.816507030140E-04
  5.968794455535E+02  6.043794455535E+02  1.519819609013E+01  2.986722616912E-14 -8.161555476518E-02  2.316177053316E+02  2.730520598294E-01  2.962311678882E-01 -1.717771865384E-01 -1.737004851021E-03 -1.230242307059E+00  2.572210988449E+00 -1.415139434930E-02  2.253718077727E-02 -8.385786428182E-03 -1.542157674363E-02 -4.169776451047E-04  1.045996227361E-06 -1.001656501438E-06 -4.046946402610E-06  4.160547787988E-02 -1.045996190327E-06  3.315859601074E-03 -9.975784976300E-20  1.153356477983E-20 -3.986112067399E-20 -9.469016193074E-04
  6.118794455535E+02  6.193794455535E+02  1.523671020273E+01  3.097150747672E-14 -7.689177887418E-02  2.327701501379E+02  2.688769881359E-01  2.921422261347E-01 -1.670990158313E-01 -1.738201809684E-03 -1.161578499581E+00  2.554266327944E+00 -1.395160277028E-02  2.220798514159E-02 -8.256382371173E-03 -1.480004236925E-02 -1.131774419959E-03  1.599615969967E-06 -2.345687546701E-06 -5.480133815146E-06  4.028762471549E-02 -1.599616001209E-06  3.935269028823E-03 -7.346586405009E-20  1.393811255258E-20 -4.763088436817E-20 -9.160852773304E-04
  6.268794455535E+02  6.343794455535E+02  1.527372110016E+01  3.209452293050E-14 -7.423810109269E-02  2.338797983840E+02  2.645078857660E-01  2.862406654138E-01 -1.620151020316E-01 -1.802461699946E-03 -1.125730348646E+00  2.537477214213E+00 -1.389626055206E-02  2.194720415301E-02 -8.050943601065E-03 -1.451663972650E-02 -9.509466961802E-04 -1.697046739738E-06 -1.251791295197E-06 -1.015778928906E-05  3.772377478101E-02  1.697046727339E-06  4.920977687556E-03 -1.070541852122E-19  1.985594466790E-20 -2.956569702990E-20 -8.661622796358E-04
  6.418794455535E+02  6.493794455535E+02  1.530739427948E+01  2.977349559026E-14 -6.767900944236E-02  2.348956569585E+02  2.599797815590E-01  2.820090457317E-01 -1.569427022239E-01 -1.967481331270E-03 -1.030560889928E+00  2.504278661306E+00 -1.397847174917E-02  2.163827605568E-02 -7.659804306686E-03 -1.296949707250E-02 -1.759662200054E-03 -2.146565672392E-06  1.095927009403E-06 -6.892812639697E-06  3.446829152209E-02  2.146565638200E-06  5.995783291158E-03 -6.899429847633E-20  1.743247756918E-20 -4.868890570316E-20 -7.769796499293E-04
  6.568794455535E+02  6.643794455535E+02  1.533832093539E+01  2.911676195289E-14 -6.299992613521E-02  2.358287217375E+02  2.551932345923E-01  2.781335499235E-01 -1.517537764108E-01 -2.045069395805E-03 -9.640978931468E-01  2.468356972858E+00 -1.362441297499E-02  2.110036981081E-02 -7.475956835451E-03 -1.203840195817E-02 -1.399085312826E-03 -1.401236809459E-06  3.234413191666E-06 -8.354692527898E-06  3.258447923412E-02  1.401236836365E-06  6.537830009265E-03 -7.127179823420E-20  2.891321191855E-20 -4.649492127957E-20 -7.417105316675E-04
  6.718794455535E+02  6.793794455535E+02  1.536851325147E+01  3.160474833230E-14 -5.541554256552E-02  2.367398139386E+02  2.503557588474E-01  2.719013942294E-01 -1.465831029746E-01 -2.035827473602E-03 -8.526388535015E-01  2.461175338904E+00 -1.352680359835E-02  2.097069992310E-02 -7.443896324425E-03 -1.184114484110E-02 -1.770028821712E-03 -3.112426324328E-06  5.276002172358E-06 -4.221238737892E-06  3.166480415143E-02  3.112426323523E-06  5.769590062449E-03 -7.334512845763E-20  1.833681933201E-20 -4.610638787934E-20 -7.380701773302E-04
  6.868794455535E+02  6.943794455535E+02  1.539772770242E+01  3.171028081321E-14 -5.217142984612E-02  2.376262975561E+02  2.451338387516E-01  2.683698193366E-01 -1.410673595459E-01 -2.235984808927E-03 -8.071210486742E-01  2.439865935846E+00 -1.324754285341E-02  2.065490187010E-02 -7.407359016207E-03 -1.174077698559E-02 -9.150655091625E-04 -2.491037554510E-06  5.884805163134E-06 -2.574384304529E-06  3.196907084644E-02  2.491037551078E-06  5.863870253083E-03 -8.023042450347E-20  2.982393162507E-20 -4.786720607873E-20 -7.317420456680E-04
  7.018794455535E+02  7.093794455535E+02  1.542845387825E+01  2.646491301569E-14 -4.441860687022E-02  2.385617436333E+02  2.392213068138E-01  2.606683674801E-01 -1.357079783820E-01 -2.171053678379E-03 -6.895562032810E-01  2.409041472116E+00 -1.303331538996E-02  2.035163025488E-02 -7.318314865326E-03 -1.164140846036E-02 -1.726602640428E-03 -1.283513666543E-06  5.636049046313E-06 -7.425485875904E-06  3.140876134003E-02  1.283513588500E-06  6.138931432864E-03 -5.165707382572E-20  3.275341324276E-20 -5.586111506288E-20 -6.969232029438E-04
  7.168794455535E+02  7.243794455535E+02  1.545661305915E+01  2.279553687016E-14 -4.065237123641E-02  2.394234938314E+02  2.329679582601E-01  2.558929584613E-01 -1.296485743754E-01 -2.269048556900E-03 -6.352214100323E-01  2.378047045092E+00 -1.269318173624E-02  1.992794188153E-02 -7.234760145376E-03 -1.054666006827E-02 -1.028733096319E-03  5.466393726304E-07  3.530185834481E-06 -5.552681075545E-07  2.948223004967E-02 -5.466393665909E-07  4.005513610170E-03 -7.451746688590E-20  2.374464199594E-20 -5.523737406333E-20 -6.472582898270E-04
  7.318794455535E+02  7.393794455535E+02  1.548375571203E+01  2.092313706551E-14 -3.689893852637E-02  2.402553136720E+02  2.265130047854E-01  2.505845461101E-01 -1.238501207529E-01 -2.212950866558E-03 -5.792660238865E-01  2.360266569172E+00 -1.257890326879E-02  1.981463423586E-02 -7.235730967292E-03 -1.027596105085E-02 -8.954655360961E-04  2.016169274001E-06 -5.870658175204E-08  9.939258656666E-06  2.861244039557E-02 -2.016169271393E-06  1.882075834841E-03 -6.110409786698E-20  2.368306165869E-20 -5.736940229012E-20 -6.370572146087E-04
  7.468794455535E+02  7.543794455535E+02  1.551030118987E+01  1.866210658230E-14 -3.711808229551E-02  2.410712805027E+02  2.200109416470E-01  2.448534409836E-01 -1.174545597826E-01 -2.213759651070E-03 -5.858472181683E-01  2.338146590979E+00 -1.246301371590E-02  1.957543074891E-02 -7.112417032926E-03 -1.014608754864E-02 -3.012074271030E-04  1.968901350158E-07 -2.398611617870E-06  1.524506594853E-05  2.851915450785E-02 -1.968901250874E-07  1.337674606894E-03 -7.791422747382E-20  2.585691149593E-20 -4.129749467633E-20 -6.426225632930E-04
  7.618794455535E+02  7.693794455535E+02  1.553724231736E+01  1.868379756464E-14 -3.436807800281E-02  2.418970393116E+02  2.133263385347E-01  2.383404602191E-01 -1.112328441447E-01 -2.287061710319E-03 -5.454528596206E-01  2.313055862615E+00 -1.214286659121E-02  1.899723779183E-02 -6.854371200416E-03 -1.042858799533E-02 -4.764536644190E-04 -1.574701141434E-06 -2.039645355090E-06  9.379728069010E-06  2.909025424597E-02  1.574701118171E-06  2.003780890171E-03 -7.429828470562E-20  2.537507492041E-20 -4.077537129310E-20 -6.618442403073E-04
  7.768794455535E+02  7.843794455535E+02  1.556481754721E+01  1.921925755118E-14 -3.334531744777E-02  2.427456278777E+02  2.060457341488E-01  2.323606689666E-01 -1.047774876793E-01 -2.236951983239E-03 -5.322517639382E-01  2.284623383873E+00 -1.179871881464E-02  1.870357992831E-02 -6.904861113587E-03 -1.055505445518E-02 -2.178798550784E-04  1.116167262952E-06 -3.584772150948E-07  7.722365426741E-06  2.889082629082E-02 -1.116167270405E-06  1.210405438088E-03 -7.109976096154E-20  7.919717317739E-21 -5.143194628568E-20 -6.382591799295E-04
  7.918794455535E+02  7.993794455535E+02  1.559139012760E+01  2.107776279903E-14 -3.209087770452E-02  2.435642439490E+02  1.976613402712E-01  2.275346978987E-01 -9.828397196683E-02 -2.368522437534E-03 -5.141460194051E-01  2.261789178781E+00 -1.148576475711E-02  1.862526815972E-02 -7.139503402789E-03 -9.963157752480E-03 -2.788194024927E-04  2.715153526341E-06  1.461515242891E-06  6.936210630131E-06  2.745748761109E-02 -2.715153456273E-06 -3.437780646513E-04 -8.064270097939E-20  1.433847407853E-20 -4.139515522995E-20 -6.171989524657E-04
  8.068794455535E+02  8.143794455535E+02  1.561630933009E+01  2.320113661377E-14 -3.398877842785E-02  2.443326390674E+02  1.882462063405E-01  2.228095995018E-01 -9.155793212154E-02 -2.387767391751E-03 -5.463236613269E-01  2.237962143077E+00 -1.141338601436E-02  1.827742335402E-02 -6.864037339686E-03 -9.849767614348E-03  1.258302981509E-04  3.904234789852E-06  2.282328964338E-06  4.025942721148E-06  2.738081368816E-02 -3.904234794509E-06 -4.898815053826E-04 -6.094205022293E-20  2.348370388274E-20 -5.143110362948E-20 -6.196186849771E-04
  8.218794455535E+02  8.293794455535E+02  1.564275589239E+01  2.136698572704E-14 -3.302277488332E-02  2.451491005360E+02  1.778066676878E-01  2.171439084707E-01 -8.484060351150E-02 -2.482845059507E-03 -5.299412805085E-01  2.210124540823E+00 -1.137455127263E-02  1.802506525228E-02 -6.650513979743E-03 -9.877233206658E-03  1.042336179911E-04  4.132909877542E-06  1.702068521614E-06  6.998417830385E-07  2.777566953242E-02 -4.132909871366E-06 -1.094308207413E-03 -8.683766686571E-20  1.460729424269E-20 -3.495634165666E-20 -6.089212467891E-04
  8.368794455535E+02  8.443794455535E+02  1.566842714423E+01  2.140244116193E-14 -3.606193486720E-02  2.459425734006E+02  1.667603856533E-01  2.135942583087E-01 -7.779262977986E-02 -2.344145922452E-03 -5.789573156912E-01  2.180489157133E+00 -1.101433730234E-02  1.760732155592E-02 -6.592984253572E-03 -9.575046888653E-03  7.501826758457E-04  4.952684420072E-06 -1.688668012738E-07  1.519994506177E-06  2.797116131092E-02 -4.952684430324E-06 -3.055670385833E-03 -7.451638211153E-20  1.215391407951E-20 -4.592467302649E-20 -6.051169450634E-04
  8.518794455535E+02  8.593794455535E+02  1.569521520235E+01  2.591692485621E-14 -3.877019522268E-02  2.467705801863E+02  1.550915922640E-01  2.103397572681E-01 -7.071101347891E-02 -2.374119835507E-03 -6.239091858483E-01  2.162217481622E+00 -1.067914778200E-02  1.746409947376E-02 -6.784951691437E-03 -9.898890458295E-03  6.246516036472E-04  2.609580021048E-06 -2.104220481082E-06  5.096462311335E-06  2.926150800389E-02 -2.609580004305E-06 -2.809007464923E-03 -8.816784050552E-20  8.886875550447E-21 -3.794137299636E-20 -6.290736257034E-04
  8.668794455535E+02  8.743794455535E+02  1.572326591786E+01  2.864927479279E-14 -4.133584469053E-02  2.476436526307E+02  1.430851663738E-01  2.070430147306E-01 -6.334501862780E-02 -2.168384712196E-03 -6.679641068476E-01  2.133015859313E+00 -1.033468955685E-02  1.705631100259E-02 -6.721621445562E-03 -1.000242445602E-02  4.857050451181E-04  1.723537574257E-06 -2.722370108116E-06  7.590807470191E-06  2.744630081206E-02 -1.723537650644E-06 -2.973510215784E-03 -6.617713542577E-20  1.751411385555E-20 -3.838450587075E-20 -5.926962918175E-04
  8.818794455535E+02  8.893794455535E+02  1.574666698507E+01  2.658179290109E-14 -4.433151301321E-02  2.483710504215E+02  1.309751281335E-01  2.053839527775E-01 -5.622173912957E-02 -2.123339516187E-03 -7.190445954056E-01  2.096944594860E+00 -1.017643128161E-02  1.660195592696E-02 -6.425524645360E-03 -8.936785011853E-03  4.452659110904E-04 -3.143251367481E-06 -3.310931136249E-06  7.496965984150E-06  2.357717344142E-02  3.143251374736E-06 -2.042146411342E-03 -6.436315294948E-20  7.424218987749E-21 -2.983145402310E-20 -5.284384092152E-04
  8.968794455535E+02  9.043794455535E+02  1.576748742286E+01  2.196234716081E-14 -4.514176847142E-02  2.490163364643E+02  1.184320245589E-01  2.030864007395E-01 -4.877175916196E-02 -1.774074710822E-03 -7.352581240449E-01  2.055727292527E+00 -9.748647557505E-03  1.589003084744E-02 -6.141383290101E-03 -7.977797847619E-03  1.961822586313E-04 -1.305823330450E-06 -3.564499407472E-06  4.290122694262E-06  2.111146943655E-02  1.305823265874E-06 -1.279159749967E-03 -7.085466554434E-20  2.474159281077E-21 -2.608754420576E-20 -4.705863633322E-04
  9.118794455535E+02  9.193794455535E+02  1.578626470472E+01  1.834324041041E-14 -4.673987299998E-02  2.495988147887E+02  1.049951420003E-01  2.030969495756E-01 -4.130429287840E-02 -1.720028389606E-03 -7.641557451847E-01  2.044672305241E+00 -9.636828562512E-03  1.569547078525E-02 -6.058642222667E-03 -7.223543684248E-03  3.697882436026E-04 -2.122810328454E-06 -2.811526611732E-06  4.021103329324E-07  1.928821951745E-02  2.122810324294E-06 -4.272697961692E-03 -7.390750026439E-20 -2.276613472651E-21 -2.563525126370E-20 -4.402639302220E-04
  9.268794455535E+02  9.343794455535E+02  1.580365448330E+01  1.806923621145E-14 -5.318465511182E-02  2.501369611186E+02  9.042387293833E-02  2.032253954053E-01 -3.387232678846E-02 -1.372835607693E-03 -8.684071714386E-01  2.038508681428E+00 -9.394979961514E-03  1.534604937606E-02 -5.951069414501E-03 -6.956704628034E-03  1.311527381296E-03 -6.882648007992E-07 -1.459669469357E-06 -1.050968970284E-06  2.128160605286E-02  6.882648137021E-07 -6.230161949291E-03 -5.181132412630E-20  3.722001726559E-21 -1.949401728298E-20 -4.594471172771E-04
  9.418794455535E+02  9.493794455535E+02  1.582616622127E+01  1.692210506559E-14 -5.844381198318E-02  2.508349563124E+02  7.452347712635E-02  2.044387623659E-01 -2.612552524736E-02 -1.187933453951E-03 -9.518464642792E-01  2.032945228174E+00 -8.954458789440E-03  1.500271300898E-02 -6.048254219405E-03 -7.888230362703E-03  1.369884545255E-03  8.380871851181E-07 -3.813230484851E-07 -5.548079922487E-07  2.874206265538E-02 -8.380871644034E-07 -8.368217855538E-03 -5.562827446979E-20 -1.762845888230E-21 -1.842979680529E-20 -5.437634020436E-04
  9.568794455535E+02  9.643794455535E+02  1.585754503695E+01  1.181032702191E-14 -6.887791994661E-02  2.518148141610E+02  5.625423208768E-02  2.090148916503E-01 -1.852594059101E-02 -8.317439391345E-04 -1.120017538086E+00  2.051713227735E+00 -8.473224260444E-03  1.476919957508E-02 -6.295975314698E-03 -9.485553386364E-03  2.098200149516E-03  9.894232984768E-07  2.004596014688E-07  2.552345440036E-06  3.486713666593E-02 -9.894233412658E-07 -7.411126104812E-03 -4.116320876878E-20  1.056658264680E-20 -7.260491581789E-21 -6.355119563081E-04
  9.718794455535E+02  9.793794455535E+02  1.589154667895E+01  5.257951987576E-15 -7.234645006596E-02  2.528819395123E+02  3.416233294049E-02  2.261729263000E-01 -1.071888650555E-02 -4.450737236315E-04 -1.177231354056E+00  2.188949473943E+00 -8.847828704992E-03  1.631993017418E-02 -7.472101469163E-03 -1.089234308129E-02  8.859818955014E-04 -2.275107186169E-06  2.056702515113E-07  6.062722783891E-06  4.402085501745E-02  2.275107181347E-06  1.465545266220E-04 -4.761424517302E-20  4.307777214680E-21 -4.559456641094E-21 -8.272949400709E-04
  9.868794455535E+02  9.943794455535E+02  1.594009153051E+01  9.527724023512E-16 -6.861820607294E-02  2.544231478991E+02  6.967229963858E-03  2.577218751421E-01 -3.175680412015E-03 -7.180770091197E-05 -1.120193042586E+00  2.189973038411E+00 -1.080445438765E-02  1.801287239266E-02 -7.208418005349E-03 -1.400963652083E-02 -5.057463937941E-04 -4.178794730897E-06  9.031596389960E-09  5.580087985219E-06  2.589012034519E-02  4.178794710235E-06  1.989924284461E-03 -3.257504484044E-20 -6.095496202211E-22 -3.639605429593E-21 -4.049024746880E-04
