                   y                  ym                   U                   V                   W                 U^2                 V^2                 W^2                  UV                  VW                  UW                VISC               SFSxx               SFSyy               SFSzz               SFSxy               SFSyz                dUdX                dVdX                dWdX                dUdY                dVdY                dWdY                dUdZ                dVdZ                dWdZ              SFSxym
 -4.000000000000E+00 -2.000000000000E+00  0.000000000000E+00  0.000000000000E+00  0.000000000000E+00  0.000000000000E+00  0.000000000000E+00  0.000000000000E+00  0.000000000000E+00  0.000000000000E+00  0.000000000000E+00  0.000000000000E+00  0.000000000000E+00  0.000000000000E+00  0.000000000000E+00  0.000000000000E+00  0.000000000000E+00  0.000000000000E+00  0.000000000000E+00  0.000000000000E+00  0.000000000000E+00  0.000000000000E+00  0.000000000000E+00  0.000000000000E+00  0.000000000000E+00  0.000000000000E+00  0.000000000000E+00
  2.220446049250E-16  2.000000000000E+00  6.905752702864E+00  1.501651884436E-15 -4.759644059794E-02  4.966929363824E+01  4.450963454415E-02  5.819526903598E-01 -1.343168689787E-01 -9.960974537830E-04 -3.384551909001E-01  1.368031454870E+00 -1.964168514973E-03  8.626958498906E-03 -6.662789984148E-03 -4.884556820719E+00  2.840707548793E-02 -1.230281252322E-03 -1.117196364051E-04  2.813189847810E-05  3.100359684594E+01  1.230281252359E-03 -1.919391117789E-01  5.051783903841E-20 -4.178475694779E-21  1.927623924899E-20 -1.715000192876E-02
  4.000000000000E+00  6.000000000000E+00  8.596331011257E+00  4.011121007101E-15 -4.827633570789E-02  7.623727813446E+01  1.783657230561E-01  6.346462752735E-01 -2.864554620195E-01 -1.201670310026E-03 -4.298866767174E-01  5.386463216209E+00  2.651363528456E-01 -2.312150637166E-01 -3.392128912509E-02 -1.337520626941E+00 -5.864511890553E-02  2.790374848070E-04 -1.797401719552E-04 -4.792145549890E-07  4.428222257337E+00 -2.790374847619E-04  7.868825608445E-03  4.342330387573E-20  2.568796692860E-21 -3.507071187242E-20 -8.782764011026E-02
  8.000000000000E+00  1.000000000000E+01  9.119260105906E+00  5.654546275657E-15 -4.373568779759E-02  8.512112133343E+01  2.253717303532E-01  6.038044507506E-01 -2.770501115404E-01 -1.240068543587E-03 -4.147161555105E-01  5.700320912331E+00  1.324813943941E-01 -3.042924596176E-01  1.718110652270E-01 -6.696073598493E-01 -2.576231749470E-02  2.414097042255E-04 -9.858333268954E-05  2.783136520312E-05  2.017014098566E+00 -2.414097042132E-04  1.685761583731E-02  5.676334016182E-20  7.126882054460E-21  4.194621091577E-20 -4.020183788234E-02
  1.200000000000E+01  1.400000000000E+01  9.604932028062E+00  6.490744573762E-15 -3.982800575530E-02  9.418238383807E+01  2.527448128288E-01  5.956983132119E-01 -3.010362999018E-01 -1.241901486352E-03 -3.962359617884E-01  5.627428823373E+00  1.251923362584E-01 -2.807919667538E-01  1.555996304926E-01 -6.317097679886E-01 -4.667241450278E-03  1.847119260685E-04 -4.745525982699E-05  1.392910576323E-06  1.652707762068E+00 -1.847119259749E-04  1.318435988217E-02  7.077280554181E-20 -1.369406804364E-20  5.502415242376E-20 -3.408195088393E-02
  1.600000000000E+01  1.800000000000E+01  9.945856227137E+00  5.613549844870E-15 -3.719138322471E-02  1.007493012804E+02  2.741592045148E-01  5.902398976979E-01 -3.006562190995E-01 -1.406243411713E-03 -3.805321368966E-01  5.312375714572E+00  1.029400966980E-01 -2.528115207158E-01  1.498714240196E-01 -4.497716156863E-01 -1.924485861962E-03  1.173425311311E-04 -2.956133928564E-05 -1.948319586151E-05  1.272040799621E+00 -1.173425311609E-04  8.580192808333E-03  4.799304828696E-20 -2.333733421983E-21  7.006858112821E-20 -2.584308301676E-02
  2.000000000000E+01  2.200000000000E+01  1.024099147051E+01  3.345082168436E-15 -3.557510201904E-02  1.066605013629E+02  2.919607374786E-01  5.894183014974E-01 -3.072936853066E-01 -1.480496616859E-03 -3.721113184612E-01  5.103981926626E+00  9.183104857794E-02 -2.317664523371E-01  1.399354037644E-01 -3.839984196306E-01 -2.084104552901E-03  5.365772144773E-05 -2.409738816658E-05  9.993754537534E-06  1.069690821072E+00 -5.365772135934E-05  6.904978580506E-03  5.449493758288E-20  5.516350812517E-21  1.130565494086E-19 -2.172411741257E-02
  2.400000000000E+01  2.600000000000E+01  1.048071340146E+01  9.670217462436E-16 -3.364468571031E-02  1.115771862500E+02  3.067820203776E-01  5.882349083858E-01 -3.076469215677E-01 -1.556652752606E-03 -3.576488701173E-01  4.879156579082E+00  8.024941432999E-02 -2.125706121179E-01  1.323211977844E-01 -3.117771182949E-01 -2.148976184498E-03  5.800393518635E-05 -2.434725460635E-05  2.089548305987E-05  9.024957051226E-01 -5.800393524414E-05  6.012101184979E-03  3.227872954046E-20 -9.792895687545E-21  8.334174218276E-20 -1.815761493870E-02
  2.800000000000E+01  3.000000000000E+01  1.069211660588E+01 -1.779855993492E-15 -3.256113484282E-02  1.160225476288E+02  3.188550133013E-01  5.867762682956E-01 -3.095326450867E-01 -1.620608664884E-03 -3.515022918788E-01  4.695088279373E+00  7.141893698103E-02 -1.966263171002E-01  1.252073801187E-01 -2.718347572940E-01 -1.953184931889E-03  4.146384024770E-05 -2.231308529359E-05  6.333380236342E-06  7.909818196551E-01 -4.146384020640E-05  4.846990004093E-03  5.686510551248E-20 -9.201889937558E-21  1.518078832178E-19 -1.581959687814E-02
  3.200000000000E+01  3.400000000000E+01  1.087611448226E+01 -5.133454208592E-15 -3.133476149839E-02  1.199631755065E+02  3.284685462051E-01  5.840046557375E-01 -3.093665289520E-01 -1.600040419002E-03 -3.440695745168E-01  4.519286186746E+00  6.346825039317E-02 -1.827181636676E-01  1.192499132763E-01 -2.355220518130E-01 -2.051271244749E-03  3.253616010422E-05 -1.585318308840E-05  1.325581572661E-05  7.000275024984E-01 -3.253616020788E-05  5.102058092494E-03  6.225247990945E-20 -1.683354913462E-20  1.270053513159E-19 -1.390096669727E-02
  3.600000000000E+01  3.800000000000E+01  1.104227987349E+01 -7.992402367100E-15 -3.003694478435E-02  1.235862167647E+02  3.359578392458E-01  5.810579411321E-01 -3.097578185900E-01 -1.647451609806E-03 -3.357360976458E-01  4.367290309508E+00  5.738988947542E-02 -1.710363516811E-01  1.136464622068E-01 -2.099676528626E-01 -1.995611218615E-03  4.163007881064E-05 -1.584874255211E-05  6.248388417422E-06  6.309991267445E-01 -4.163007875857E-05  4.535371720819E-03  4.751157386739E-20 -7.107144498313E-21  1.363016368699E-19 -1.242755559149E-02
  4.000000000000E+01  4.200000000000E+01  1.119164748412E+01 -9.544219091176E-15 -2.899315248130E-02  1.268905324834E+02  3.418543148828E-01  5.776256129126E-01 -3.091700967552E-01 -1.635662164089E-03 -3.288304101078E-01  4.227215998050E+00  5.245450779908E-02 -1.605725819961E-01  1.081180741980E-01 -1.881056823610E-01 -1.592317708498E-03  3.554041335047E-05 -1.678490757645E-05 -1.787011305511E-05  5.746517051583E-01 -3.554041342295E-05  3.008589040133E-03  1.764946391947E-20  4.233819237201E-21  1.264223867201E-19 -1.124321687069E-02
  4.400000000000E+01  4.600000000000E+01  1.132947715463E+01 -9.709577344254E-15 -2.855055844535E-02  1.299822100674E+02  3.465791958316E-01  5.739134849140E-01 -3.086941016814E-01 -1.648760700283E-03 -3.278252335409E-01  4.104268001624E+00  4.840692400639E-02 -1.517783658515E-01  1.033714418436E-01 -1.719790230419E-01 -1.214692233243E-03  2.354818267152E-05 -1.295997292494E-05 -2.399032659870E-05  5.295841779553E-01 -2.354818264171E-05  1.059301183899E-03  2.638742201856E-20 -1.426713833866E-20  1.000920001772E-19 -1.027917435417E-02
  4.800000000000E+01  5.000000000000E+01  1.145646898778E+01 -1.063782358462E-14 -2.856804644537E-02  1.328668984030E+02  3.503637952943E-01  5.695357182541E-01 -3.078712403912E-01 -1.592072560498E-03 -3.320952029312E-01  3.992466448061E+00  4.486633530684E-02 -1.437193310816E-01  9.885299577242E-02 -1.572874873058E-01 -7.476484070361E-04  1.875281260664E-05 -1.163833864412E-05 -1.707705169290E-05  4.922517832861E-01 -1.875281260398E-05 -7.074351273011E-04  1.046687365945E-20  8.327511742419E-21  1.178310435619E-19 -9.458161777495E-03
  5.200000000000E+01  5.400000000000E+01  1.157569905370E+01 -1.363555910797E-14 -2.895940208847E-02  1.356035177254E+02  3.533209294465E-01  5.645276218503E-01 -3.069563883994E-01 -1.566663119146E-03 -3.407923342297E-01  3.886737344814E+00  4.149182755473E-02 -1.364259003176E-01  9.493407276204E-02 -1.456388881973E-01 -4.577957873433E-04  2.178751100689E-05 -1.349520749550E-05  1.121029982621E-05  4.613892466339E-01 -2.178751109515E-05 -2.393068839569E-03 -1.682962604569E-20  2.403034103497E-21  1.008907109924E-19 -8.768983030816E-03
  5.600000000000E+01  5.800000000000E+01  1.168712088063E+01 -1.619015818446E-14 -2.969362323281E-02  1.381862170017E+02  3.555848489739E-01  5.591005566328E-01 -3.059502578705E-01 -1.503633674399E-03 -3.535625359778E-01  3.788464127188E+00  3.872991755004E-02 -1.300009472665E-01  9.127102971643E-02 -1.352584757998E-01 -3.055951100903E-04 -2.669815479785E-05 -1.437521845540E-05 -2.468008329170E-06  4.327357603599E-01  2.669815483865E-05 -2.990993577865E-03 -2.716249047760E-21 -9.269951464161E-21  1.052292583539E-19 -8.160208043850E-03
  6.000000000000E+01  6.200000000000E+01  1.179199532437E+01 -1.730853783144E-14 -3.037801199836E-02  1.406395144981E+02  3.572097327735E-01  5.533781057351E-01 -3.047938991985E-01 -1.522959297522E-03 -3.663117954688E-01  3.701483568769E+00  3.621567511014E-02 -1.242405396456E-01  8.802486453665E-02 -1.262245885977E-01 -3.526047138741E-04 -1.063949383015E-05 -1.315504453437E-05 -5.944236075798E-06  4.080110616983E-01  1.063949390816E-05 -2.574293624169E-03  1.795209386096E-20  9.472647982859E-21  1.046642485240E-19 -7.645933472564E-03
  6.400000000000E+01  6.600000000000E+01  1.189122456522E+01 -1.846454028087E-14 -3.099175890699E-02  1.429816459160E+02  3.582125101893E-01  5.473724168417E-01 -3.036342558058E-01 -1.465280138522E-03 -3.777819394801E-01  3.618190578338E+00  3.377149083969E-02 -1.190319637459E-01  8.526047290589E-02 -1.184278171824E-01 -1.857931109437E-04  3.089857183914E-05 -1.466904124983E-05  5.183531947382E-06  3.856459673299E-01 -3.089857173350E-05 -1.926819935634E-03 -2.441739767444E-20 -1.495549972092E-20  1.188619708686E-19 -7.181768677863E-03
  6.800000000000E+01  7.000000000000E+01  1.198485530050E+01 -2.046680359913E-14 -3.138326949389E-02  1.452098083965E+02  3.587510346387E-01  5.425150911007E-01 -3.023381280120E-01 -1.485222811305E-03 -3.863004560250E-01  3.544545581258E+00  3.208449092298E-02 -1.144829343739E-01  8.239844345173E-02 -1.112732822356E-01 -3.464793389494E-04  3.773174433205E-06 -1.546770542369E-05 -3.984644105007E-06  3.651183262974E-01 -3.773174528646E-06 -1.354627336534E-03  8.417156600319E-21 -1.170524675715E-20  1.143758301613E-19 -6.750388816368E-03
  7.200000000000E+01  7.400000000000E+01  1.207370356119E+01 -2.330398161046E-14 -3.168418674921E-02  1.473411956833E+02  3.590613719662E-01  5.380480671458E-01 -3.010941837776E-01 -1.470765411566E-03 -3.927731117975E-01  3.470849126394E+00  3.008421196867E-02 -1.099555607930E-01  7.987134882264E-02 -1.046020260472E-01 -5.673133653660E-05 -1.176469323670E-05 -1.178492672806E-05  4.908918856925E-06  3.471407988236E-01  1.176469325737E-05 -1.229278700095E-03 -3.393601358702E-20 -3.881664929001E-21  8.920503645626E-20 -6.345226089183E-03
  7.600000000000E+01  7.800000000000E+01  1.215842630266E+01 -2.708973771577E-14 -3.197211816072E-02  1.493884929949E+02  3.591737874128E-01  5.346648040980E-01 -2.997303568657E-01 -1.458517623733E-03 -3.989710207629E-01  3.397614241294E+00  2.801445867800E-02 -1.055950303527E-01  7.758057167332E-02 -9.843075331245E-02  1.212823019274E-05  1.700416099367E-05 -8.991355220891E-06  3.791406774939E-06  3.301186900731E-01 -1.700416109677E-05 -4.719543555226E-04 -5.924219055368E-20 -1.980550900517E-20  1.048874543745E-19 -5.974595292748E-03
  8.000000000000E+01  8.200000000000E+01  1.223877747347E+01 -2.926574195657E-14 -3.190379462628E-02  1.513453992351E+02  3.591469690593E-01  5.316289318164E-01 -2.983635154815E-01 -1.454341424949E-03 -3.997566086995E-01  3.332154742308E+00  2.646689618084E-02 -1.016706889108E-01  7.520379272953E-02 -9.279612166461E-02 -2.572608473785E-04  8.294151861307E-06 -8.822149407185E-06 -8.675106275206E-06  3.151521217234E-01 -8.294151794554E-06  1.088037825855E-04 -2.123902015035E-20  3.757805045825E-21  8.338206163415E-20 -5.649826592724E-03
  8.400000000000E+01  8.600000000000E+01  1.231600822785E+01 -3.187466928132E-14 -3.193076323210E-02  1.532382756109E+02  3.590660536216E-01  5.289866213553E-01 -2.969745066787E-01 -1.480140268688E-03 -4.010241839784E-01  3.270491139479E+00  2.483424752879E-02 -9.784384960450E-02  7.300960207601E-02 -8.813757751316E-02 -2.458773677879E-04  1.191938540385E-05 -1.001124633195E-05 -1.581683343406E-05  3.031755894368E-01 -1.191938545115E-05 -4.798924842685E-04 -4.566776525969E-20  3.493399587511E-21  9.632075599139E-20 -5.371469003516E-03
  8.800000000000E+01  9.000000000000E+01  1.239043353393E+01 -3.791727117471E-14 -3.214632164887E-02  1.550735304012E+02  3.588627405695E-01  5.267279906910E-01 -2.955198819855E-01 -1.487532496357E-03 -4.039863364252E-01  3.214341897651E+00  2.381405782960E-02 -9.470973514608E-02  7.089567731710E-02 -8.386739463453E-02 -1.609260459150E-04  1.767239341228E-05 -1.336802385507E-05 -1.419370340968E-05  2.910224541964E-01 -1.767239340240E-05 -1.653309099042E-03 -6.265407480343E-20 -1.249142893543E-20  8.197572521654E-20 -5.110032455824E-03
  9.200000000000E+01  9.400000000000E+01  1.246152839221E+01 -4.160137093030E-14 -3.274095997189E-02  1.568364651751E+02  3.584608282440E-01  5.249263229256E-01 -2.940488613866E-01 -1.523190286980E-03 -4.112948549779E-01  3.163437243540E+00  2.270614012188E-02 -9.181225416923E-02  6.910611404703E-02 -7.982689430206E-02  3.703944074014E-05 -6.938398837580E-06 -1.598494599756E-05 -1.225190205360E-05  2.791480670842E-01  6.938398776889E-06 -2.239794832633E-03 -6.282391259384E-20 -6.037282602289E-21  6.671074824872E-20 -4.869306151490E-03
  9.600000000000E+01  9.800000000000E+01  1.252989689872E+01 -4.371311385781E-14 -3.324752238312E-02  1.585410182295E+02  3.579924572501E-01  5.234172380601E-01 -2.926443906010E-01 -1.513191779141E-03 -4.174918915157E-01  3.113596051642E+00  2.150563805396E-02 -8.906356249009E-02  6.755792443694E-02 -7.609256273245E-02 -3.552986884619E-05  1.196323952849E-05 -1.420782095627E-05 -1.627773250003E-05  2.693945877756E-01 -1.196323952320E-05 -1.866393335702E-03 -6.683585310883E-20 -3.943057317380E-21  8.742412779250E-20 -4.658549345755E-03
  1.000000000000E+02  1.020000000000E+02  1.259622959992E+01 -4.916851994996E-14 -3.366849427712E-02  1.602023807140E+02  3.576327201173E-01  5.218120688960E-01 -2.911285139169E-01 -1.546927561950E-03 -4.226235384227E-01  3.066186858585E+00  2.040490915749E-02 -8.649804266707E-02  6.609313350937E-02 -7.301390579237E-02 -6.653388797664E-05  6.395511427597E-06 -1.252908979268E-05 -1.428748973842E-05  2.604353386820E-01 -6.395511477803E-06 -9.614010313301E-04 -4.810849016929E-20 -1.682511118812E-20  6.710788859221E-20 -4.467530951672E-03
  1.040000000000E+02  1.060000000000E+02  1.266020742459E+01 -5.171063158111E-14 -3.374073747894E-02  1.618125343814E+02  3.574075499864E-01  5.200432873522E-01 -2.896345057569E-01 -1.543096502708E-03 -4.233343365471E-01  3.016131597018E+00  1.943184288032E-02 -8.390516437629E-02  6.447332149473E-02 -6.979834677521E-02 -1.964798408428E-04 -1.599271283897E-05 -1.343306734885E-05 -1.294075697403E-06  2.508977203427E-01  1.599271286152E-05 -4.371621419383E-04 -6.152804392036E-20 -1.981647958826E-20  7.158674782457E-20 -4.270270110987E-03
  1.080000000000E+02  1.100000000000E+02  1.272168832431E+01 -5.029718453074E-14 -3.389138051450E-02  1.633664865412E+02  3.572104361450E-01  5.177327391525E-01 -2.881240134520E-01 -1.575531129883E-03 -4.252392094497E-01  2.967300234934E+00  1.842300544753E-02 -8.127558616417E-02  6.285258071566E-02 -6.677511987649E-02 -1.860057395932E-04 -1.554216686326E-05 -1.400100102907E-05 -4.164668008290E-06  2.416691714680E-01  1.554216683032E-05 -8.292713351632E-04 -5.561638951021E-20 -1.245424132096E-20  9.024544940620E-20 -4.088187529714E-03
  1.120000000000E+02  1.140000000000E+02  1.278100414193E+01 -5.123982199188E-14 -3.413707611116E-02  1.648723204388E+02  3.569743769579E-01  5.148733824682E-01 -2.866488411217E-01 -1.646676620632E-03 -4.285936954754E-01  2.924774613780E+00  1.749397716529E-02 -7.892540234297E-02  6.143142517726E-02 -6.405803760302E-02 -1.411250208662E-04  7.723593712210E-06 -1.223318153344E-05 -1.171754652932E-05  2.335937535536E-01 -7.723593682450E-06 -5.839363095180E-04 -7.530917468474E-20 -6.626513493358E-21  8.455518496631E-20 -3.923129804609E-03
  1.160000000000E+02  1.180000000000E+02  1.283850430936E+01 -5.171223750137E-14 -3.417446698564E-02  1.663380396785E+02  3.566885682112E-01  5.117327303935E-01 -2.850963582081E-01 -1.644045290537E-03 -4.297081431096E-01  2.883439856739E+00  1.671870452455E-02 -7.686718410887E-02  6.014847958510E-02 -6.150895075659E-02 -2.768462257069E-04  1.942755037618E-05 -1.087751851155E-05 -1.522627874653E-05  2.264874639552E-01 -1.942755042812E-05 -1.706125738094E-04 -5.584003798402E-20 -2.113932677098E-21  6.503854956067E-20 -3.763623357104E-03
  1.200000000000E+02  1.220000000000E+02  1.289428869089E+01 -5.086512070915E-14 -3.424987155712E-02  1.677661769669E+02  3.563530412354E-01  5.082531398312E-01 -2.836298155073E-01 -1.687100914976E-03 -4.313730922175E-01  2.844737474956E+00  1.615612516128E-02 -7.494290403069E-02  5.878677887041E-02 -5.900205842997E-02 -3.916802975579E-04 -1.575038468369E-05 -1.162503442901E-05 -7.685165927954E-06  2.197587787606E-01  1.575038467997E-05  2.874594108248E-04 -7.039279355005E-20 -2.740872356359E-20  7.858780419174E-20 -3.617113986630E-03
  1.240000000000E+02  1.260000000000E+02  1.294834872647E+01 -5.205285219060E-14 -3.407567845684E-02  1.691549109183E+02  3.559710513193E-01  5.049837499226E-01 -2.820574817759E-01 -1.704831992733E-03 -4.297506021788E-01  2.808228299566E+00  1.532330937933E-02 -7.306825466054E-02  5.774494528151E-02 -5.673698059845E-02 -5.114324006228E-04 -8.498611887452E-06 -1.165449902870E-05  8.176461594607E-06  2.137623684138E-01  8.498611840579E-06  8.598920605688E-04 -7.454447788919E-20 -7.666939295663E-21  6.422162898288E-20 -3.485954606135E-03
  1.280000000000E+02  1.300000000000E+02  1.300110936325E+01 -5.194212153852E-14 -3.382140580166E-02  1.705170517872E+02  3.555154731609E-01  5.017833064032E-01 -2.805635127454E-01 -1.755035721254E-03 -4.271917095277E-01  2.769694953291E+00  1.462279481298E-02 -7.109209982196E-02  5.646930500966E-02 -5.480820875572E-02 -3.959264733911E-04  6.935332335115E-06 -9.750534746552E-06  1.312129055830E-05  2.075024461838E-01 -6.935332235986E-06  6.795425098755E-04 -7.581734129001E-20 -1.569996790625E-21  6.751096462455E-20 -3.359394264006E-03
  1.320000000000E+02  1.340000000000E+02  1.305209084441E+01 -5.061357734835E-14 -3.367967145646E-02  1.718374416835E+02  3.549994261819E-01  4.985998499142E-01 -2.790243806926E-01 -1.771281056929E-03 -4.262210442375E-01  2.734428522582E+00  1.411536032589E-02 -6.943618243456E-02  5.532082210917E-02 -5.275671274706E-02 -3.539768021083E-04  4.900604939086E-06 -7.692846999074E-06  8.945524745684E-06  2.011976542224E-01 -4.900605043229E-06  8.082783380245E-04 -6.146756488164E-20 -8.474060476647E-21  7.709715027110E-20 -3.237741113547E-03
  1.360000000000E+02  1.380000000000E+02  1.310173028451E+01 -5.547048913228E-14 -3.338705612446E-02  1.731266983565E+02  3.544577921127E-01  4.954590191355E-01 -2.775183452759E-01 -1.821640156001E-03 -4.230255227463E-01  2.700420043157E+00  1.357223631148E-02 -6.799711047948E-02  5.442487416744E-02 -5.081686359216E-02 -4.950645302552E-04 -5.273437845940E-06 -7.152154203554E-06  5.313686149655E-07  1.945618687428E-01  5.273437930071E-06  1.597932481270E-03 -4.642435630568E-20 -1.786767311674E-20  6.755826291630E-20 -3.112670519736E-03
  1.400000000000E+02  1.420000000000E+02  1.314939189304E+01 -6.233006701557E-14 -3.291919037402E-02  1.743692001715E+02  3.538856475834E-01  4.923043241934E-01 -2.760070371643E-01 -1.866086232159E-03 -4.181170524344E-01  2.667061291450E+00  1.300388342299E-02 -6.651234827236E-02  5.350846485006E-02 -4.867359199487E-02 -6.434649445927E-04 -2.334662248989E-06 -6.870534147247E-06 -2.015135603213E-06  1.878318987446E-01  2.334662059153E-06  2.609119385081E-03 -6.059905437652E-20 -2.382210423301E-20  3.411456404572E-20 -2.987231556116E-03
  1.440000000000E+02  1.460000000000E+02  1.319564106469E+01 -6.425042578955E-14 -3.210028649506E-02  1.755786941634E+02  3.532773376650E-01  4.894372614604E-01 -2.745056370928E-01 -1.906066833927E-03 -4.084974946079E-01  2.635745338915E+00  1.250587902330E-02 -6.504201008166E-02  5.253613105846E-02 -4.687003121950E-02 -7.548127386528E-04 -1.326305636755E-06 -5.334833854636E-06 -6.251363062400E-07  1.814793563507E-01  1.326305638815E-06  4.046040152775E-03 -5.819725625519E-20 -2.136059444732E-20  7.294034171118E-20 -2.864579040258E-03
  1.480000000000E+02  1.500000000000E+02  1.324010285575E+01 -6.568793043797E-14 -3.087578658478E-02  1.767451757460E+02  3.526126106526E-01  4.867648883720E-01 -2.729951882278E-01 -1.945001673912E-03 -3.931476264639E-01  2.600911042116E+00  1.205196048085E-02 -6.357594393200E-02  5.152398345096E-02 -4.488480217181E-02 -9.234305373438E-04  1.444135764131E-07 -2.794768906211E-06 -5.870345551162E-07  1.748259084688E-01 -1.444136429239E-07  5.140098991787E-03 -5.317738563804E-20 -1.687902171924E-20  6.202703670473E-20 -2.747187776914E-03
  1.520000000000E+02  1.540000000000E+02  1.328306541838E+01 -6.664479724286E-14 -2.954474629170E-02  1.778749338651E+02  3.519092051012E-01  4.844888369452E-01 -2.714871494469E-01 -2.011210075408E-03 -3.760514691037E-01  2.569507504300E+00  1.159439202700E-02 -6.221267515385E-02  5.061828312686E-02 -4.314838817743E-02 -1.025452973480E-03  7.579114289599E-06 -1.297770082811E-06  1.403135524220E-07  1.693697694764E-01 -7.579114271439E-06  5.662993091233E-03 -6.696967250382E-20  8.377260541354E-21  6.645006637967E-20 -2.645184401927E-03
  1.560000000000E+02  1.580000000000E+02  1.332483701744E+01 -6.542781413940E-14 -2.807051924105E-02  1.789759089397E+02  3.512063075426E-01  4.825547730454E-01 -2.700055402165E-01 -2.063419338129E-03 -3.569378824040E-01  2.541143658023E+00  1.117754706685E-02 -6.088899807624E-02  4.971145100997E-02 -4.156700981877E-02 -1.192783385974E-03  1.644188990235E-06 -1.710812305014E-06 -1.098175322722E-07  1.651026581031E-01 -1.644189008632E-06  5.842661982668E-03 -9.379536848880E-20 -6.320214165620E-21  5.331401952769E-20 -2.562895472038E-03
  1.600000000000E+02  1.620000000000E+02  1.336563779047E+01 -6.477951483245E-14 -2.660157027503E-02  1.800550749853E+02  3.505539064411E-01  4.806684514009E-01 -2.684704518515E-01 -2.148472975614E-03 -3.374193160264E-01  2.516457757938E+00  1.087239403788E-02 -5.985062975971E-02  4.897823572121E-02 -4.043621806295E-02 -1.184630794266E-03  1.710051017669E-06 -2.500675394827E-06  6.798807690790E-06  1.607073410302E-01 -1.710050990319E-06  5.443477757826E-03 -8.137882136210E-20 -8.949589914265E-21  3.891000083225E-20 -2.483654153383E-03
  1.640000000000E+02  1.660000000000E+02  1.340519974073E+01 -6.286172231080E-14 -2.529883744256E-02  1.811039678630E+02  3.499815511183E-01  4.786783049333E-01 -2.670075547949E-01 -2.254559966791E-03 -3.199120243499E-01  2.492550967864E+00  1.050911671618E-02 -5.884078765271E-02  4.833167093647E-02 -3.905921966826E-02 -1.107193868474E-03  6.628159078970E-06 -3.622159242805E-06  6.475889461505E-06  1.562783543847E-01 -6.628159068246E-06  4.881654672533E-03 -6.813742867766E-20  9.273133121985E-21  4.403387239577E-20 -2.403447670125E-03
  1.680000000000E+02  1.700000000000E+02  1.344377416200E+01 -5.934781469432E-14 -2.415437648314E-02  1.821287104534E+02  3.494650727314E-01  4.767959050720E-01 -2.655069079873E-01 -2.354763953070E-03 -3.045758103009E-01  2.466886100087E+00  1.003294857127E-02 -5.774770348919E-02  4.771475491763E-02 -3.782571445317E-02 -8.720460742975E-04  1.415242733037E-06 -4.882379311725E-06  8.025642162288E-06  1.524229050830E-01 -1.415242693529E-06  4.116262359859E-03 -6.835440803196E-20 -2.521694363127E-20  6.555636728477E-20 -2.322854271989E-03
  1.720000000000E+02  1.740000000000E+02  1.348138753512E+01 -5.814212356651E-14 -2.326514227712E-02  1.831309939804E+02  3.489738050300E-01  4.747540640680E-01 -2.640452929947E-01 -2.463195925263E-03 -2.927085287956E-01  2.442069915285E+00  9.708940183712E-03 -5.667821700859E-02  4.696927682534E-02 -3.657035952261E-02 -6.758714439329E-04 -6.645371941374E-06 -5.193557677119E-06  1.966850520434E-05  1.476805179173E-01  6.645371952245E-06  4.003819092332E-03 -4.782334015278E-20 -7.965283164130E-21  7.114166111219E-20 -2.245580415330E-03
  1.760000000000E+02  1.780000000000E+02  1.351759636995E+01 -5.690264394658E-14 -2.213802046530E-02  1.840986023257E+02  3.484827600876E-01  4.720606003092E-01 -2.625186478359E-01 -2.554925074221E-03 -2.782099106819E-01  2.419341688921E+00  9.369747528018E-03 -5.576097554384E-02  4.639122801558E-02 -3.517062185695E-02 -7.748132766513E-04 -6.814019925047E-06 -5.099936889860E-06  1.998892474252E-05  1.423370269811E-01  6.814019966795E-06  4.951088052697E-03 -6.002476479585E-20 -1.451970910661E-20  8.962589781210E-20 -2.158731188901E-03
  1.800000000000E+02  1.820000000000E+02  1.355255755840E+01 -5.347101156309E-14 -2.076377522495E-02  1.850352821041E+02  3.480417967243E-01  4.696604976425E-01 -2.610972175838E-01 -2.663963352542E-03 -2.603703667016E-01  2.397813029511E+00  9.215027190132E-03 -5.483736888022E-02  4.562234168974E-02 -3.399038962589E-02 -8.759203501510E-04 -4.913153576751E-06 -5.642453330688E-06  8.314628501503E-06  1.385266864661E-01  4.913153571145E-06  5.405279856032E-03 -3.260915839976E-20 -6.844116904284E-21  4.079834198955E-20 -2.095148126011E-03
  1.840000000000E+02  1.860000000000E+02  1.358687713135E+01 -5.086205313980E-14 -1.944162430717E-02  1.859563183078E+02  3.476297486143E-01  4.670003356280E-01 -2.595643492059E-01 -2.755831114754E-03 -2.431049153368E-01  2.373262717493E+00  8.990927352486E-03 -5.376943914339E-02  4.477851179075E-02 -3.302919043583E-02 -8.183561756723E-04 -1.617839699743E-06 -7.000450121426E-06  1.776518221181E-05  1.346734547362E-01  1.617839729283E-06  5.426902669219E-03 -5.203785464901E-20 -9.456243762908E-21  7.255669697147E-20 -2.024834386949E-03
  1.880000000000E+02  1.900000000000E+02  1.361988037500E+01 -4.883644093597E-14 -1.803976642352E-02  1.868451054389E+02  3.472005637089E-01  4.643583593157E-01 -2.581605806717E-01 -2.851023079646E-03 -2.250652032303E-01  2.348805482653E+00  8.781427823356E-03 -5.280012640339E-02  4.401869858023E-02 -3.177898595895E-02 -9.068917075364E-04 -4.294860641901E-06 -7.930379177262E-06  2.239295190935E-05  1.306907408877E-01  4.294860651500E-06  6.087620550405E-03 -3.067920120098E-20  2.701017510089E-21  6.250898928652E-20 -1.956277738271E-03
  1.920000000000E+02  1.940000000000E+02  1.365218438346E+01 -4.589802275948E-14 -1.636910537425E-02  1.877162464302E+02  3.467486743759E-01  4.613913444281E-01 -2.566161370381E-01 -2.927367222667E-03 -2.034751513806E-01  2.326951736889E+00  8.565487525258E-03 -5.186234111548E-02  4.329685358939E-02 -3.082497787844E-02 -1.122828255671E-03 -1.335836876038E-06 -7.221090006180E-06  1.824929195709E-05  1.276160915707E-01  1.335836884163E-06  6.607357825262E-03 -3.486848582405E-20 -1.245175939992E-20  5.294344505761E-20 -1.894381658093E-03
  1.960000000000E+02  1.980000000000E+02  1.368369390840E+01 -4.356125522508E-14 -1.472710399898E-02  1.885692891563E+02  3.462968778082E-01  4.584770482115E-01 -2.552593817982E-01 -3.046629709133E-03 -1.821618602007E-01  2.307832387300E+00  8.324211130416E-03 -5.093527739143E-02  4.261106626146E-02 -2.979593350243E-02 -1.207606439414E-03  3.637832275528E-06 -6.354186379503E-06  2.423158702598E-05  1.255087787840E-01 -3.637832238597E-06  6.227317610348E-03 -6.149333551980E-20  4.897872180305E-21  5.802515969942E-20 -1.834732710145E-03
  2.000000000000E+02  2.020600000000E+02  1.371497585099E+01 -4.143138324462E-14 -1.325995409795E-02  1.894173365972E+02  3.457608664334E-01  4.558692620849E-01 -2.536678663921E-01 -3.134260475995E-03 -1.631954681864E-01  2.286680519185E+00  7.616126469218E-03 -4.919524724128E-02  4.157912077282E-02 -2.903642699649E-02 -9.070256759218E-04 -3.101500293007E-06 -6.465775043897E-06  2.115905133161E-05  1.212618801878E-01  3.101500322886E-06  5.844508856207E-03 -6.284585366842E-20 -9.587015707271E-21  5.906547121160E-20 -1.794237622900E-03
  2.041200000000E+02  2.062418000000E+02  1.374614188768E+01 -3.827698267575E-14 -1.173775350165E-02  1.902654813748E+02  3.451647861878E-01  4.532457667119E-01 -2.521758043732E-01 -3.217925002974E-03 -1.440026477845E-01  2.270479842000E+00  7.075496866378E-03 -4.751009940024E-02  4.043460253425E-02 -2.836805728120E-02 -9.593714175699E-04 -3.320459577894E-06 -6.076663155967E-06  1.792247677135E-05  1.167743667817E-01  3.320459580323E-06  6.285044542022E-03 -5.266656034534E-20  9.495263975498E-22  8.502833217075E-20 -1.744108436263E-03
  2.083636000000E+02  2.105490540000E+02  1.377688798909E+01 -3.520982747622E-14 -9.951371112023E-03  1.911031716449E+02  3.443996761251E-01  4.499600330020E-01 -2.505369519244E-01 -3.294074698121E-03 -1.214814798891E-01  2.252603929696E+00  6.392162106841E-03 -4.566460986676E-02  3.927244775964E-02 -2.744714829108E-02 -9.950830741296E-04  7.758767106046E-06 -4.528199984630E-06  1.293933006575E-05  1.126492540315E-01 -7.758766955851E-06  6.508888125485E-03 -1.273094714566E-20 -7.515827534455E-21  2.918786020953E-20 -1.690283212387E-03
  2.127345080000E+02  2.149855256200E+02  1.380770186734E+01 -3.153997336920E-14 -8.197339093689E-03  1.919446117443E+02  3.434580201221E-01  4.463744990833E-01 -2.489347683180E-01 -3.346468609780E-03 -9.910971499235E-02  2.234380078724E+00  5.646938851286E-03 -4.385255885021E-02  3.820561999910E-02 -2.672293619451E-02 -1.019861223856E-03  1.254046558292E-05 -3.505537541774E-06  1.069539686085E-05  1.101458349362E-01 -1.254046560905E-05  5.834733878478E-03 -4.337101708656E-20 -1.251728406976E-20  4.821673668986E-20 -1.655690668523E-03
  2.172365432400E+02  2.195550913886E+02  1.383891911137E+01 -2.780386371260E-14 -6.676638190580E-03  1.927977886568E+02  3.423341989104E-01  4.429864271687E-01 -2.471687615504E-01 -3.436728349253E-03 -7.951258890779E-02  2.218165791337E+00  5.017219849681E-03 -4.209043615900E-02  3.707321630969E-02 -2.627803657183E-02 -7.822810241686E-04  4.334179103609E-07 -4.418493858429E-06  1.180335566207E-05  1.078816415385E-01 -4.334178615766E-07  4.658824526044E-03 -5.865015491225E-20  2.954671131208E-21  4.749688134922E-20 -1.628478636541E-03
  2.218736395372E+02  2.242617441303E+02  1.387022968138E+01 -2.633086200610E-14 -5.503564118362E-03  1.936548810454E+02  3.410385333608E-01  4.399065266040E-01 -2.454381399823E-01 -3.514056102160E-03 -6.483815205115E-02  2.204778655139E+00  4.346804135424E-03 -4.042247072118E-02  3.607566658545E-02 -2.583419896211E-02 -5.955034842297E-04 -1.074853716938E-05 -4.138690784895E-06  1.480635232024E-05  1.056806395933E-01  1.074853711092E-05  3.923710934415E-03 -1.726002857072E-20 -5.961395352859E-21  5.734945728714E-20 -1.599796782258E-03
  2.266498487233E+02  2.291095964542E+02  1.390198174149E+01 -2.646543493254E-14 -4.338438812478E-03  1.945260056780E+02  3.396176816161E-01  4.368332155832E-01 -2.435571020125E-01 -3.535074584981E-03 -5.052676046410E-02  2.190195242109E+00  3.714105716570E-03 -3.874530494680E-02  3.503119923027E-02 -2.538357193050E-02 -5.923933991920E-04  1.002141651314E-06 -6.093532117889E-07  1.715999269201E-05  1.037950678121E-01 -1.002141607215E-06  3.780419117992E-03 -2.911010943183E-20 -4.485411998594E-21  7.491039688805E-20 -1.571767999415E-03
  2.315693441850E+02  2.341028843478E+02  1.393406493589E+01 -2.688883646267E-14 -3.172674760190E-03  1.954080055699E+02  3.381099083967E-01  4.334657320569E-01 -2.417089045190E-01 -3.590770541041E-03 -3.574659659135E-02  2.176006949194E+00  3.056963745582E-03 -3.687447088448E-02  3.381750713854E-02 -2.488229935458E-02 -4.610324288892E-04  1.309705252558E-05  2.627306259635E-06  1.819736507339E-05  1.004319331515E-01 -1.309705254877E-05  3.888067426866E-03 -1.748392844630E-20  6.509550706885E-21  4.227038380699E-20 -1.536526721809E-03
  2.366364245106E+02  2.392459708782E+02  1.396563290531E+01 -2.733885795698E-14 -1.878445671136E-03  1.962775072868E+02  3.365690586481E-01  4.295743116429E-01 -2.397455026338E-01 -3.588303764855E-03 -1.970491840553E-02  2.161231395921E+00  2.382579328739E-03 -3.501278087756E-02  3.263020154890E-02 -2.417795041173E-02 -4.310641574644E-04  3.446093767272E-06  2.898105568408E-06  1.186496767636E-05  9.663611734031E-02 -3.446093781298E-06  3.643874027761E-03 -3.603565303991E-21 -9.958908125503E-21  4.683988961620E-20 -1.490859073182E-03
  2.418555172459E+02  2.445433500046E+02  1.399711989613E+01 -2.801749739330E-14 -8.162801271907E-04  1.971463344569E+02  3.350481469162E-01  4.256355146763E-01 -2.377680977984E-01 -3.619702901139E-03 -7.323071572017E-03  2.149232985898E+00  1.626782414862E-03 -3.316432746201E-02  3.153754504716E-02 -2.359918173595E-02 -3.200446730982E-04 -7.065542124760E-06  2.266117867302E-06  7.951717591334E-06  9.370149757090E-02  7.065542095330E-06  2.381603610940E-03  2.262392454561E-20 -8.813784997457E-21  4.451824880010E-20 -1.457890884699E-03
  2.472311827633E+02  2.499996505047E+02  1.402856678229E+01 -2.931977450901E-14 -2.927031403324E-04  1.980154711481E+02  3.336096558855E-01  4.220691103135E-01 -2.356670990123E-01 -3.640239475049E-03 -3.175955103723E-03  2.138500670617E+00  7.778295463428E-04 -3.135667467667E-02  3.057884513045E-02 -2.308920597537E-02 -2.999077190172E-05  1.230762779286E-06  2.908295121380E-06  9.657157387684E-06  9.153561438221E-02 -1.230762774644E-06  1.562511855754E-03 -1.741341694265E-20 -2.021040010736E-21  3.469412235566E-20 -1.426657961988E-03
  2.527681182462E+02  2.556196400198E+02  1.406045304111E+01 -3.091668338440E-14  2.582700915884E-04  1.988984574887E+02  3.322269534697E-01  4.183492500049E-01 -2.335886095503E-01 -3.573756169868E-03  4.856776904922E-04  2.127606906087E+00  1.005358493682E-05 -2.948952686923E-02  2.947947328476E-02 -2.262988206915E-02 -1.447855123382E-05  9.461187300436E-06  3.718963181207E-06  1.038558547000E-06  8.954622677441E-02 -9.461187343062E-06  1.937349175680E-03 -1.936360812738E-20 -4.769943648396E-21  4.322272816410E-20 -1.402502568834E-03
  2.584711617935E+02  2.614082292204E+02  1.409240884278E+01 -3.187564246119E-14  1.077523611182E-03  1.997847921842E+02  3.307781828218E-01  4.141345049011E-01 -2.313915539725E-01 -3.601757836773E-03  8.507591259293E-03  2.117110180629E+00 -7.219016093153E-04 -2.737450459758E-02  2.809640620677E-02 -2.230340887936E-02 -4.395780126171E-05  1.263285810755E-05  3.720767825146E-06 -2.095441311184E-06  8.694112002867E-02 -1.263285809431E-05  2.723545981292E-03 -1.513931926927E-20 -3.435331427352E-21  5.115720668616E-20 -1.382632791226E-03
  2.643452966473E+02  2.673704760971E+02  1.412430460791E+01 -3.177044051739E-14  2.248395734122E-03  2.006708742383E+02  3.291422889761E-01  4.105803478790E-01 -2.291368314272E-01 -3.555368170337E-03  2.216839389136E-02  2.107070085272E+00 -1.472848761935E-03 -2.538495094790E-02  2.685779970938E-02 -2.186975931423E-02 -2.514010912435E-04  7.998594562268E-06  3.734229072147E-06  6.339906231240E-07  8.366230509024E-02 -7.998594569731E-06  3.288993849887E-03  4.192237082949E-21  1.145494221760E-22  4.466027151566E-20 -1.345342099834E-03
  2.703956555468E+02  2.735115903800E+02  1.415567751440E+01 -3.075354091756E-14  3.563864929942E-03  2.015441601937E+02  3.272685485084E-01  4.069592880348E-01 -2.269006528489E-01 -3.577853791212E-03  3.846947241173E-02  2.098846227017E+00 -2.006498028228E-03 -2.335347288826E-02  2.535997091637E-02 -2.129954062515E-02 -3.336581579168E-04  5.298018655377E-06  3.964471933041E-06 -2.724632594590E-07  8.225116715738E-02 -5.298018646679E-06  2.638459508985E-03 -1.514249857307E-20 -3.587447839779E-21  3.944341040605E-20 -1.328702205764E-03
  2.766275252132E+02  2.798369380914E+02  1.418836513150E+01 -2.951266741119E-14  4.318890925578E-03  2.024540345379E+02  3.251783870928E-01  4.034481919941E-01 -2.244295561055E-01 -3.541543850708E-03  4.765485014136E-02  2.094290891661E+00 -2.582647193791E-03 -2.139648963909E-02  2.397913683302E-02 -2.139262984447E-02 -1.036074963341E-04  1.418058460720E-06  4.159908130788E-06 -4.638867948899E-06  8.152402542661E-02 -1.418058445336E-06  1.385027342266E-03  1.703731368873E-20 -6.261029109275E-21  2.593937634478E-20 -1.337283514248E-03
  2.830463509696E+02  2.863520462341E+02  1.422109200739E+01 -2.823935934630E-14  4.696155774984E-03  2.033669049220E+02  3.230628616328E-01  3.990192325529E-01 -2.220801068224E-01 -3.580623950786E-03  5.148522307037E-02  2.087310141998E+00 -3.158534534867E-03 -1.943830230131E-02  2.259683683631E-02 -2.130803280106E-02  7.457212355335E-06  4.446051533705E-06  4.148666470686E-06 -1.599812771254E-06  8.013031985326E-02 -4.446051536627E-06  1.682475377105E-03  7.751784103112E-21  6.402260491818E-21  3.738985898550E-20 -1.331864092596E-03
  2.896577414987E+02  2.930626076211E+02  1.425459827512E+01 -2.656167827642E-14  5.727201805344E-03  2.043020350015E+02  3.210630738521E-01  3.950330824132E-01 -2.195323615576E-01 -3.546481474687E-03  6.545737373020E-02  2.081463451559E+00 -3.807654481660E-03 -1.738693261678E-02  2.119458709830E-02 -2.133992854937E-02 -2.210599591262E-04  2.765239795751E-06  3.473622992609E-06  9.104799420732E-07  7.920469099824E-02 -2.765239761505E-06  2.020365653623E-03  4.582341805721E-21 -5.855571994159E-21  2.774026638810E-20 -1.330752907645E-03
  2.964674737436E+02  2.999744858498E+02  1.428851836969E+01 -2.555572919082E-14  6.446522223982E-03  2.052517349749E+02  3.191525847920E-01  3.916275107871E-01 -2.170582379084E-01 -3.653856047675E-03  7.555633382829E-02  2.080021452511E+00 -4.366942820657E-03 -1.539415242056E-02  1.976109524099E-02 -2.133663818524E-02 -6.847819076050E-05  4.575681610282E-07  2.559604745297E-06  2.929346786082E-06  7.764908987099E-02 -4.575681373120E-07  2.845245276638E-03  2.845710149832E-20 -8.178947994297E-21  3.528722758915E-20 -1.334437774850E-03
  3.034814979559E+02  3.070937204253E+02  1.432269508281E+01 -2.571950436190E-14  8.257327330737E-03  2.062115567394E+02  3.174183333710E-01  3.887940330474E-01 -2.144420673473E-01 -3.658607472311E-03  1.015332081608E-01  2.076278294630E+00 -5.069238884135E-03 -1.335526894235E-02  1.842450782667E-02 -2.129567615665E-02 -5.341943457179E-04 -5.275266903960E-06  1.540551103121E-06  9.138142782749E-06  7.594041965034E-02  5.275266925353E-06  4.076778374910E-03  1.462565774812E-21  1.230006294558E-20  6.722718001774E-21 -1.324707166893E-03
  3.107059428946E+02  3.144265320380E+02  1.435712384115E+01 -2.613950296088E-14  1.014988730786E-02  2.071786158428E+02  3.157457288325E-01  3.857876085785E-01 -2.118126489790E-01 -3.773650495703E-03  1.300764742709E-01  2.071557086176E+00 -5.681460756318E-03 -1.135322289912E-02  1.703468365545E-02 -2.107678979009E-02 -4.832531171786E-04 -5.830228519985E-06  2.297355849770E-07  1.286739072887E-05  7.386767224129E-02  5.830228518839E-06  3.757372248197E-03  1.951181836039E-21  2.666779088200E-21  6.578807693387E-21 -1.307593240118E-03
  3.181471211814E+02  3.219793279992E+02  1.439140722014E+01 -2.610804367836E-14  1.176750758078E-02  2.081444995637E+02  3.139655471065E-01  3.830011267693E-01 -2.090276452332E-01 -3.793362578277E-03  1.550810275437E-01  2.066187953347E+00 -6.184271016490E-03 -9.509312875421E-03  1.569358389216E-02 -2.069696303326E-02 -3.741928221909E-04 -5.268800517516E-06 -1.446686441010E-06  1.325850606105E-05  7.138364118344E-02  5.268800558316E-06  2.228269240116E-03 -1.239145297325E-20 -1.966979903877E-20 -1.326432315094E-20 -1.275137881461E-03
  3.258115348169E+02  3.297587078391E+02  1.442548759942E+01 -2.487564697053E-14  1.228193501079E-02  2.091061444518E+02  3.119040901156E-01  3.809525323972E-01 -2.063086162686E-01 -3.935881524856E-03  1.647094166816E-01  2.066098951781E+00 -6.763131636799E-03 -7.703481440169E-03  1.446661307705E-02 -2.022039178123E-02  9.120189203856E-05 -2.973523682231E-06 -3.219129128660E-06  1.672535093320E-05  6.955401257941E-02  2.973523683464E-06  9.355285321059E-04 -2.269335747242E-20 -3.056297352855E-20 -2.610955461579E-21 -1.263265728544E-03
  3.337058808614E+02  3.377714690743E+02  1.446000728621E+01 -2.331687664128E-14  1.265951746803E-02  2.100820047474E+02  3.094386852368E-01  3.779155805604E-01 -2.033964875582E-01 -3.952013215141E-03  1.722709914091E-01  2.068912832775E+00 -7.168335958773E-03 -5.981671979572E-03  1.315000793833E-02 -2.028788039184E-02  1.287792067894E-04  2.401644504038E-06 -5.442147763936E-06  1.851112739902E-05  6.828144514504E-02 -2.401644485969E-06  2.631038358190E-04 -4.449329637912E-21 -9.701016008266E-21 -1.005347948510E-20 -1.263438022602E-03
  3.418370572872E+02  3.460246131465E+02  1.449486171770E+01 -2.323772785885E-14  1.252336225742E-02  2.110681533068E+02  3.067522514588E-01  3.755865515743E-01 -2.005256637992E-01 -4.066364213755E-03  1.726847727825E-01  2.073644747943E+00 -7.653258959860E-03 -4.195428359561E-03  1.184868731915E-02 -2.007115143045E-02  2.716898086364E-04  5.652899957199E-06 -8.069811741676E-06  1.734844593067E-05  6.667765795443E-02 -5.652899956957E-06 -1.465757099590E-03  9.879616907106E-21 -2.127876914498E-20 -1.714895111994E-20 -1.249197589737E-03
  3.502121690058E+02  3.545253515409E+02  1.452981680610E+01 -2.397308205536E-14  1.110957898200E-02  2.120621367391E+02  3.038993249903E-01  3.724896567353E-01 -1.974678449609E-01 -4.055599090649E-03  1.548289206916E-01  2.077761953248E+00 -8.121234148575E-03 -2.322888742642E-03  1.044412289113E-02 -1.987960238736E-02  9.109322655987E-04  1.922089524940E-06 -1.022463059690E-05  1.590910787656E-05  6.557756433840E-02 -1.922089519757E-06 -3.576282999241E-03  1.366829838593E-20 -7.866877687575E-21 -2.488753904755E-20 -1.240963284136E-03
  3.588385340760E+02  3.632811120872E+02  1.456557203183E+01 -2.438959002931E-14  8.654849018898E-03  2.130809292953E+02  3.009737431773E-01  3.699173017799E-01 -1.944339759101E-01 -4.075617214410E-03  1.221689093350E-01  2.090312144739E+00 -8.476861409078E-03 -6.471950610421E-04  9.124056470219E-03 -1.987180293553E-02  1.206357127105E-03  2.758599185514E-06 -1.137071201191E-05  1.464357965093E-05  6.530405113310E-02 -2.758599163838E-06 -3.918736030236E-03  4.147764433608E-20  8.719737734537E-21 -2.067975626241E-20 -1.243926076555E-03
  3.677236900983E+02  3.722995454498E+02  1.460231441248E+01 -2.490369629266E-14  6.742680520253E-03  2.141307615217E+02  2.981532494906E-01  3.673146765866E-01 -1.911153571283E-01 -3.946190599789E-03  9.647810669337E-02  2.104643231504E+00 -9.052083944311E-03  1.227559707502E-03  7.824524236586E-03 -1.998033809176E-02  1.012138336906E-03  5.638273196151E-06 -1.083867253957E-05  4.268357355838E-06  6.468706407584E-02 -5.638273202788E-06 -3.095454946444E-03  1.866884638600E-20 -1.003700309805E-22 -1.659027356561E-20 -1.245186190658E-03
  3.768754008012E+02  3.815885318133E+02  1.463955229040E+01 -2.554283231685E-14  5.088021092592E-03  2.151973716028E+02  2.954505657264E-01  3.652137532513E-01 -1.880275568532E-01 -3.845415792888E-03  7.384236441680E-02  2.120353287410E+00 -9.708375629242E-03  3.081813176602E-03  6.626562452499E-03 -1.986852371380E-02  1.044209181534E-03  2.411333728603E-06 -9.199813102757E-06 -4.168241698931E-06  6.445748218681E-02 -2.411333730542E-06 -2.484587162458E-03  1.127160326636E-20 -1.332152853644E-20 -3.285993362788E-20 -1.247854097195E-03
  3.863016628253E+02  3.911561877677E+02  1.467824384093E+01 -2.474684837837E-14  3.808402321286E-03  2.163092625957E+02  2.929824279261E-01  3.636735272255E-01 -1.846009330084E-01 -3.649654656939E-03  5.552561178276E-02  2.136450376258E+00 -1.015100722746E-02  4.986011918930E-03  5.164995308248E-03 -2.013157567482E-02  7.488124923139E-04 -1.128256818928E-06 -6.802191680853E-06 -2.184934102670E-06  6.516821119323E-02  1.128256838550E-06  3.626921694285E-04  1.932975243084E-20 -1.599624430622E-22 -3.631713065614E-20 -1.273496880688E-03
  3.960107127100E+02  4.010108734007E+02  1.471863817116E+01 -2.366210468304E-14  5.552457593522E-03  2.174724372248E+02  2.905860826424E-01  3.627503696086E-01 -1.812224771361E-01 -3.359575371166E-03  8.011847427540E-02  2.162439069730E+00 -1.048847018736E-02  6.679269952630E-03  3.809200234941E-03 -2.061166076407E-02 -1.372905551924E-04 -5.926614653657E-06 -5.067180981103E-06  3.958228899849E-06  6.576839829876E-02  5.926614678924E-06  2.274860945041E-03  2.821235318069E-20 -7.043416466902E-21 -2.199343439124E-20 -1.298350511214E-03
  4.060110340913E+02  4.111611996027E+02  1.476046493112E+01 -2.533222344276E-14  6.675295466278E-03  2.186769813085E+02  2.883409711361E-01  3.618790091175E-01 -1.776012702824E-01 -2.987600650099E-03  9.556347131478E-02  2.179282984779E+00 -1.080466600331E-02  8.165870698497E-03  2.638795304707E-03 -2.093239787569E-02 -8.623545537934E-05 -2.139541214364E-06 -3.980583270809E-06  5.322109817723E-06  6.613644952924E-02  2.139541185069E-06  1.882462100286E-03  3.078592322824E-21 -8.683240266985E-22 -4.775079286597E-20 -1.322046695856E-03
  4.163113651141E+02  4.216160355908E+02  1.480380366229E+01 -2.807633740660E-14  7.973060942979E-03  2.199290866986E+02  2.861150281527E-01  3.612239089516E-01 -1.741149220336E-01 -2.675301970835E-03  1.134308970625E-01  2.206635288002E+00 -1.103349345489E-02  9.679892148573E-03  1.353601306443E-03 -2.144131677149E-02 -3.656056397747E-04 -1.234346176627E-06 -2.143675868422E-06  2.376856200712E-06  6.655762353885E-02  1.234346162960E-06  2.414127345689E-03  2.055404321128E-20  1.499887285529E-20 -3.241398536501E-20 -1.362539147569E-03
  4.269207060675E+02  4.323845166585E+02  1.484875206900E+01 -2.961579130082E-14  9.879004526666E-03  2.212313170633E+02  2.837157750330E-01  3.603200244016E-01 -1.702941174448E-01 -2.198738480605E-03  1.413743495688E-01  2.234524893552E+00 -1.140675050121E-02  1.112711177761E-02  2.796387236387E-04 -2.209207516476E-02 -4.552475623008E-04  8.134561569120E-07 -1.107670795527E-06  3.156169050166E-06  6.659074976507E-02 -8.134561779301E-07  3.338208057074E-03  1.014733388786E-20  5.052893283762E-21 -3.799917848617E-20 -1.385755196300E-03
  4.378483272495E+02  4.434760521583E+02  1.489473979544E+01 -3.127467469027E-14  1.257113122605E-02  2.225673968853E+02  2.810567237254E-01  3.592361202047E-01 -1.666712650127E-01 -1.872004743219E-03  1.823301923151E-01  2.264292224417E+00 -1.177634546793E-02  1.268434875289E-02 -9.080032853559E-04 -2.230572771325E-02 -6.138391747348E-04  3.261548795343E-07 -1.559750269352E-06  7.820374666961E-06  6.711510916171E-02 -3.261548576419E-07  4.197932053600E-03  4.412214345849E-20 -1.697118422830E-20 -5.537674654161E-20 -1.416400164473E-03
  4.491037770670E+02  4.549003337230E+02  1.494312941623E+01 -3.374337773897E-14  1.581056569155E-02  2.239812911589E+02  2.777538138542E-01  3.589511502044E-01 -1.627712806967E-01 -1.284084952130E-03  2.294174523447E-01  2.295500550854E+00 -1.197171890110E-02  1.420300700431E-02 -2.231288103066E-03 -2.309932119303E-02 -7.111036348580E-04 -3.130150907681E-06 -1.735279046327E-06  1.122653018175E-05  6.751772541424E-02  3.130150868077E-06  4.089964606799E-03  1.015911925413E-20  8.715341993263E-21 -6.376455010969E-20 -1.451575985453E-03
  4.606968903790E+02  4.666673437347E+02  1.499254431956E+01 -3.475971355367E-14  1.850053847450E-02  2.254300711291E+02  2.737449679319E-01  3.565747483446E-01 -1.589296832773E-01 -1.018584636104E-03  2.710738109309E-01  2.336331373882E+00 -1.237952773188E-02  1.574500392431E-02 -3.365476192217E-03 -2.333892004766E-02 -4.352315813596E-04 -1.337558679520E-07 -6.802796677559E-07  1.708463518926E-05  6.659105193055E-02  1.337558626792E-07  3.135123566430E-03  2.769474164943E-20  4.026799074432E-21 -5.122792086149E-20 -1.460135384717E-03
  4.726377970904E+02  4.787873640468E+02  1.504250507961E+01 -3.283235792614E-14  2.048506578530E-02  2.268990006831E+02  2.693400037225E-01  3.521151586056E-01 -1.549427490640E-01 -4.523624268241E-04  3.016414688862E-01  2.371312366326E+00 -1.258994184414E-02  1.712057119699E-02 -4.530629352286E-03 -2.337465069091E-02 -2.257695829929E-04 -5.245805535100E-07  6.986069898640E-07  1.502170829506E-05  6.581895977466E-02  5.245805590383E-07  2.012946730537E-03  2.510315905376E-20 -3.585345922880E-22 -4.905630422572E-20 -1.466021703624E-03
  4.849369310031E+02  4.912709849682E+02  1.509376102596E+01 -2.772779291689E-14  2.157595840443E-02  2.284125035858E+02  2.648593871236E-01  3.452676351888E-01 -1.509885187246E-01 -2.742555109405E-05  3.182409278704E-01  2.400845254692E+00 -1.298015512103E-02  1.827449758927E-02 -5.294342468321E-03 -2.348959828366E-02 -1.599961365864E-06 -4.032731673440E-06  3.197080117636E-07  1.030995005802E-05  6.497975042308E-02  4.032731712905E-06  1.450285071707E-03  1.389300492659E-20  4.086044482833E-21 -6.775235225469E-20 -1.466892414172E-03
  4.976050389332E+02  5.041291145172E+02  1.514544346529E+01 -1.884124037163E-14  2.276150263760E-02  2.299452776768E+02  2.605423061523E-01  3.380301411785E-01 -1.467165410729E-01  3.995537096775E-04  3.360563377849E-01  2.422848920538E+00 -1.328100685657E-02  1.931174857466E-02 -6.030741718272E-03 -2.336569896132E-02 -3.558403129383E-04 -8.887152601446E-07 -8.471839693978E-07  1.113107524482E-05  6.265326980686E-02  8.887152781018E-07 -5.494723195896E-04  3.775576462458E-21  1.588345095140E-20 -4.015846683340E-20 -1.447052080940E-03
  5.106531901012E+02  5.173729879527E+02  1.519597914083E+01 -1.194136768996E-14  2.066196970610E-02  2.314516343424E+02  2.560698821264E-01  3.297936415899E-01 -1.426647019490E-01  8.152235630239E-04  3.048863278414E-01  2.453563757004E+00 -1.353893595961E-02  2.035710201232E-02 -6.818166052717E-03 -2.300948635605E-02  4.881820141031E-04  2.457634642383E-06 -2.321224298629E-06  9.684415862407E-06  6.065480057610E-02 -2.457634607343E-06 -2.438633102474E-04  3.742745492687E-20  2.996687679288E-21 -5.161640823984E-20 -1.439588045189E-03
  5.240927858042E+02  5.310141775913E+02  1.524735480388E+01 -9.727912016142E-15  2.234338942939E-02  2.329865775233E+02  2.510823506756E-01  3.200308362650E-01 -1.382324939424E-01  1.116942516757E-03  3.327139498492E-01  2.475342856635E+00 -1.384423641031E-02  2.117872846502E-02 -7.334492054851E-03 -2.286205283929E-02 -3.652249047932E-04  3.999320952744E-06 -4.877836131884E-06  1.346154144583E-05  5.833275161728E-02 -3.999320938024E-06  2.127780248493E-03  6.013144723166E-21  1.310153045538E-20 -4.769625156483E-20 -1.393955592575E-03
  5.379355693784E+02  5.450646029190E+02  1.529692459282E+01 -7.901136179784E-15  2.433231265528E-02  2.344761244670E+02  2.453071876375E-01  3.093260989313E-01 -1.339862250213E-01  1.482771752062E-03  3.649521898088E-01  2.500762718669E+00 -1.409884821326E-02  2.185179968346E-02 -7.752951469642E-03 -2.158565103986E-02 -4.715764971651E-04  1.078476468325E-05 -6.527330409769E-06  1.146557755156E-05  5.422089976557E-02 -1.078476466595E-05  8.311888292230E-04  1.893085839853E-20  1.632193948605E-20 -4.482530127898E-20 -1.307164131678E-03
  5.521936364597E+02  5.595365410066E+02  1.534399650492E+01 -4.583024534241E-15  2.380855831907E-02  2.358957179548E+02  2.390879100806E-01  2.978695409111E-01 -1.294580417552E-01  1.667078454535E-03  3.598154149464E-01  2.517665442329E+00 -1.404819304389E-02  2.238184999434E-02 -8.333656950741E-03 -2.021734477996E-02  5.931552615785E-04 -2.897929401416E-07 -5.673556249519E-06  1.785496484572E-06  4.976015645286E-02  2.897929438732E-07 -1.000763297986E-03  1.483978435157E-20  1.385886552418E-20 -3.483130648219E-20 -1.216364166687E-03
  5.668794455535E+02  5.743794455535E+02  1.538826677846E+01 -1.215066567327E-15  2.250810206546E-02  2.372371648469E+02  2.332420571831E-01  2.850089358434E-01 -1.248107562587E-01  2.105177676299E-03  3.414322736808E-01  2.528131983342E+00 -1.433047862870E-02  2.301332285939E-02 -8.682844230970E-03 -1.873808607891E-02  8.675056448198E-04 -2.123973038166E-06 -3.653898734170E-06 -4.784411566157E-06  4.659703909402E-02  2.123973068218E-06 -2.951041625899E-03  1.733243196525E-20  1.894520564630E-21 -4.651688928302E-20 -1.146322213277E-03
  5.818794455535E+02  5.893794455535E+02  1.543135407442E+01  4.973989608502E-16  1.829537984118E-02  2.385502435000E+02  2.286094258847E-01  2.743091288607E-01 -1.203516877733E-01  2.458643485664E-03  2.784773515725E-01  2.486885531781E+00 -1.370827340789E-02  2.212944460355E-02 -8.421171195275E-03 -1.777381583291E-02  1.837563530194E-03 -1.390804758945E-06 -2.469745030951E-06  2.924735036175E-06  4.392893067095E-02  1.390804762710E-06 -5.152343684976E-03  1.142704237042E-20  1.128496461001E-20 -4.836107065942E-20 -1.062753119085E-03
  5.968794455535E+02  6.043794455535E+02  1.547062263508E+01  8.297042162116E-16  1.285192291773E-02  2.397488169959E+02  2.246947034716E-01  2.648336395907E-01 -1.160299315634E-01  2.677513918627E-03  1.950747724886E-01  2.440593072577E+00 -1.329181938800E-02  2.142070027441E-02 -8.128880886310E-03 -1.616519896654E-02  1.887542651861E-03 -1.963354078172E-06 -1.478164421403E-06  7.471292459873E-06  4.031584056580E-02  1.963354094027E-06 -6.147932342666E-03  4.320083347854E-21  7.790515650392E-21 -2.536044606919E-20 -9.752269381733E-04
  6.118794455535E+02  6.193794455535E+02  1.550695571184E+01  2.259120408105E-15  6.756248187044E-03  2.408617625529E+02  2.208416690111E-01  2.556995701105E-01 -1.116704962946E-01  3.024582568118E-03  1.020672551740E-01  2.394054255904E+00 -1.280994623324E-02  2.041665297974E-02 -7.606706746523E-03 -1.509653148065E-02  1.791441129407E-03 -5.933128227185E-06 -2.475437785850E-06  6.169302922183E-06  3.841437250641E-02  5.933128218273E-06 -6.793298836705E-03  8.364971266242E-21  6.873572433926E-21 -4.420247465554E-20 -9.177322141695E-04
  6.268794455535E+02  6.343794455535E+02  1.554264712188E+01  3.672932473211E-15  8.030002326352E-05  2.419574803449E+02  2.169309809175E-01  2.458481422465E-01 -1.075206788922E-01  3.236539051629E-03  1.808039893252E-03  2.359259100309E+00 -1.259105235179E-02  1.984760918760E-02 -7.256556835936E-03 -1.422379096365E-02  2.136820898935E-03 -3.331132804052E-06 -4.298165908763E-06  9.986595286502E-06  3.647514002559E-02  3.331132797434E-06 -7.855273258521E-03 -7.594343226065E-21  2.521755146834E-20 -4.474535008040E-20 -8.613262976702E-04
  6.418794455535E+02  6.493794455535E+02  1.557534440522E+01  3.249993517941E-15 -7.968064335290E-03  2.429655135370E+02  2.123547992597E-01  2.353744433427E-01 -1.032663169287E-01  3.546916942834E-03 -1.197330727915E-01  2.322831313678E+00 -1.227470258384E-02  1.929547725705E-02 -7.020774673338E-03 -1.333130392845E-02  2.043499929946E-03  1.313276389628E-06 -4.726320172788E-06  1.112981533206E-05  3.458123749255E-02 -1.313276401812E-06 -7.310685561020E-03  7.242593819898E-21  1.517667784925E-20 -3.354507242666E-20 -8.100716242220E-04
  6.568794455535E+02  6.643794455535E+02  1.560750434297E+01  3.256363783945E-15 -1.359564990548E-02  2.439587854207E+02  2.072714928900E-01  2.267397418476E-01 -9.893594906188E-02  3.361245543944E-03 -2.045992195688E-01  2.289067987078E+00 -1.197857415746E-02  1.885041086511E-02 -6.871836707610E-03 -1.257740813269E-02  1.627411612814E-03  2.314703416745E-06 -4.722784739528E-06  1.120497540761E-05  3.335931572065E-02 -2.314703406242E-06 -6.947297368446E-03  1.559760750690E-20  6.913583761627E-21 -4.527149860881E-20 -7.545660010065E-04
  6.718794455535E+02  6.793794455535E+02  1.563790400632E+01  4.673992349119E-15 -2.098126386463E-02  2.449002479900E+02  2.020316137799E-01  2.197475561680E-01 -9.476629448460E-02  3.389328422888E-03 -3.165911305062E-01  2.249873722166E+00 -1.148407040418E-02  1.811873913368E-02 -6.634668729458E-03 -1.171425638292E-02  1.771605258980E-03  3.734285809153E-06 -3.955992210666E-06  1.055131386859E-05  3.227071080741E-02 -3.734285805530E-06 -6.053684271822E-03  5.910668607634E-21  5.937678213175E-21 -3.748056502067E-20 -7.241671090526E-04
  6.868794455535E+02  6.943794455535E+02  1.566799567806E+01  5.043642374588E-15 -2.492779559129E-02  2.458338444433E+02  1.964449472650E-01  2.129180800591E-01 -9.054003289915E-02  3.179908045754E-03 -3.729000093331E-01  2.195605210368E+00 -1.141155209517E-02  1.752165210220E-02 -6.110100006878E-03 -1.119101997996E-02  1.026840142457E-03  3.527915913607E-06 -3.962256301996E-06  9.017537621069E-06  2.998852020881E-02 -3.527915915292E-06 -4.257261908275E-03 -1.189912984546E-20  1.612020595672E-20 -3.297091609247E-20 -6.495722392432E-04
  7.018794455535E+02  7.093794455535E+02  1.569408164935E+01  3.027344741355E-15 -2.895410051971E-02  2.466436239365E+02  1.901597067090E-01  2.065336959919E-01 -8.622865921110E-02  2.972018895739E-03 -4.337305656077E-01  2.154563326876E+00 -1.090465335533E-02  1.703727783607E-02 -6.132624480878E-03 -9.816128938318E-03  1.017561814606E-03  2.133207590288E-06 -3.254718025592E-06  9.322165169305E-06  2.772348131461E-02 -2.133207619563E-06 -3.896262564590E-03 -5.234918092952E-21  1.875584415796E-21 -1.962003423560E-20 -6.077654304984E-04
  7.168794455535E+02  7.243794455535E+02  1.571996402333E+01  2.036612437759E-15 -3.223120616653E-02  2.474438031968E+02  1.829340893510E-01  2.018498256782E-01 -8.200844973711E-02  2.557331568662E-03 -4.820945458508E-01  2.126507785984E+00 -1.061410508006E-02  1.660869188214E-02 -5.994586801889E-03 -9.598751111119E-03  8.936469941068E-04  2.438933981723E-07 -1.429825256002E-06  9.649728463278E-06  2.562230072897E-02 -2.438933944117E-07 -3.365286904851E-03 -2.876307257184E-21  1.200818643229E-21 -4.349823190825E-20 -5.707053620763E-04
  7.318794455535E+02  7.393794455535E+02  1.574215542199E+01  2.251511535986E-15 -3.523878098907E-02  2.481278275833E+02  1.749467533021E-01  2.002813901896E-01 -7.769381796035E-02  2.243827605452E-03 -5.290472257334E-01  2.089366883947E+00 -1.043906290561E-02  1.639153254717E-02 -5.952469641654E-03 -8.611469367001E-03  8.086318081203E-04 -5.355362745611E-07 -1.268672076005E-06  1.035295722199E-05  2.295244480723E-02  5.355362745584E-07 -3.052097042845E-03 -7.688949910580E-21  4.954273863326E-21 -2.598339806264E-20 -5.228409696191E-04
  7.468794455535E+02  7.543794455535E+02  1.576302313384E+01  2.746047168591E-15 -3.791538507857E-02  2.487699977034E+02  1.665561703141E-01  1.991169071860E-01 -7.336218387278E-02  1.758893594240E-03 -5.711063482794E-01  2.050956574593E+00 -1.022935570194E-02  1.601354548149E-02 -5.784189779364E-03 -8.204574056970E-03  4.794887868808E-04 -2.126257787060E-06 -4.098083665340E-06  4.216551291817E-06  2.256629144773E-02  2.126257796598E-06 -2.858109406089E-03 -1.803384014054E-20  1.056297264319E-20 -2.321896373691E-20 -5.058383121107E-04
  7.618794455535E+02  7.693794455535E+02  1.578447783818E+01  3.854758417847E-15 -4.058602800020E-02  2.494309421649E+02  1.581468516181E-01  1.954736354840E-01 -6.907084729440E-02  1.202807979107E-03 -6.125994651757E-01  2.012114376840E+00 -9.877421910938E-03  1.553996919222E-02 -5.662547281405E-03 -7.966699649223E-03  5.791818018453E-04  1.858282801571E-06 -6.860223780061E-06  5.722408081110E-06  2.228771485116E-02 -1.858282812660E-06 -3.665574415016E-03  3.931711449978E-21  7.141781961191E-21 -2.367537141864E-20 -4.941432885950E-04
  7.768794455535E+02  7.843794455535E+02  1.580480637071E+01  4.524554676596E-15 -4.481346261389E-02  2.500547157757E+02  1.499532134091E-01  1.914426943785E-01 -6.476335502823E-02  6.790586314285E-04 -6.810908196639E-01  1.992485379471E+00 -9.715187291731E-03  1.531583553012E-02 -5.600648238387E-03 -7.737990598376E-03  9.035187446214E-04  3.739571724007E-06 -7.241998354515E-06  1.010290609874E-05  1.987829490338E-02 -3.739571726515E-06 -4.634260681000E-03  3.747761221485E-21 -5.445555139623E-21 -1.464712133261E-20 -4.643536701987E-04
  7.918794455535E+02  7.993794455535E+02  1.582174167117E+01  5.525657694715E-15 -4.928341678811E-02  2.505738222820E+02  1.418140046122E-01  1.867980626956E-01 -6.032775873554E-02 -4.152734923070E-06 -7.554783308014E-01  1.950953121602E+00 -9.510935525573E-03  1.492018580286E-02 -5.409250277052E-03 -7.137800220446E-03  1.063006731878E-03  8.770593404825E-07 -6.196433538431E-06  6.831983552812E-06  1.901799538012E-02 -8.770593110717E-07 -5.337793502199E-03 -2.248888425786E-21  1.388632368176E-20 -2.444056222177E-20 -4.470220231355E-04
  8.068794455535E+02  8.143794455535E+02  1.584047502452E+01  6.691180993249E-15 -5.480811820493E-02  2.511511917173E+02  1.338315357070E-01  1.826714131565E-01 -5.603935310989E-02 -5.611906299687E-04 -8.460717295198E-01  1.910596452108E+00 -9.312135733389E-03  1.427919534267E-02 -4.967059609147E-03 -7.101715551827E-03  1.028392736916E-03 -3.718567643867E-06 -5.318623772754E-06  3.892827578580E-06  1.770265653183E-02  3.718567645150E-06 -4.987244565729E-03 -1.221585776645E-21  6.783879258306E-21 -2.106893885146E-20 -4.171172729035E-04
  8.218794455535E+02  8.293794455535E+02  1.585493639540E+01  6.298049646906E-15 -5.863751270543E-02  2.515954360858E+02  1.258005571525E-01  1.777047949353E-01 -5.150354967309E-02 -1.148027226675E-03 -9.107438274884E-01  1.879704821831E+00 -9.095039735875E-03  1.369662350621E-02 -4.601583770514E-03 -6.227629630244E-03  5.807081350489E-04 -3.262743989895E-06 -5.358068077261E-06 -1.166179947136E-06  1.592705282539E-02  3.262743993012E-06 -4.307032119779E-03 -4.973323035044E-21 -2.462280261667E-21 -2.932611933063E-20 -3.848940039920E-04
  8.368794455535E+02  8.443794455535E+02  1.587032685670E+01  6.798014661318E-15 -6.289244026301E-02  2.520680932326E+02  1.177519638996E-01  1.736051792739E-01 -4.711082820560E-02 -1.683444255505E-03 -9.810571504824E-01  1.854798849002E+00 -8.827956443594E-03  1.331607794962E-02 -4.488121506086E-03 -6.101279178149E-03  3.860757701433E-04 -4.252839984314E-06 -5.870382811060E-06 -1.671897523359E-06  1.557851571026E-02  4.252839982702E-06 -3.190471911941E-03 -1.204423440361E-20  2.980887061763E-21 -1.813171855842E-20 -3.661710304194E-04
  8.518794455535E+02  8.593794455535E+02  1.588413733625E+01  9.332919745191E-15 -6.461696460865E-02  2.524926217228E+02  1.095915843095E-01  1.718034204492E-01 -4.253791431544E-02 -2.000173132335E-03 -1.011562289034E+00  1.818129766673E+00 -8.414580505874E-03  1.275597170159E-02 -4.341391195762E-03 -5.650550925049E-03  1.841198301601E-04 -4.035336003639E-06 -6.332467828938E-06 -1.056588857141E-06  1.468095066477E-02  4.035336011318E-06 -1.922399374916E-03 -1.101060196396E-21  5.594463253723E-21 -2.879541761788E-20 -3.451909019876E-04
  8.668794455535E+02  8.743794455535E+02  1.589783680314E+01  1.104742125145E-14 -6.648355480286E-02  2.529151378689E+02  1.011827019172E-01  1.684766332977E-01 -3.795723894274E-02 -2.362027485701E-03 -1.043704094010E+00  1.776871536568E+00 -8.018839822413E-03  1.232127206332E-02 -4.302432240945E-03 -5.346129867518E-03  1.420716556464E-04 -2.754188925049E-06 -5.526069329657E-06 -2.771342937627E-06  1.403074529468E-02  2.754188893097E-06 -1.611890171820E-03 -4.684150379249E-21 -6.612752065354E-21 -2.710235111847E-20 -3.224084323765E-04
  8.818794455535E+02  8.893794455535E+02  1.591044135401E+01  1.054895802871E-14 -6.762659909334E-02  2.533036398636E+02  9.241111353675E-02  1.664131027744E-01 -3.356361111764E-02 -2.417260028389E-03 -1.064971794733E+00  1.743134722500E+00 -7.830176961833E-03  1.213823236998E-02 -4.308055408058E-03 -4.980031531382E-03 -1.578525924345E-04 -6.402976837518E-07 -3.937259260112E-06 -2.877787436920E-06  1.169493228387E-02  6.402976867085E-07 -1.109693232019E-03  2.630202512445E-21 -7.752481818069E-22 -2.721355863841E-20 -2.852150809271E-04
  8.968794455535E+02  9.043794455535E+02  1.591978855905E+01  8.881696015225E-15 -6.855688485817E-02  2.535903456088E+02  8.305000951140E-02  1.665737329628E-01 -2.902892403411E-02 -2.437091696825E-03 -1.081600240557E+00  1.713211309662E+00 -7.491507600636E-03  1.172411152062E-02 -4.232603920084E-03 -4.025131192114E-03 -3.256908843390E-04  1.832980105690E-06 -2.467931715966E-06  8.987721622146E-07  9.645987115691E-03 -1.832980132859E-06 -6.031068952284E-05 -3.377121081332E-22  7.243666145555E-21 -1.170675366283E-20 -2.332061466879E-04
  9.118794455535E+02  9.193794455535E+02  1.592854678109E+01  7.619631560545E-15 -6.773798707933E-02  2.538592921362E+02  7.334443814442E-02  1.666338518678E-01 -2.456606183451E-02 -2.229424422679E-03 -1.068827088703E+00  1.679860363473E+00 -7.153463455237E-03  1.118730181914E-02 -4.033838364195E-03 -3.492548587658E-03 -5.292521636488E-04  2.041508861374E-06 -1.464481646596E-06  2.670640787338E-06  9.872187401555E-03 -2.041508862608E-06 -9.609727996841E-04 -5.106581209321E-21  2.520491364155E-21 -3.138868550157E-20 -2.077533471874E-04
  9.268794455535E+02  9.343794455535E+02  1.593830392518E+01  7.721918400929E-15 -7.036519080273E-02  2.541624699395E+02  6.330019286713E-02  1.689042520339E-01 -1.996660130245E-02 -2.061139626759E-03 -1.111673374899E+00  1.649046318257E+00 -6.796957824273E-03  1.065192271161E-02 -3.854964887270E-03 -3.288073823504E-03  5.597731715638E-05  7.159532020379E-07 -1.334876098633E-06  6.800930002902E-07  1.190674290250E-02 -7.159531966616E-07 -1.598015221339E-03 -1.564058546842E-20  6.450813419244E-21 -1.823543734820E-20 -2.137368575365E-04
  9.418794455535E+02  9.493794455535E+02  1.595087141374E+01  7.329176495489E-15 -7.073878458215E-02  2.545596215256E+02  5.241916560566E-02  1.701688713533E-01 -1.551823056074E-02 -1.655992559027E-03 -1.120453835982E+00  1.634025796808E+00 -6.555838828721E-03  1.040277842403E-02 -3.846939595430E-03 -3.655046647647E-03 -1.780452866543E-04  1.261550584633E-06 -1.518497028854E-06 -7.281698104408E-07  1.691376687901E-02 -1.261550575281E-06  1.571843777034E-03 -4.290603484808E-21 -3.703342307871E-21 -1.242747029139E-20 -2.571991949197E-04
  9.568794455535E+02  9.643794455535E+02  1.597000917720E+01  5.135006699141E-15 -6.740930943185E-02  2.551688062083E+02  4.002672704193E-02  1.738389412346E-01 -1.091184288868E-02 -1.314985303343E-03 -1.070707553040E+00  1.661778490414E+00 -6.506713749536E-03  1.026997618564E-02 -3.763262436188E-03 -4.520140777718E-03 -7.027933352644E-04  1.344811927804E-06 -9.621685574178E-07 -3.191192977440E-07  2.159090089677E-02 -1.344811947505E-06  6.002766287456E-03 -1.468993248610E-22 -3.195325160763E-21 -1.199301969138E-20 -3.051648080789E-04
  9.718794455535E+02  9.793794455535E+02  1.599134524865E+01  2.314895642751E-15 -5.947676918697E-02  2.558572867273E+02  2.457555942731E-02  1.822437206365E-01 -6.365566212586E-03 -6.654955449208E-04 -9.465237214590E-01  1.816077882919E+00 -7.095188149314E-03  1.171759897824E-02 -4.622410829005E-03 -5.541984989971E-03 -1.577191933964E-03 -3.181905600604E-07  1.555247135179E-07  1.471338085827E-06  3.046139109493E-02  3.181905585561E-07  9.394168598366E-03 -5.894538106973E-21  3.245829701104E-21 -6.312872705581E-21 -4.605388966772E-04
  9.868794455535E+02  9.943794455535E+02  1.602712025592E+01  4.298329168994E-16 -4.979522030855E-02  2.570253967228E+02  5.031844659229E-03  2.129203919040E-01 -1.769282542824E-03 -3.008926310863E-04 -7.927102662715E-01  1.839845413393E+00 -8.260944795500E-03  1.310155255912E-02 -4.840607763301E-03 -8.285739984382E-03 -1.355157172467E-03 -3.028653320641E-06  5.081364849339E-07 -2.443703215229E-06  1.907929162916E-02  3.028653311366E-06  5.162860953536E-03  7.994311853349E-22  2.057493415432E-21  8.664100512475E-21 -2.473923874471E-04
