                   y                  ym                   U                   V                   W                 U^2                 V^2                 W^2                  UV                  VW                  UW                VISC               SFSxx               SFSyy               SFSzz               SFSxy               SFSyz                dUdX                dVdX                dWdX                dUdY                dVdY                dWdY                dUdZ                dVdZ                dWdZ              SFSxym
 -4.000000000000E+00 -2.000000000000E+00  0.000000000000E+00  0.000000000000E+00  0.000000000000E+00  0.000000000000E+00  0.000000000000E+00  0.000000000000E+00  0.000000000000E+00  0.000000000000E+00  0.000000000000E+00  0.000000000000E+00  0.000000000000E+00  0.000000000000E+00  0.000000000000E+00  0.000000000000E+00  0.000000000000E+00  0.000000000000E+00  0.000000000000E+00  0.000000000000E+00  0.000000000000E+00  0.000000000000E+00  0.000000000000E+00  0.000000000000E+00  0.000000000000E+00  0.000000000000E+00  0.000000000000E+00
  2.220446049250E-16  2.000000000000E+00  1.189034246976E+01 -4.774030960772E-15 -2.312951039644E-02  1.435206899172E+02  3.985367157804E-02  5.378072017270E-01 -1.159909039650E-01 -4.246033743177E-04 -2.687427460259E-01  5.949748918705E-01 -4.943453362974E-04  2.398205560468E-03 -1.903860224051E-03 -3.591325360571E+00  6.650882318137E-03 -4.047447405330E-04 -3.417100974102E-05 -6.204347991787E-06  4.963444410393E+01  4.047447404291E-04 -9.328359139647E-02  2.419964922868E-20 -4.775003959625E-22 -4.018751314454E-20 -4.459894473454E-03
  4.000000000000E+00  6.000000000000E+00  1.292694320508E+01 -1.263245385756E-14 -2.355367900617E-02  1.689152638052E+02  1.588104961492E-01  4.800205064087E-01 -2.123597955764E-01 -5.119100520596E-04 -2.949973715596E-01  4.418745046056E+00  1.188933211508E-01 -1.617512550313E-01  4.285793387768E-02 -5.877717511634E-01 -6.483865843775E-02  9.772437874154E-05 -5.161587842639E-05 -1.946602813624E-08  2.810000223748E+00 -9.772437886488E-05  3.217598451284E-03  8.918149197180E-20  1.348302856589E-20 -7.098061378837E-21 -4.438215763916E-02
  8.000000000000E+00  1.000000000000E+01  1.329524700759E+01 -1.685100333106E-14 -2.153337631059E-02  1.783165572645E+02  1.864309229213E-01  4.356993038312E-01 -2.087855892830E-01 -4.581443588670E-04 -2.752450068725E-01  4.637970408633E+00  7.779480898981E-02 -2.099886785945E-01  1.321938696034E-01 -3.922120217631E-01 -4.455716971500E-03  9.359135201746E-05 -2.656112660578E-05 -7.590800578879E-06  1.414388498343E+00 -9.359135208387E-05  1.023996189178E-02  3.890323063564E-20 -3.805299039717E-21  3.050818424021E-20 -2.369529831252E-02
  1.200000000000E+01  1.400000000000E+01  1.363414008544E+01 -1.777937376678E-14 -1.836624152519E-02  1.873945043038E+02  2.000938176094E-01  4.243556519574E-01 -2.215484871416E-01 -3.253922028417E-04 -2.361454480420E-01  4.563971048500E+00  7.288825998040E-02 -1.946712495771E-01  1.217829895961E-01 -3.634046679297E-01  1.881996665913E-03  5.529290450472E-05 -1.419836224625E-05  4.159942182448E-09  1.175461973021E+00 -5.529290471696E-05  1.494588006479E-02  4.033812282254E-20  7.086031770060E-21  6.723121255751E-20 -2.004903203327E-02
  1.600000000000E+01  1.800000000000E+01  1.388297733830E+01 -1.481905030635E-14 -1.401463563165E-02  1.941796022400E+02  2.112521953401E-01  4.149349566818E-01 -2.208458400951E-01 -3.126964119044E-04 -1.773575785964E-01  4.305044182755E+00  6.048196372898E-02 -1.724228037269E-01  1.119408400002E-01 -2.720152583460E-01  5.273451949373E-05  2.993168962507E-05 -6.785752499596E-06 -5.053730216577E-06  9.370712801944E-01 -2.993168953834E-05  1.733063834962E-02  5.699884857442E-21  3.933855630993E-21  7.318507722065E-20 -1.583731447579E-02
  2.000000000000E+01  2.200000000000E+01  1.410271112240E+01 -9.337810707681E-15 -9.695798403094E-03  2.002981188327E+02  2.208869316268E-01  4.102073906697E-01 -2.246387523235E-01 -3.113626367936E-04 -1.167544326815E-01  4.123999591516E+00  5.364052703348E-02 -1.563098341533E-01  1.026693071211E-01 -2.374270272880E-01 -1.539990052356E-03  2.845067253623E-05 -2.370509620914E-06 -3.994931673429E-06  8.021509695936E-01 -2.845067282413E-05  1.614293408567E-02  1.544766780750E-20  3.659421414372E-21  1.301643426480E-19 -1.356580534026E-02
  2.400000000000E+01  2.600000000000E+01  1.428411466067E+01 -3.977740482194E-15 -5.974468734801E-03  2.054180974058E+02  2.290831736722E-01  4.062489760592E-01 -2.246148351920E-01 -3.352978984122E-04 -6.303364274751E-02  3.936535147290E+00  4.681076843851E-02 -1.424177786846E-01  9.560701024832E-02 -1.967284014561E-01 -1.465102537566E-03  6.783682954321E-06 -1.406367222391E-06  3.057975672502E-06  6.883061880776E-01 -6.783682815867E-06  1.347559091644E-02 -2.310484336697E-20 -9.069466207295E-21  1.001939890739E-19 -1.156083879934E-02
  2.800000000000E+01  3.000000000000E+01  1.444688209194E+01  2.394750594296E-15 -2.986409902645E-03  2.100755933337E+02  2.358083363108E-01  4.032943978277E-01 -2.257975245085E-01 -3.764695298214E-04 -1.930825971527E-02  3.787431822922E+00  4.194917051051E-02 -1.317706516762E-01  8.982148116563E-02 -1.742220284101E-01 -1.695632790329E-03  1.439687098573E-05 -7.935399352610E-07  4.190346541265E-06  6.101797781318E-01 -1.439687098607E-05  1.094584239579E-02 -3.797489142735E-21  1.434460272892E-20  9.586127985505E-20 -1.019949889511E-02
  3.200000000000E+01  3.400000000000E+01  1.458919720291E+01  1.016071088667E-14 -4.966773849250E-04  2.141905484872E+02  2.411249173410E-01  4.004386955925E-01 -2.256718338684E-01 -3.843341711297E-04  1.743460610908E-02  3.648985091129E+00  3.763071215615E-02 -1.225913743493E-01  8.496066219282E-02 -1.521539671592E-01 -1.450058503431E-03  9.043189515380E-06  8.984743978474E-07  4.227857593643E-06  5.449702663878E-01 -9.043189348338E-06  9.817068979302E-03 -2.936856259214E-21  1.480699768103E-20  1.222520820479E-19 -9.046375146737E-03
  3.600000000000E+01  3.800000000000E+01  1.471937151661E+01  1.504451431439E-14  1.939527181895E-03  2.179923860855E+02  2.452611398750E-01  3.972885571376E-01 -2.259042593337E-01 -4.396848603235E-04  5.416960097680E-02  3.530836087680E+00  3.414231477132E-02 -1.148125444233E-01  8.067022965177E-02 -1.379011729851E-01 -1.510656105306E-03  1.305457708707E-05  2.521402430147E-06  3.981812606895E-06  4.989440640050E-01 -1.305457721923E-05  8.998130462971E-03 -1.406619922239E-20  1.001983758926E-20  1.375997933759E-19 -8.236922717394E-03
  4.000000000000E+01  4.200000000000E+01  1.483866104135E+01  1.633059410356E-14  4.009527754267E-03  2.215064814783E+02  2.484554970242E-01  3.937376480453E-01 -2.254978959489E-01 -4.663077346383E-04  8.531867109877E-02  3.425376069241E+00  3.146982261691E-02 -1.083251708676E-01  7.685534824988E-02 -1.257664071195E-01 -1.416382807254E-03  1.179640650901E-05  3.322089100195E-06 -3.136905681062E-09  4.600447519758E-01 -1.179640650747E-05  7.987429834792E-03 -4.270650593011E-20  6.858052872063E-22  9.963856492267E-20 -7.548065876497E-03
  4.400000000000E+01  4.600000000000E+01  1.494936376002E+01  1.580086090904E-14  5.906881422438E-03  2.247940768827E+02  2.509163966511E-01  3.905949239650E-01 -2.252693848828E-01 -5.632639154451E-04  1.137477282199E-01  3.332109049481E+00  2.923716076939E-02 -1.025893609594E-01  7.335220018926E-02 -1.159918562619E-01 -1.307533494972E-03  9.132164535569E-06  3.889930129465E-06 -2.928539840771E-06  4.280270879506E-01 -9.132164660745E-06  6.606534064770E-03 -4.171244113779E-20 -3.347793475057E-21  1.119462347233E-19 -6.978937876441E-03
  4.800000000000E+01  5.000000000000E+01  1.505264300572E+01  1.855658143783E-14  7.266967063901E-03  2.278840110571E+02  2.527351412844E-01  3.878159301963E-01 -2.248153613667E-01 -6.362331153785E-04  1.346288472146E-01  3.244884816067E+00  2.700203560353E-02 -9.752488120496E-02  7.052284560163E-02 -1.074899947174E-01 -1.109705941466E-03 -3.012818405021E-06  4.408012267851E-06 -2.099162747182E-06  3.997267980882E-01  3.012818442860E-06  4.727791462852E-03 -3.260911726396E-20 -9.270881677987E-22  9.040890544852E-20 -6.467554874160E-03
  5.200000000000E+01  5.400000000000E+01  1.514921652226E+01  2.815144077775E-14  8.258185812692E-03  2.307922319261E+02  2.540470115011E-01  3.850607485756E-01 -2.244331896116E-01 -7.118323770808E-04  1.499563453573E-01  3.162682071140E+00  2.495271775627E-02 -9.304209464792E-02  6.808937689242E-02 -9.958244237303E-02 -1.008221777694E-03  8.030234503964E-06  4.152039315042E-06 -6.114306401825E-06  3.743824358509E-01 -8.030234453503E-06  3.218933259647E-03 -3.786177036332E-20  6.356503440902E-22  1.018956579716E-19 -6.002005091593E-03
  5.600000000000E+01  5.800000000000E+01  1.523983735380E+01  3.716102060762E-14  8.899383673243E-03  2.335390368723E+02  2.550064070200E-01  3.823507855598E-01 -2.238915195961E-01 -8.032342149287E-04  1.597268589573E-01  3.086598568990E+00  2.328274015771E-02 -8.875774338554E-02  6.547500322733E-02 -9.264372486246E-02 -8.769379588399E-04  1.007850169466E-05  2.938185783683E-06 -8.314566171155E-06  3.529381774272E-01 -1.007850173691E-05  2.936422176612E-03 -5.563260810652E-20  1.922651130490E-20  7.323414098825E-20 -5.611381517314E-03
  6.000000000000E+01  6.200000000000E+01  1.532567090873E+01  4.521380752437E-14  9.752643944040E-03  2.361550080012E+02  2.557025238680E-01  3.804862922274E-01 -2.234079364409E-01 -8.860950016049E-04  1.725828348600E-01  3.015109647723E+00  2.179050454646E-02 -8.491260704717E-02  6.312210250209E-02 -8.687249363898E-02 -9.874180117262E-04 -6.687951969606E-07  1.717791190638E-06  5.625352961581E-07  3.329971306773E-01  6.687953312200E-07  3.519984978469E-03 -2.131162312694E-20 -1.664090071944E-20  8.951029790389E-20 -5.249137616484E-03
  6.400000000000E+01  6.600000000000E+01  1.540632738009E+01  5.357558850048E-14  1.069043432111E-02  2.386271852356E+02  2.561939411248E-01  3.782366524085E-01 -2.228214883033E-01 -1.005735962124E-03  1.863769827667E-01  2.947052291824E+00  2.046203068782E-02 -8.159194288815E-02  6.112991220168E-02 -8.109354735542E-02 -9.123019804861E-04 -8.053503791615E-07  3.555455176957E-07  6.873279834512E-06  3.142670909717E-01  8.053500222284E-07  2.554981151283E-03 -4.079126252851E-20 -7.185393813448E-21  1.140810395994E-19 -4.917552390039E-03
  6.800000000000E+01  7.000000000000E+01  1.548281598549E+01  6.342302912600E-14  1.106264676995E-02  2.409824469813E+02  2.564962950791E-01  3.759967713320E-01 -2.222115911401E-01 -1.094661869545E-03  1.922795900741E-01  2.884367936960E+00  1.910821071853E-02 -7.852353309430E-02  5.941532237530E-02 -7.628332236180E-02 -5.243592271122E-04 -1.783215454755E-06 -1.605473886356E-06  5.702060023976E-06  2.985004194547E-01  1.783215953621E-06  1.609384231946E-03 -3.259792388940E-20  4.696280198975E-21  8.517391320383E-20 -4.619783046325E-03
  7.200000000000E+01  7.400000000000E+01  1.555557933897E+01  7.102908922199E-14  1.150610798383E-02  2.432334112193E+02  2.566139013993E-01  3.743153366193E-01 -2.216013737143E-01 -1.195700172394E-03  1.992146194818E-01  2.828079104294E+00  1.811552047156E-02 -7.592944378690E-02  5.781392331474E-02 -7.165608681553E-02 -5.368552462987E-04  5.813926442595E-07 -3.493178283057E-06  6.676681489430E-06  2.835824043560E-01 -5.813927712127E-07  2.852788103494E-03 -4.026215813437E-20  1.613574006185E-20  7.552945582543E-20 -4.345698457246E-03
  7.600000000000E+01  7.800000000000E+01  1.562460283534E+01  7.414305917808E-14  1.248924634599E-02  2.453769629662E+02  2.566244678377E-01  3.729365741449E-01 -2.208989000220E-01 -1.274412948996E-03  2.145240664620E-01  2.776026080133E+00  1.710774747911E-02 -7.327637520031E-02  5.616862772135E-02 -6.755211251548E-02 -8.056328445191E-04  3.846965303785E-06 -4.796699512213E-06  8.175262880251E-06  2.708139617295E-01 -3.846965164193E-06  4.556276609607E-03 -4.286561514887E-20  9.062011936347E-21  8.575054675531E-20 -4.129231248768E-03
  8.000000000000E+01  8.200000000000E+01  1.569097631185E+01  7.499049236309E-14  1.379243127938E-02  2.474469392087E+02  2.566118947488E-01  3.718689009958E-01 -2.201918230431E-01 -1.377113969459E-03  2.349409039946E-01  2.726752724857E+00  1.615325913636E-02 -7.067206610935E-02  5.451880697321E-02 -6.458729745848E-02 -9.362911442566E-04 -3.971598344314E-06 -5.392715059271E-06  9.827539832339E-06  2.600799469741E-01  3.971598299409E-06  5.296244035679E-03 -5.591220000252E-20 -2.071956659819E-21  1.011131499195E-19 -3.936523285807E-03
  8.400000000000E+01  8.600000000000E+01  1.575464171176E+01  7.717581703708E-14  1.514563182478E-02  2.494398766007E+02  2.566016164603E-01  3.708346781730E-01 -2.194733926981E-01 -1.470891754146E-03  2.559996195890E-01  2.680772680399E+00  1.534948024426E-02 -6.837980621875E-02  5.303032597437E-02 -6.139905587169E-02 -8.889804795935E-04 -5.732852878704E-06 -5.874693692641E-06  1.008677195600E-05  2.504272707484E-01  5.732852884706E-06  5.303105775868E-03 -5.071292724940E-20  1.139680360783E-20  7.204147921582E-20 -3.750016988496E-03
  8.800000000000E+01  9.000000000000E+01  1.581619836018E+01  8.592599065404E-14  1.645089624740E-02  2.513734788641E+02  2.565608424923E-01  3.694830031988E-01 -2.187355326678E-01 -1.595271474913E-03  2.763675753403E-01  2.633586955936E+00  1.444079309532E-02 -6.606248306578E-02  5.162168996997E-02 -5.861519340091E-02 -7.766871260925E-04  4.805024653518E-06 -6.125889441106E-06  6.111181998353E-06  2.403093243127E-01 -4.805024672043E-06  4.731935105217E-03 -2.548403863113E-20  5.007839665101E-21  7.932365387861E-20 -3.574207341770E-03
  9.200000000000E+01  9.400000000000E+01  1.587479819326E+01  9.144458261449E-14  1.750764937937E-02  2.532205810106E+02  2.564533186616E-01  3.682047458367E-01 -2.179550028769E-01 -1.708960470539E-03  2.932645005852E-01  2.588044335204E+00  1.380125317113E-02 -6.391015637712E-02  5.010890320679E-02 -5.571836626405E-02 -5.279590541033E-04 -8.868440245667E-07 -6.044650421493E-06  6.556481907602E-06  2.290069268851E-01  8.868441222832E-07  3.750571151317E-03 -5.227220158854E-20  3.865466668163E-21  6.614491625125E-20 -3.393696330566E-03
  9.600000000000E+01  9.800000000000E+01  1.593070809512E+01  9.546179820660E-14  1.830979645588E-02  2.549887929711E+02  2.562366566265E-01  3.666339595139E-01 -2.171641247292E-01 -1.815732831502E-03  3.064842107498E-01  2.543149345518E+00  1.310600134810E-02 -6.178065461087E-02  4.867465326201E-02 -5.298656257969E-02 -3.365120629604E-04 -3.157878095151E-07 -6.290805752269E-06  1.167976339489E-05  2.182417936420E-01  3.157878354578E-07  3.528099308347E-03 -4.583906177351E-20  1.826284585693E-20  7.501712370735E-20 -3.232147832960E-03
  1.000000000000E+02  1.020000000000E+02  1.598392495980E+01  1.071263758763E-13  1.926323774570E-02  2.566773375742E+02  2.558873343649E-01  3.652698171857E-01 -2.163479091897E-01 -1.923765999018E-03  3.227278149349E-01  2.502440456745E+00  1.234227952924E-02 -5.994499112795E-02  4.760271159837E-02 -5.032252220488E-02 -4.423986318343E-04  3.698787653124E-06 -6.607411668988E-06  1.233716566456E-05  2.087669014217E-01 -3.698787605954E-06  4.062169252751E-03 -5.774948831381E-20 -3.718902547588E-21  8.302396853823E-20 -3.068997082566E-03
  1.040000000000E+02  1.060000000000E+02  1.603510127027E+01  1.135222664570E-13  2.034504764736E-02  2.583071585533E+02  2.554079386512E-01  3.638030734102E-01 -2.155280660326E-01 -2.011938504938E-03  3.418094911725E-01  2.465811289738E+00  1.166471885487E-02 -5.826735760111E-02  4.660263874680E-02 -4.788662965306E-02 -6.231277792645E-04 -2.685667084574E-06 -6.220662350177E-06  1.056200740818E-05  2.001410751801E-01  2.685667174328E-06  4.807481748873E-03 -7.690530596059E-20 -8.151323349225E-21  7.846325386050E-20 -2.914872861838E-03
  1.080000000000E+02  1.100000000000E+02  1.608399911427E+01  1.111593133079E-13  2.168033153155E-02  2.598693778538E+02  2.548725263296E-01  3.620807408389E-01 -2.147310608107E-01 -2.115258525271E-03  3.655321336198E-01  2.428342564275E+00  1.109122804511E-02 -5.663294172525E-02  4.554171367985E-02 -4.548987657160E-02 -6.603632937678E-04 -2.341790277842E-06 -5.478723304904E-06  8.986549606577E-06  1.919680073800E-01  2.341790332955E-06  5.807038883981E-03 -4.662837229470E-20 -3.686051318376E-21  9.329950304469E-20 -2.782700115093E-03
  1.120000000000E+02  1.140000000000E+02  1.613109378786E+01  1.124559500064E-13  2.325225202511E-02  2.613780166020E+02  2.543292133412E-01  3.604235103725E-01 -2.138907563205E-01 -2.194043007515E-03  3.933734240879E-01  2.392808533452E+00  1.060616324631E-02 -5.510525713207E-02  4.449909388532E-02 -4.354026272841E-02 -8.032012211216E-04  3.033088853448E-06 -5.104760391661E-06  8.240139879384E-06  1.851022252344E-01 -3.033088826703E-06  7.141747041547E-03 -5.586463880541E-20 -1.123865271756E-20  7.155872867269E-20 -2.664352493480E-03
  1.160000000000E+02  1.180000000000E+02  1.617656243030E+01  1.125132278650E-13  2.523891895601E-02  2.628384858641E+02  2.538012706615E-01  3.586994119405E-01 -2.130408083606E-01 -2.305123709718E-03  4.280011643414E-01  2.358213212782E+00  1.012251391728E-02 -5.360751519252E-02  4.348500127467E-02 -4.167857627503E-02 -1.020437486005E-03 -3.788864945437E-07 -5.056447727077E-06  5.115431116350E-06  1.787693569248E-01  3.788865511394E-07  8.664299671000E-03 -6.242078476471E-20 -6.900668847342E-21  7.959568066837E-20 -2.545552072056E-03
  1.200000000000E+02  1.220000000000E+02  1.622046448010E+01  1.101108632758E-13  2.757110086891E-02  2.642523735895E+02  2.532933058902E-01  3.569752170104E-01 -2.122271426882E-01 -2.405842406493E-03  4.681950835487E-01  2.327868388018E+00  9.651800333102E-03 -5.222963623330E-02  4.257783590022E-02 -3.987742539592E-02 -1.108594677928E-03  4.571645289182E-07 -4.940160110178E-06  4.263369284931E-06  1.730032602089E-01 -4.571645257715E-07  9.087204197839E-03 -6.280050880517E-20  2.004675012500E-21  5.101952591525E-20 -2.443829562165E-03
  1.240000000000E+02  1.260000000000E+02  1.626305242192E+01  1.113114647249E-13  2.977345942533E-02  2.656265067910E+02  2.528084159301E-01  3.549944876328E-01 -2.113817953785E-01 -2.493346636915E-03  5.060520110512E-01  2.297406625064E+00  9.137960895153E-03 -5.097358023218E-02  4.183561933649E-02 -3.825426153231E-02 -1.099081624765E-03  1.446905737830E-06 -4.861818479771E-06  1.775490399960E-06  1.669762910132E-01 -1.446905761169E-06  8.022396687731E-03 -5.021101287721E-20 -5.146061451936E-21  5.628298157730E-20 -2.338713775472E-03
  1.280000000000E+02  1.300000000000E+02  1.630395025443E+01  1.078884167990E-13  3.156132939928E-02  2.669489765586E+02  2.523723279990E-01  3.529940704407E-01 -2.105261693109E-01 -2.595571911611E-03  5.371262457633E-01  2.267447392411E+00  8.636628203410E-03 -4.972049147337E-02  4.108386327034E-02 -3.657494539914E-02 -9.047332702139E-04  2.720461038582E-06 -4.815761967991E-06  2.552585062265E-07  1.612883445379E-01 -2.720461211950E-06  6.566966939559E-03 -1.723731162916E-20 -6.420746249146E-21  6.829187270927E-20 -2.239822684362E-03
  1.320000000000E+02  1.340000000000E+02  1.634368656014E+01  1.021887886191E-13  3.302624469417E-02  2.682370491213E+02  2.519685461499E-01  3.511392707844E-01 -2.096807185659E-01 -2.662146451805E-03  5.631872763851E-01  2.236552275442E+00  8.299187708728E-03 -4.859388523802E-02  4.029469752960E-02 -3.512803490734E-02 -7.906452506384E-04  6.085084188612E-06 -4.541667926880E-06  3.642556869369E-06  1.563493983342E-01 -6.085084047079E-06  5.269225653471E-03 -5.828409309448E-20 -7.834299766796E-21  7.174919440281E-20 -2.150670332602E-03
  1.360000000000E+02  1.380000000000E+02  1.638210167227E+01  1.115167040968E-13  3.417656516498E-02  2.694841853908E+02  2.515587956586E-01  3.494336456684E-01 -2.087967319627E-01 -2.736584033733E-03  5.845503273889E-01  2.208662620167E+00  8.028940511177E-03 -4.752462387557E-02  3.949568336352E-02 -3.377322127185E-02 -6.793351647184E-04  5.792448922606E-06 -3.864731766578E-06  7.981956663932E-06  1.512873068184E-01 -5.792449018467E-06  3.712339216567E-03 -8.652244242776E-20  1.081199556645E-20  6.792238131353E-20 -2.072297740772E-03
  1.400000000000E+02  1.420000000000E+02  1.641930181515E+01  1.259900818385E-13  3.486779277713E-02  2.706939137267E+02  2.511775691202E-01  3.477096734670E-01 -2.079371449673E-01 -2.831959136857E-03  5.987943177555E-01  2.182540736332E+00  7.828047983913E-03 -4.653266967937E-02  3.870462169508E-02 -3.257087534801E-02 -3.987068124015E-04  6.942806138987E-06 -3.307899581460E-06  9.820951490239E-06  1.469370504645E-01 -6.942805845235E-06  2.021140087755E-03 -4.690631439238E-20 -1.463927991546E-20  6.829098677976E-20 -2.001273565115E-03
  1.440000000000E+02  1.460000000000E+02  1.645554731935E+01  1.304271481670E-13  3.517656674775E-02  2.718747848551E+02  2.509062815856E-01  3.460037320917E-01 -2.070934470890E-01 -2.894738739403E-03  6.066158810176E-01  2.158693624265E+00  7.662400006327E-03 -4.570765742788E-02  3.804525742192E-02 -3.144509846269E-02 -1.458013611645E-04  4.480066336166E-06 -3.491510747724E-06  7.827043403070E-06  1.423648522001E-01 -4.480066328825E-06  1.118955170036E-03 -3.820089076898E-20  5.179172514882E-21  5.643382836305E-20 -1.924557476802E-03
  1.480000000000E+02  1.500000000000E+02  1.649045784539E+01  1.340056899629E-13  3.542107909403E-02  2.730154589514E+02  2.507907492832E-01  3.443777538832E-01 -2.062393243520E-01 -2.962564750078E-03  6.128052260399E-01  2.132089228270E+00  7.396659355572E-03 -4.476429873006E-02  3.736763937494E-02 -3.011545556128E-02 -6.073358688841E-05  1.422190852386E-06 -3.616553006982E-06  7.118289788497E-06  1.367665018150E-01 -1.422190759701E-06  5.602351194171E-04 -6.652269009124E-20 -2.274966262029E-20  6.952367091654E-20 -1.840647222130E-03
  1.520000000000E+02  1.540000000000E+02  1.652391015413E+01  1.356438442471E-13  3.545225723307E-02  2.741102337283E+02  2.507759021503E-01  3.426805854076E-01 -2.053569513397E-01 -3.020149678431E-03  6.148891470752E-01  2.105884600608E+00  7.085952474575E-03 -4.369474025298E-02  3.660878777796E-02 -2.884835097998E-02  1.049491259513E-04  1.295492749623E-06 -3.230595945102E-06  9.573748234275E-06  1.311425372704E-01 -1.295492779574E-06  1.983543060114E-04 -6.667866639479E-20 -1.048059706639E-20  7.027582725792E-20 -1.765170516807E-03
  1.560000000000E+02  1.580000000000E+02  1.655602119542E+01  1.320230793721E-13  3.551748921678E-02  2.751627179157E+02  2.508002234483E-01  3.407282602490E-01 -2.045319435809E-01 -3.062783365533E-03  6.173369558282E-01  2.081940235173E+00  6.816237615389E-03 -4.268879855813E-02  3.587256094284E-02 -2.760051863034E-02  7.350196687207E-05 -1.449875370164E-06 -2.351037731524E-06  1.121274365947E-05  1.259751633161E-01  1.449875311892E-06 -7.197560220025E-05 -5.265341443759E-20 -1.197180359725E-20  6.720904188107E-20 -1.688608771289E-03
  1.600000000000E+02  1.620000000000E+02  1.658689801861E+01  1.301858089285E-13  3.541685177599E-02  2.761764957961E+02  2.508629891029E-01  3.387137831520E-01 -2.036642524666E-01 -3.121127275661E-03  6.170327870401E-01  2.057424551599E+00  6.522577002088E-03 -4.171410460056E-02  3.519152759834E-02 -2.641220387634E-02  1.967435542123E-04  1.924260785935E-06 -1.106373620546E-06  1.328103657604E-05  1.216895405263E-01 -1.924260814199E-06 -7.616419902909E-04 -4.287033924025E-20 -9.700863510567E-21  7.140109977388E-20 -1.620907380198E-03
  1.640000000000E+02  1.660000000000E+02  1.661688194737E+01  1.248547394487E-13  3.514668754237E-02  2.771632595735E+02  2.509516080379E-01  3.366316517667E-01 -2.028005514426E-01 -3.134043186693E-03  6.135032141681E-01  2.034017966798E+00  6.192056513560E-03 -4.077114812154E-02  3.457909160763E-02 -2.539847584110E-02  3.061609659992E-04 -1.446288098973E-07 -5.255349763037E-08  1.689834727429E-05  1.181368500288E-01  1.446287574187E-07 -1.599867142284E-03 -2.364613872542E-20 -2.460583367250E-21  3.828019968733E-20 -1.557987573525E-03
  1.680000000000E+02  1.700000000000E+02  1.664598821810E+01  1.153309962180E-13  3.463166837447E-02  2.781225167815E+02  2.510230905244E-01  3.346267870774E-01 -2.019103195260E-01 -3.178070466636E-03  6.058463565481E-01  2.012437599347E+00  5.972769775373E-03 -4.000447217507E-02  3.403170239972E-02 -2.443633065811E-02  4.184540353570E-04 -4.040854315743E-06  1.455305577380E-07  1.916954228071E-05  1.145205653568E-01  4.040854210841E-06 -2.743437509296E-03 -4.699875140590E-20 -7.310895900657E-22  4.569373519239E-20 -1.497669784064E-03
  1.720000000000E+02  1.740000000000E+02  1.667414837885E+01  1.111550082663E-13  3.379062478540E-02  2.790515102863E+02  2.510614815998E-01  3.329677184844E-01 -2.010462872819E-01 -3.192855192391E-03  5.926813042268E-01  1.990025372926E+00  5.737011867707E-03 -3.918774825820E-02  3.345073639053E-02 -2.350969708841E-02  6.540080418436E-04 -4.408656159152E-06 -8.486479807879E-08  2.112566416773E-05  1.108500840424E-01  4.408656052268E-06 -4.017287346314E-03 -3.667498106759E-20 -9.600590272731E-22  5.201074707454E-20 -1.439818671182E-03
  1.760000000000E+02  1.780000000000E+02  1.670140912151E+01  1.066850035686E-13  3.263649115159E-02  2.799517752074E+02  2.510932578930E-01  3.316388786916E-01 -2.001391575504E-01 -3.199877172293E-03  5.744115150218E-01  1.968810632486E+00  5.555655959026E-03 -3.847100072071E-02  3.291534476193E-02 -2.260010000668E-02  7.662705318267E-04 -1.924628806169E-06  4.902931177286E-07  2.019482643169E-05  1.068488987510E-01  1.924628646211E-06 -4.881416016224E-03 -6.488040629925E-20 -6.303129863684E-21  6.162828342414E-20 -1.382062427298E-03
  1.800000000000E+02  1.820000000000E+02  1.672757419501E+01  9.700629134603E-14  3.135664055742E-02  2.808168971223E+02  2.511714791754E-01  3.304711664934E-01 -1.992993401665E-01 -3.181503965459E-03  5.540352601546E-01  1.947113770746E+00  5.466816804202E-03 -3.779778213715E-02  3.233096533330E-02 -2.163415657807E-02  8.148616405167E-04 -1.389081032426E-06  1.653528450790E-06  1.780017869139E-05  1.032826202874E-01  1.389080974299E-06 -4.738944096990E-03 -5.079395111027E-20 -4.833107143934E-21  5.865926059979E-20 -1.329385764465E-03
  1.840000000000E+02  1.860000000000E+02  1.675305214264E+01  8.861791812517E-14  3.027025255499E-02  2.816601451857E+02  2.513196865908E-01  3.293772496789E-01 -1.983816674947E-01 -3.154655399163E-03  5.367946963552E-01  1.925168129258E+00  5.274712121252E-03 -3.705896555952E-02  3.178425343873E-02 -2.086834148591E-02  8.007885585067E-04 -5.495539011588E-07  2.631083825762E-06  1.830221445394E-05  9.989747431753E-02  5.495537781253E-07 -4.390009155555E-03 -2.712373595573E-20  7.595418397353E-21  5.103090646275E-20 -1.274901582602E-03
  1.880000000000E+02  1.900000000000E+02  1.677750375065E+01  8.119533936983E-14  2.917153886251E-02  2.824705931189E+02  2.515185890539E-01  3.285403271110E-01 -1.975331780726E-01 -3.097824575384E-03  5.194682306684E-01  1.907572745309E+00  5.034300171486E-03 -3.634129832472E-02  3.130699815366E-02 -1.999355166656E-02  7.779541162780E-04 -1.047361668371E-06  3.491604822717E-06  1.945984930915E-05  9.627352365898E-02  1.047361608369E-06 -4.478649783843E-03 -2.225945694460E-20 -1.068912882274E-20  6.276392980966E-20 -1.225718513084E-03
  1.920000000000E+02  1.940000000000E+02  1.680116406887E+01  7.249353996148E-14  2.804322168523E-02  2.832562568395E+02  2.517195068989E-01  3.275037313376E-01 -1.966143718269E-01 -3.053853759935E-03  5.016094452418E-01  1.888016031215E+00  4.851850732017E-03 -3.558464652822E-02  3.073279579656E-02 -1.921106561825E-02  8.520872279624E-04 -7.648195535211E-07  4.353798831002E-06  1.817444217224E-05  9.288417723118E-02  7.648195672950E-07 -4.975593133440E-03 -3.073141791599E-20 -1.121692133447E-20  5.419056253914E-20 -1.174965832916E-03
  1.960000000000E+02  1.980000000000E+02  1.682394177194E+01  6.695171710149E-14  2.669000547952E-02  2.840145759973E+02  2.519019369407E-01  3.267964759258E-01 -1.957831175746E-01 -3.004451944913E-03  4.797101566472E-01  1.871894324704E+00  4.709952992542E-03 -3.492691480279E-02  3.021696181009E-02 -1.839797450038E-02  9.324409834820E-04  1.964242557776E-07  5.059755311001E-06  1.690840444338E-05  9.052508913854E-02 -1.964243509224E-07 -5.549820388147E-03 -1.561891600343E-20  4.498583130325E-21  5.833776653334E-20 -1.133865078412E-03
  2.000000000000E+02  2.020600000000E+02  1.684644382912E+01  6.196387767760E-14  2.527089078624E-02  2.847638909028E+02  2.519644728982E-01  3.257569338560E-01 -1.948234368039E-01 -2.947621560815E-03  4.562469307701E-01  1.854521302509E+00  4.351560007348E-03 -3.373490795012E-02  2.938334794289E-02 -1.798980618382E-02  1.185181422175E-03 -2.666611673324E-06  5.748949388907E-06  1.507042702661E-05  8.807158450649E-02  2.666611605159E-06 -6.118964028004E-03 -1.742260532632E-20 -9.818267228146E-21  5.009511047125E-20 -1.114262496001E-03
  2.041200000000E+02  2.062418000000E+02  1.686931129371E+01  5.299393700195E-14  2.353554429109E-02  2.855271834999E+02  2.519350942789E-01  3.247390728995E-01 -1.939332696496E-01 -2.865903608788E-03  4.273205184922E-01  1.843753518225E+00  4.018014743630E-03 -3.264329921433E-02  2.862528447077E-02 -1.768683564189E-02  1.162391503785E-03 -3.693024625397E-06  6.647617741065E-06  1.262089580963E-05  8.598010174727E-02  3.693024464213E-06 -6.766966846381E-03 -4.029184131260E-20 -1.251426257612E-20  6.170945367779E-20 -1.091356446392E-03
  2.083636000000E+02  2.105490540000E+02  1.689205652497E+01  4.307526384195E-14  2.166870893106E-02  2.862871934110E+02  2.518472499105E-01  3.234130740655E-01 -1.929189666730E-01 -2.791656511579E-03  3.961641032682E-01  1.830227058864E+00  3.667199872651E-03 -3.149071678639E-02  2.782351691382E-02 -1.725019020138E-02  1.160907515957E-03 -3.133687583954E-07  7.494236892507E-06  1.124879831669E-05  8.291702512276E-02  3.133685769709E-07 -7.622307906224E-03 -1.685839543294E-20 -2.287446288597E-21  5.442860678835E-20 -1.062646907231E-03
  2.127345080000E+02  2.149855256200E+02  1.691464061277E+01  3.002460678807E-14  1.935335120542E-02  2.870424298169E+02  2.517468215164E-01  3.224076456821E-01 -1.919598878279E-01 -2.703460290287E-03  3.572502250712E-01  1.821272741656E+00  3.249492272385E-03 -3.046837056292E-02  2.721887829066E-02 -1.681259017389E-02  1.342378490692E-03  1.074600299861E-06  7.716274994116E-06  7.272173181652E-06  8.027571689365E-02 -1.074600415503E-06 -8.866487141686E-03 -3.158944546089E-20  7.930384319482E-22  3.360870549789E-20 -1.038902311521E-03
  2.172365432400E+02  2.195550913886E+02  1.693725764373E+01  1.754200719869E-14  1.666357100413E-02  2.877997199451E+02  2.516164671140E-01  3.216728488796E-01 -1.909262578263E-01 -2.603217590085E-03  3.120130612646E-01  1.810211413973E+00  2.739491155301E-03 -2.925689012258E-02  2.651739896733E-02 -1.641312506740E-02  1.488309361578E-03 -1.652252548232E-06  7.372012261376E-06  2.938094179675E-06  7.778130854349E-02  1.652252471178E-06 -9.987293877131E-03 -4.376768632888E-20 -6.063610384487E-21  3.900614328516E-20 -1.015474067652E-03
  2.218736395372E+02  2.242617441303E+02  1.695972880974E+01  1.266514598637E-14  1.355467053848E-02  2.885520502853E+02  2.514555773829E-01  3.209532904178E-01 -1.898754827086E-01 -2.472033681527E-03  2.600232975730E-01  1.799588483654E+00  2.304645237870E-03 -2.805051654064E-02  2.574587130284E-02 -1.607383747899E-02  1.605423381045E-03 -3.812715520698E-06  6.920064405842E-06  1.315844328327E-06  7.536307778723E-02  3.812715611248E-06 -1.079518185863E-02 -2.416689786733E-20 -5.128871385183E-21  3.839379554626E-20 -9.949723965706E-04
  2.266498487233E+02  2.291095964542E+02  1.698224198811E+01  1.102523121988E-14  1.021855429551E-02  2.893068661929E+02  2.512822962472E-01  3.203613907543E-01 -1.887919150740E-01 -2.339317415564E-03  2.036696304561E-01  1.791340413514E+00  1.832775701011E-03 -2.685128357781E-02  2.501850787668E-02 -1.582617364920E-02  1.627308723098E-03 -2.517786514927E-06  6.377654750474E-06  1.891683576124E-06  7.377895064609E-02  2.517786437907E-06 -1.033737794561E-02 -3.202092924471E-20 -1.640458622757E-20  4.306052272830E-20 -9.813827448840E-04
  2.315693441850E+02  2.341028843478E+02  1.700508346295E+01  9.730837807984E-15  7.194843755788E-03  2.900738247512E+02  2.511401827095E-01  3.194572366874E-01 -1.877009097587E-01 -2.147413925417E-03  1.520505870174E-01  1.782678768971E+00  1.466739874121E-03 -2.574547962666E-02  2.427873975273E-02 -1.549934651457E-02  1.523296910699E-03 -1.874987720389E-06  5.621741202998E-06  6.924287383119E-07  7.180729568051E-02  1.874987759909E-06 -9.139709978244E-03 -3.330259619318E-20  1.369298055873E-20  3.210545861378E-20 -9.579534272122E-04
  2.366364245106E+02  2.392459708782E+02  1.702771857140E+01  1.068584196823E-14  4.420028354121E-03  2.908340279635E+02  2.510855823787E-01  3.185458121792E-01 -1.865192417480E-01 -1.957536154173E-03  1.041326915472E-01  1.773848057512E+00  1.007745245793E-03 -2.442056278429E-02  2.341281753872E-02 -1.519248039610E-02  1.365080576721E-03  6.851930844142E-07  4.783255069064E-06 -2.477326728965E-07  6.985371866556E-02 -6.851931248562E-07 -8.483347028379E-03  9.268497096283E-21  2.173316048890E-21  5.398628199001E-20 -9.452436547934E-04
  2.418555172459E+02  2.445433500046E+02  1.705066543643E+01  1.490629090069E-14  1.655848765675E-03  2.916052062494E+02  2.511167740464E-01  3.172375291599E-01 -1.853776564087E-01 -1.756186125261E-03  5.568381694144E-02  1.763555846226E+00  5.109417197694E-04 -2.299761100700E-02  2.248666928700E-02 -1.507458036120E-02  1.415627590120E-03 -7.430416228692E-07  4.114939372735E-06 -3.290167249184E-06  6.867495968651E-02  7.430417212441E-07 -8.315585758071E-03 -2.211866742011E-20 -1.394523473884E-21  3.442482121852E-20 -9.349400543583E-04
  2.472311827633E+02  2.499996505047E+02  1.707387555105E+01  2.089340563986E-14 -1.175827844395E-03  2.923860451711E+02  2.511918843912E-01  3.159257913871E-01 -1.841170178386E-01 -1.550340513853E-03  5.290427549539E-03  1.754038395319E+00  7.881712591359E-06 -2.160519829703E-02  2.159731658483E-02 -1.486019766298E-02  1.494878772272E-03 -1.920546989112E-07  3.846311655301E-06 -6.912660439238E-06  6.781817516946E-02  1.920547373641E-07 -8.733870301681E-03 -1.098501577278E-20 -1.318151044997E-20  4.416540352663E-20 -9.273395295528E-04
  2.527681182462E+02  2.556196400198E+02  1.709760452600E+01  2.534041234949E-14 -4.412110374155E-03  2.931850802482E+02  2.512602240132E-01  3.142284799672E-01 -1.828841082994E-01 -1.332525538200E-03 -5.269003607257E-02  1.746524978956E+00 -5.147502201024E-04 -2.039853546025E-02  2.091328568040E-02 -1.477455775013E-02  1.538274395060E-03  3.373714482917E-06  3.852642379017E-06 -7.408479587621E-06  6.560818420240E-02 -3.373714392579E-06 -9.838628480325E-03 -4.489404822373E-21 -1.523021402659E-20  3.321054882608E-20 -9.090473674404E-04
  2.584711617935E+02  2.614082292204E+02  1.712065478728E+01  2.652096164207E-14 -8.217879911495E-03  2.939627762706E+02  2.512792898492E-01  3.125123623281E-01 -1.815750221275E-01 -1.093718201758E-03 -1.205086041171E-01  1.740172003092E+00 -1.013286229997E-03 -1.911362163588E-02  2.012690786607E-02 -1.427111979495E-02  1.726269222206E-03  4.934856556983E-06  3.926710658956E-06 -7.011243692429E-06  6.414074438828E-02 -4.934856567924E-06 -1.030693290477E-02  3.023471169091E-21 -2.153760106315E-20  5.198707938084E-20 -8.895676630515E-04
  2.643452966473E+02  2.673704760971E+02  1.714471456419E+01  2.582257440283E-14 -1.200537739419E-02  2.947761434658E+02  2.511964304484E-01  3.109333342441E-01 -1.802230973872E-01 -8.460237483156E-04 -1.878618934370E-01  1.736720529342E+00 -1.550193997426E-03 -1.780417745065E-02  1.935437144788E-02 -1.423547233529E-02  1.734511369104E-03  6.514296960207E-06  4.167580903066E-06 -4.864998945610E-06  6.276149862780E-02 -6.514296915130E-06 -9.960092063229E-03 -2.064251404153E-20 -1.446048673188E-20  3.852782688097E-20 -8.747358592458E-04
  2.703956555468E+02  2.735115903800E+02  1.716812451138E+01  2.542064041905E-14 -1.575823066395E-02  2.955680170964E+02  2.509842033261E-01  3.100732248158E-01 -1.789212886482E-01 -5.758087954629E-04 -2.550755681117E-01  1.733743615559E+00 -1.951589989140E-03 -1.651754049821E-02  1.846913048712E-02 -1.381463832645E-02  1.664692582593E-03  9.254029753625E-06  4.537133552023E-06 -2.631294079985E-06  6.136558209109E-02 -9.254029708287E-06 -9.314582049974E-03 -1.803092406243E-21 -1.328752247447E-21  1.571192344919E-20 -8.663712639786E-04
  2.766275252132E+02  2.798369380914E+02  1.719252248165E+01  2.540486744584E-14 -1.924284771344E-02  2.963941228524E+02  2.506285229853E-01  3.094225413365E-01 -1.774673942646E-01 -2.865544779479E-04 -3.178214516583E-01  1.732235623377E+00 -2.305979638586E-03 -1.526666703404E-02  1.757264667259E-02 -1.388046540717E-02  1.435339410621E-03  6.319751008933E-06  4.715311622165E-06 -3.825362862952E-06  5.976027903986E-02 -6.319750970550E-06 -8.778941383473E-03  5.533916559316E-21 -1.264528412270E-20  1.609590224925E-20 -8.585048972967E-04
  2.830463509696E+02  2.863520462341E+02  1.721608128273E+01  2.196619940340E-14 -2.278111476245E-02  2.971921976599E+02  2.501344182148E-01  3.089140459230E-01 -1.760861392813E-01 -5.875118600720E-06 -3.814728328057E-01  1.728918957895E+00 -2.611022077493E-03 -1.397382740974E-02  1.658484948724E-02 -1.361314274315E-02  1.387322860694E-03  4.477663458326E-06  4.271077797593E-06 -3.152879093137E-06  5.738495087388E-02 -4.477663492317E-06 -8.900741431421E-03  8.932458017144E-21 -1.916575251190E-20  1.247293110844E-20 -8.456051412785E-04
  2.896577414987E+02  2.930626076211E+02  1.723995457017E+01  1.507259508177E-14 -2.658862264290E-02  2.980020071638E+02  2.495184774641E-01  3.081966842158E-01 -1.745354847808E-01  3.056376923586E-04 -4.498416220095E-01  1.729826515293E+00 -3.006729413304E-03 -1.262584009926E-02  1.563256951246E-02 -1.344998830131E-02  1.492673549379E-03  3.315237483872E-06  3.626288670547E-06  1.417426848956E-06  5.665372878262E-02 -3.315237568673E-06 -8.876562697584E-03 -1.043240705429E-21 -5.484960374292E-21  2.193828824771E-20 -8.417371518220E-04
  2.964674737436E+02  2.999744858498E+02  1.726431189522E+01  1.152784378372E-14 -3.033664820987E-02  2.988300042698E+02  2.487541457601E-01  3.072714762147E-01 -1.729811683982E-01  5.891180012642E-04 -5.172323831423E-01  1.732632315590E+00 -3.345621186306E-03 -1.128138897639E-02  1.462701016280E-02 -1.352025713991E-02  1.410637328552E-03  2.652536249271E-06  3.220617764877E-06  7.239260325817E-06  5.577201917929E-02 -2.652536346904E-06 -9.037749652808E-03  2.240435523866E-20 -1.286467047818E-20  1.947119934792E-20 -8.467713601166E-04
  3.034814979559E+02  3.070937204253E+02  1.728885591977E+01  1.356863175058E-14 -3.451243196866E-02  2.996650303514E+02  2.478439068630E-01  3.061355960294E-01 -1.714510037266E-01  9.409875593676E-04 -5.925058039602E-01  1.734007020756E+00 -3.643236123099E-03 -9.988264064356E-03  1.363150018742E-02 -1.354309256757E-02  1.518986366716E-03  2.564381729962E-06  2.721684441528E-06  8.055931032271E-06  5.463547340005E-02 -2.564381748454E-06 -9.139931361551E-03 -2.577411348292E-21 -9.623469643743E-21  7.530947904890E-21 -8.433786922393E-04
  3.107059428946E+02  3.144265320380E+02  1.731365939371E+01  1.888342491633E-14 -3.857642681748E-02  3.005097391348E+02  2.468005903519E-01  3.049536454922E-01 -1.697598702456E-01  1.257213183885E-03 -6.657376463328E-01  1.738608750351E+00 -4.028792812449E-03 -8.655365002518E-03  1.268415781474E-02 -1.343486522518E-02  1.422177702787E-03 -2.569440502365E-07  1.872170718121E-06  8.620414170060E-06  5.410105446777E-02  2.569440742453E-07 -8.555327089764E-03  2.094180723021E-20 -2.377703373938E-20  1.064694664105E-20 -8.409946350953E-04
  3.181471211814E+02  3.219793279992E+02  1.733918943037E+01  2.636586695498E-14 -4.245923468675E-02  3.013813088217E+02  2.456322192122E-01  3.047311185443E-01 -1.680654061846E-01  1.597369797014E-03 -7.355554815768E-01  1.744718173238E+00 -4.471665027186E-03 -7.337722281101E-03  1.180938730816E-02 -1.348145026574E-02  1.264099112077E-03 -2.796243593869E-06  1.307060740585E-06  8.209633983633E-06  5.283336307001E-02  2.796243624207E-06 -7.656385325587E-03  2.277229638133E-20 -5.605851911946E-21  1.283167839157E-20 -8.364920203711E-04
  3.258115348169E+02  3.297587078391E+02  1.736427400500E+01  3.044678600674E-14 -4.592009347336E-02  3.022382325524E+02  2.443167749377E-01  3.054659336389E-01 -1.662921282512E-01  1.971006052248E-03 -7.981762164105E-01  1.748170020907E+00 -4.935125046003E-03 -6.011121161599E-03  1.094624620766E-02 -1.333138989899E-02  1.201203565368E-03 -5.421665420885E-07  1.307918657091E-06  6.786706051381E-06  5.124755297799E-02  5.421664916669E-07 -6.483647843791E-03  4.167928216148E-20 -5.310526141679E-21  2.771424550246E-20 -8.300321571996E-04
  3.337058808614E+02  3.377714690743E+02  1.738975282357E+01  3.303595331322E-14 -4.885789453174E-02  3.031109581582E+02  2.427462069358E-01  3.058483601807E-01 -1.644563115252E-01  2.276111359941E-03 -8.520085551306E-01  1.753862469215E+00 -5.185720284383E-03 -4.651819952411E-03  9.837540236820E-03 -1.328407090515E-02  1.073719912297E-03  3.835596461833E-06  1.245022469564E-06  4.288730670485E-06  5.099498878448E-02 -3.835596437032E-06 -6.036588240036E-03  2.480925698191E-20 -1.293282207465E-20  1.250912581952E-20 -8.345646711619E-04
  3.418370572872E+02  3.460246131465E+02  1.741611327542E+01  3.957810901928E-14 -5.206104158924E-02  3.040178996672E+02  2.406923250465E-01  3.062006383353E-01 -1.625381937265E-01  2.635105237609E-03 -9.108726811033E-01  1.763167911619E+00 -5.470951009574E-03 -3.338557270322E-03  8.809508279934E-03 -1.335751190797E-02  1.083427493656E-03  2.438262004507E-06  1.467403604697E-06  4.364522877833E-06  5.108761572746E-02 -2.438262007583E-06 -6.212212707073E-03  2.275902737934E-20 -1.781320093484E-20 -5.282222671587E-21 -8.405118438053E-04
  3.502121690058E+02  3.545253515409E+02  1.744324487305E+01  4.619527185547E-14 -5.537924054199E-02  3.049527458134E+02  2.382928408760E-01  3.067205986004E-01 -1.605682639563E-01  2.992875110194E-03 -9.712247926494E-01  1.776992385159E+00 -5.798450860672E-03 -2.063899025251E-03  7.862349885855E-03 -1.353820872410E-02  1.081412828615E-03 -2.153296192765E-06  1.424568015742E-06  3.577886127822E-06  5.105186787555E-02  2.153296223790E-06 -6.222227565464E-03  3.010587972912E-20 -6.194998023998E-22  6.888431943363E-21 -8.479354351952E-04
  3.588385340760E+02  3.632811120872E+02  1.747116915344E+01  5.003607568786E-14 -5.877825461775E-02  3.059172878935E+02  2.359283146123E-01  3.055484394480E-01 -1.585293523634E-01  3.334367271245E-03 -1.034637674911E+00  1.787946436759E+00 -6.238311044489E-03 -7.307612843424E-04  6.969072328848E-03 -1.360220866105E-02  1.024127382024E-03 -5.670239482683E-06  1.066276244075E-06  7.632472734067E-07  5.074850959552E-02  5.670239418120E-06 -5.921824934136E-03  2.113223533249E-20  6.209158426562E-21  1.886989561477E-20 -8.472915672240E-04
  3.677236900983E+02  3.722995454498E+02  1.749960418648E+01  5.205196487954E-14 -6.194929073941E-02  3.069017310549E+02  2.337614254712E-01  3.034964988702E-01 -1.563511998570E-01  3.690437137562E-03 -1.095093728968E+00  1.805738457967E+00 -6.629371434102E-03  6.852656314114E-04  5.944105802430E-03 -1.360740346977E-02  9.734559926090E-04 -4.642614297443E-06  1.892138472048E-06  2.236805846529E-07  5.099527531531E-02  4.642614310678E-06 -6.065636569647E-03  4.658332699191E-20 -6.274331252830E-21 -1.111832893112E-20 -8.591407451612E-04
  3.768754008012E+02  3.815885318133E+02  1.752949383544E+01  5.449078977389E-14 -6.570824572152E-02  3.079425343047E+02  2.316173743672E-01  3.013935442088E-01 -1.542189202805E-01  4.106208635377E-03 -1.166144161256E+00  1.821569106749E+00 -6.956136839158E-03  1.845638696521E-03  5.110498142631E-03 -1.378930017854E-02  1.088263925720E-03 -3.628874100642E-06  2.857719843158E-06  7.701236006017E-07  5.138939398683E-02  3.628874076924E-06 -6.254202017255E-03  3.549235389970E-20  2.121129404766E-21 -4.476086617736E-21 -8.607295415158E-04
  3.863016628253E+02  3.911561877677E+02  1.756014424292E+01  5.585822660896E-14 -6.930753730855E-02  3.090122443478E+02  2.293330953405E-01  2.979800770492E-01 -1.518794369693E-01  4.486138377474E-03 -1.234093400705E+00  1.835515861360E+00 -7.291253369643E-03  3.224373928393E-03  4.066879441157E-03 -1.378150467490E-02  1.226154196091E-03 -1.546425734626E-06  2.880765168645E-06  3.258364556978E-06  5.053602376485E-02  1.546425707805E-06 -6.524240373703E-03  5.332514211022E-20 -7.634577676429E-21  1.561739374473E-21 -8.570107998216E-04
  3.960107127100E+02  4.010108734007E+02  1.759081615545E+01  5.628131091960E-14 -7.360139542786E-02  3.100830877222E+02  2.268097691774E-01  2.941369742798E-01 -1.497187143879E-01  4.870768178029E-03 -1.314188932977E+00  1.853598515875E+00 -7.647740604490E-03  4.714774194619E-03  2.932966409913E-03 -1.361897442883E-02  1.356024107848E-03  6.480206074021E-07  1.908788541752E-06  3.547090755921E-06  4.925578096631E-02 -6.480206659069E-07 -5.578410624863E-03  5.914067638956E-20 -1.268051925956E-20  1.765209846440E-20 -8.465439043172E-04
  4.060110340913E+02  4.111611996027E+02  1.762172864269E+01  6.060796338183E-14 -7.627325169623E-02  3.111649116240E+02  2.240307335372E-01  2.902150349345E-01 -1.471799579530E-01  5.292327910364E-03 -1.366644618831E+00  1.874955002876E+00 -7.975856084474E-03  6.040249379940E-03  1.935606704476E-03 -1.345375522060E-02  7.873579456837E-04 -1.283837939271E-06  1.357027469908E-06  1.666552248085E-06  4.765316706399E-02  1.283838010555E-06 -3.930868653204E-03  7.979201259136E-20 -6.253611687871E-21 -3.442080647650E-22 -8.309957334893E-04
  4.163113651141E+02  4.216160355908E+02  1.765220284509E+01  6.695115844825E-14 -7.867403585995E-02  3.122333096445E+02  2.208601738227E-01  2.872147013569E-01 -1.449898318308E-01  5.815038989972E-03 -1.415915621861E+00  1.898559729677E+00 -8.233565094331E-03  7.141974346047E-03  1.091590748468E-03 -1.318052171514E-02  6.985515281738E-04 -5.370961903101E-06  2.086441922761E-06  3.077003664048E-06  4.789772393901E-02  5.370961963931E-06 -2.173062105409E-03  6.994865686580E-20 -1.484157329556E-20 -2.089173343079E-21 -8.389137532432E-04
  4.269207060675E+02  4.323845166585E+02  1.768528490202E+01  6.966729652660E-14 -7.917899176795E-02  3.133958794896E+02  2.172171802264E-01  2.842859167425E-01 -1.423581195290E-01  6.407740100312E-03 -1.431072134860E+00  1.922302505727E+00 -8.394218496546E-03  8.188427660208E-03  2.057908364396E-04 -1.359478327841E-02  3.175157981670E-04 -6.215030338391E-06  1.623944681118E-06  2.407160688495E-06  4.698843396253E-02  6.215030354908E-06  2.543557149441E-04  6.962363671743E-20 -9.777167693071E-21 -4.140043543934E-21 -8.315801449444E-04
  4.378483272495E+02  4.434760521583E+02  1.771639036774E+01  7.070620333440E-14 -7.834592675072E-02  3.144918738648E+02  2.130661070051E-01  2.819779284537E-01 -1.399015617052E-01  6.908879025291E-03 -1.424559798746E+00  1.948376726998E+00 -8.584088257184E-03  9.211278774347E-03 -6.271905174355E-04 -1.306265763498E-02 -5.517069013114E-05 -4.915198072975E-06 -1.308270904469E-07  5.274558732918E-06  4.759087642492E-02  4.915198024230E-06  3.290752860107E-04  6.422507933452E-20 -1.730699609834E-20 -6.885582020742E-22 -8.363853199267E-04
  4.491037770670E+02  4.549003337230E+02  1.775221520888E+01  7.450106503937E-14 -7.870647970629E-02  3.157549708699E+02  2.083325643190E-01  2.788440434232E-01 -1.370310539310E-01  7.506473775138E-03 -1.438535152053E+00  1.975296556219E+00 -8.790651126585E-03  1.032682815904E-02 -1.536177032803E-03 -1.374143619535E-02  3.934995577770E-04 -3.102134610508E-06 -1.713305863715E-06  4.987815929053E-06  4.621285763284E-02  3.102134658244E-06 -1.231328559592E-03  4.230624008411E-20 -1.914488959343E-20  2.531715609841E-21 -8.256299321288E-04
  4.606968903790E+02  4.666673437347E+02  1.778333958302E+01  7.694073676789E-14 -8.012525541623E-02  3.168509574894E+02  2.031797863404E-01  2.770203717028E-01 -1.344036130137E-01  8.155301261117E-03 -1.470795794312E+00  1.987150903003E+00 -9.173067260233E-03  1.112008274481E-02 -1.947015484421E-03 -1.244367466523E-02  4.480851458558E-04  1.635129513046E-07 -1.886804059765E-06  8.529823873368E-06  4.207988452110E-02 -1.635129601468E-07 -3.270510010914E-04  6.441705710137E-20 -2.410376056748E-20 -3.420435596200E-21 -7.663670925375E-04
  4.726377970904E+02  4.787873640468E+02  1.781501643940E+01  7.593629978292E-14 -7.919435342696E-02  3.179691810740E+02  1.977699429478E-01  2.736672970715E-01 -1.313291378375E-01  8.847393922891E-03 -1.460575665987E+00  2.011108979718E+00 -9.346071093399E-03  1.215972593904E-02 -2.813654845631E-03 -1.220222481126E-02  1.430437079361E-04  8.232801142992E-07 -7.540567013563E-07  7.598791060589E-06  4.118093708275E-02 -8.232800877348E-07  2.030332963804E-03  4.320020623681E-20 -1.321013507395E-20 -7.238422388880E-21 -7.659924452422E-04
  4.849369310031E+02  4.912709849682E+02  1.784665479330E+01  6.864493811339E-14 -7.699352643290E-02  3.190867183720E+02  1.923557393606E-01  2.698108156512E-01 -1.285451170488E-01  9.406624825956E-03 -1.427468567140E+00  2.039863257042E+00 -9.384707786313E-03  1.314573826636E-02 -3.761030480022E-03 -1.244389432522E-02 -2.090192029533E-04  1.157802831697E-06 -9.645067460368E-07  4.161710007971E-06  4.204979480911E-02 -1.157802986188E-06  3.381092041851E-03  7.471959733965E-20 -1.305232850692E-20 -2.699259952098E-21 -7.979925385437E-04
  4.976050389332E+02  5.041291145172E+02  1.788160089168E+01  5.283798774671E-14 -7.382373943241E-02  3.203181512123E+02  1.868355152133E-01  2.650725991122E-01 -1.252364348620E-01  1.004942187657E-02 -1.375002438330E+00  2.081809182056E+00 -9.886103550287E-03  1.429425108043E-02 -4.408147530347E-03 -1.305622915824E-02 -3.912151799884E-04  6.175158219735E-06 -1.277808563111E-06  4.169287316503E-06  4.358005015458E-02 -6.175158178971E-06  3.684911782481E-03  6.510002703510E-20 -3.096756425914E-21  1.975001488284E-21 -8.278525890139E-04
  5.106531901012E+02  5.173729879527E+02  1.791772772659E+01  4.118701820571E-14 -7.096743279159E-02  3.215946914644E+02  1.815307431079E-01  2.597098310964E-01 -1.223675743345E-01  1.044359073491E-02 -1.326503108894E+00  2.122233051499E+00 -9.941553299756E-03  1.502622271535E-02 -5.084669415692E-03 -1.346029603177E-02 -4.717489338653E-04  2.896842523750E-06 -9.638285823403E-07  4.890597322186E-06  4.245657020983E-02 -2.896842617290E-06  5.004977451096E-03  4.118716190329E-20 -1.033677995767E-20 -9.107430598751E-21 -8.400752748750E-04
  5.240927858042E+02  5.310141775913E+02  1.795292064444E+01  3.512558241954E-14 -6.542110555116E-02  3.228369303846E+02  1.764420864671E-01  2.516761794942E-01 -1.190534323165E-01  1.104598118571E-02 -1.227745819727E+00  2.145035811872E+00 -1.015084001831E-02  1.565140847719E-02 -5.500568458948E-03 -1.324791154542E-02 -1.083438721641E-03  3.554848513572E-06 -7.450135853198E-07  7.764744509462E-06  3.930775370364E-02 -3.554848581624E-06  5.286978649314E-03  6.098440409238E-20 -1.784086414596E-20 -9.391577264333E-21 -7.975459544608E-04
  5.379355693784E+02  5.450646029190E+02  1.798575083141E+01  2.737532769914E-14 -6.183163330557E-02  3.239979615652E+02  1.715889922080E-01  2.450214684395E-01 -1.158178897548E-01  1.136052491249E-02 -1.165052019250E+00  2.181216092159E+00 -1.030481389895E-02  1.614048179335E-02 -5.835667894658E-03 -1.231748537759E-02 -9.805883006776E-04 -5.715480224869E-07 -1.459531435504E-06  8.061581827288E-06  3.730504975186E-02  5.715479475155E-07  6.659529759225E-03  3.932326891471E-20 -7.930577278590E-21 -1.402750141901E-20 -7.686663385766E-04
  5.521936364597E+02  5.595365410066E+02  1.801941912235E+01  2.002670916832E-14 -5.355245490697E-02  3.251871697428E+02  1.668277896622E-01  2.387014614867E-01 -1.123262851124E-01  1.173877444900E-02 -1.016878552063E+00  2.224748215955E+00 -1.013995122586E-02  1.689381996820E-02 -6.753868742585E-03 -1.238583880422E-02 -1.794030992845E-03 -8.342943646988E-07 -3.289123877612E-06  3.556945910508E-06  3.648894396402E-02  8.342943678139E-07  8.171420343551E-03  3.643651090175E-20 -8.283307463163E-21 -6.984787222027E-21 -7.795451134221E-04
  5.668794455535E+02  5.743794455535E+02  1.805273414375E+01  1.490401060668E-14 -4.683384159508E-02  3.263670702207E+02  1.620679440787E-01  2.322672875048E-01 -1.087373253142E-01  1.184993834721E-02 -8.966393992855E-01  2.241375698604E+00 -1.012847861521E-02  1.728148905657E-02 -7.153010441816E-03 -1.252572258811E-02 -1.689765067385E-03  7.719121076952E-07 -3.851688270609E-06 -3.911706244001E-06  3.588558017188E-02 -7.719122029826E-07  8.325098452279E-03  3.442580908740E-20 -1.097034187730E-20  6.201625736136E-21 -7.865923759550E-04
  5.818794455535E+02  5.893794455535E+02  1.808670605948E+01  1.228821992078E-14 -3.794380629388E-02  3.275719841537E+02  1.574766332904E-01  2.229698563431E-01 -1.051968804709E-01  1.194584151373E-02 -7.354030522111E-01  2.207871681706E+00 -9.809051945442E-03  1.665489880031E-02 -6.845846854353E-03 -1.244628347761E-02 -2.012239311860E-03  1.976213303879E-06 -2.331589710568E-06 -1.520042005060E-06  3.551627057823E-02 -1.976213312257E-06  8.242257198445E-03  2.254515102337E-20 -1.001585708820E-20 -2.865831238932E-21 -7.671684985867E-04
  5.968794455535E+02  6.043794455535E+02  1.811934842759E+01  1.387580733185E-14 -3.135599661042E-02  3.287341499975E+02  1.531875292863E-01  2.139696607305E-01 -1.016276769955E-01  1.184516466472E-02 -6.138275358293E-01  2.177467068150E+00 -9.528951136015E-03  1.606220726704E-02 -6.533256131185E-03 -1.205326275270E-02 -1.469807954572E-03  1.816224944098E-06 -3.015786541918E-07 -4.027015923835E-07  3.583710813741E-02 -1.816224996059E-06  7.547387683540E-03  2.848730329476E-20 -2.330604345563E-21 -1.676877321763E-20 -7.512748451947E-04
  6.118794455535E+02  6.193794455535E+02  1.815391655965E+01  1.378857762922E-14 -2.376543401252E-02  3.299677706030E+02  1.490528044730E-01  2.062096824889E-01 -9.780039711712E-02  1.180585037088E-02 -4.731886798646E-01  2.153982289376E+00 -9.273616440517E-03  1.563380116974E-02 -6.360184729086E-03 -1.199424543560E-02 -1.257173759606E-03 -1.182825642736E-06  4.349807452705E-07  1.517926808268E-06  3.614624680426E-02  1.182825674701E-06  7.512234168957E-03  3.166549811105E-20 -9.533803640671E-21 -2.942561670662E-20 -7.387516676425E-04
  6.268794455535E+02  6.343794455535E+02  1.818710197062E+01  1.166357722210E-14 -1.726954662703E-02  3.311554060443E+02  1.452009745759E-01  1.983388264449E-01 -9.427090061557E-02  1.137572752005E-02 -3.503109176581E-01  2.124433889892E+00 -9.132062917414E-03  1.534093645753E-02 -6.208873540061E-03 -1.161748088747E-02 -9.952457892154E-04 -3.167254067409E-06 -1.463176836200E-07  3.020844417668E-06  3.604336654969E-02  3.167254106625E-06  5.653034655373E-03  1.725795895890E-20 -1.509079546444E-20 -6.535324119799E-21 -7.233844842169E-04
  6.418794455535E+02  6.493794455535E+02  1.822145804380E+01  1.109745946757E-14 -1.316907336793E-02  3.323901402233E+02  1.412393558207E-01  1.923645559792E-01 -9.057464066405E-02  1.075153883357E-02 -2.712199197158E-01  2.107454951093E+00 -8.895233076116E-03  1.510346629318E-02 -6.208233217137E-03 -1.165391239392E-02 -5.912482522231E-04 -6.599175943376E-06 -9.567432318081E-07  2.736507514216E-07  3.595413879694E-02  6.599175941487E-06  3.683643858086E-03  1.802306114021E-20 -6.070366385534E-21 -7.528258283079E-21 -7.277430255978E-04
  6.568794455535E+02  6.643794455535E+02  1.825449208284E+01  9.364114807638E-15 -1.034494518028E-02  3.335807288787E+02  1.369060612710E-01  1.867984813621E-01 -8.704748910487E-02  1.025041385019E-02 -2.145827196036E-01  2.100351076294E+00 -8.822468130511E-03  1.495766303035E-02 -6.135194899642E-03 -1.154095604546E-02 -2.440205288412E-04 -1.413752571343E-06 -1.248291429059E-06 -2.765193930243E-06  3.481862731381E-02  1.413752547667E-06  3.668093056428E-03  3.258109035518E-20 -5.763179641541E-21 -5.067593983307E-21 -7.127979453273E-04
  6.718794455535E+02  6.793794455535E+02  1.828675881392E+01  6.385047005009E-15 -6.271960526973E-03  3.347443508007E+02  1.325036774325E-01  1.819483140296E-01 -8.364033612289E-02  9.668117113483E-03 -1.360787365952E-01  2.070350256708E+00 -8.637640209534E-03  1.474689106448E-02 -6.109250855273E-03 -1.122350313678E-02 -4.242101815811E-04 -1.193533072041E-06 -1.442140462623E-06 -2.311716522972E-06  3.343695168950E-02  1.193533028882E-06  3.139541542080E-03  1.083430853081E-20 -5.170333585112E-21 -1.134948734686E-20 -6.753017604805E-04
  6.868794455535E+02  6.943794455535E+02  1.831721140942E+01  5.973026471577E-15 -4.459135138527E-03  3.358462047877E+02  1.281734302055E-01  1.742454208145E-01 -8.009278629106E-02  9.244273969547E-03 -9.999149135313E-02  2.027443867308E+00 -8.663677305153E-03  1.434853944010E-02 -5.684862135078E-03 -1.043584902366E-02  3.203680071979E-05 -6.441645615330E-06 -1.209235088555E-06 -2.478654946328E-07  3.167341848011E-02  6.441645618587E-06  1.389882464847E-03  1.275280567749E-20 -6.968130466968E-21 -2.543133807834E-20 -6.357823797483E-04
  7.018794455535E+02  7.093794455535E+02  1.834614359559E+01  1.135002219525E-14 -3.675062984517E-03  3.368937757571E+02  1.236796612440E-01  1.682728288230E-01 -7.653386613186E-02  8.718796226963E-03 -8.263510451061E-02  1.996581057119E+00 -8.429611999715E-03  1.418001982518E-02 -5.750407825203E-03 -9.885604043776E-03  8.963569875396E-05 -2.656851939845E-06 -7.882840922319E-07 -9.087378019492E-07  3.164661217593E-02  2.656852030368E-06  6.247959541742E-04 -1.804732263921E-21 -4.214567944892E-21 -1.128968768229E-20 -6.172930069448E-04
  7.168794455535E+02  7.243794455535E+02  1.837652838278E+01  1.703579725204E-14 -3.290301445943E-03  3.379940262946E+02  1.191265278379E-01  1.620973932068E-01 -7.285538641792E-02  8.055848821219E-03 -7.380707351650E-02  1.971107959397E+00 -8.185066982705E-03  1.378364288013E-02 -5.598575897247E-03 -9.861771296739E-03  1.963584557006E-04  8.732671697795E-07 -1.015523457579E-06  3.856987136287E-07  3.070643078691E-02 -8.732671580913E-07  5.771546572477E-04  1.696328980801E-20 -4.797473688425E-21  9.135774363747E-22 -5.988001601450E-04
  7.318794455535E+02  7.393794455535E+02  1.840370811136E+01  1.928568907581E-14 -2.576462021623E-03  3.389798882598E+02  1.148485391307E-01  1.565549766088E-01 -6.920097258561E-02  7.535120513315E-03 -6.058047261765E-02  1.941618462011E+00 -8.030364973973E-03  1.335110022234E-02 -5.320735248343E-03 -9.194307857075E-03  9.342620865757E-05  3.178396802262E-06 -1.535967866441E-06  6.593942532963E-06  2.837380640517E-02 -3.178396824062E-06  1.177161036679E-03  9.688072059196E-21  3.440599109924E-21 -2.013220556585E-20 -5.582298196960E-04
  7.468794455535E+02  7.543794455535E+02  1.842974405841E+01  1.875489954312E-14 -1.071880538972E-03  3.399237169966E+02  1.109989575884E-01  1.487482141048E-01 -6.542206690093E-02  6.750067095222E-03 -3.246415724626E-02  1.911381924237E+00 -7.626619017970E-03  1.282582547820E-02 -5.199206460114E-03 -8.794854323436E-03  1.020122835143E-04  2.718100529235E-06 -2.251046238225E-06  9.553403836888E-06  2.658666326900E-02 -2.718100544331E-06  1.432535401902E-04  1.729827277897E-20 -2.523221706588E-21 -1.114212691766E-20 -5.305111565857E-04
  7.618794455535E+02  7.693794455535E+02  1.845356282872E+01  1.491141021423E-14 -2.317864451086E-03  3.407912296558E+02  1.075054262227E-01  1.440278026252E-01 -6.166014069127E-02  6.254433276065E-03 -5.704671750153E-02  1.861483569894E+00 -7.527707476686E-03  1.238816202358E-02 -4.860454546796E-03 -8.082118746928E-03  2.204702777735E-04  1.094444518040E-06 -1.977101231344E-06  8.867596996060E-06  2.423585744887E-02 -1.094444485734E-06 -1.236852933991E-03  7.007134967434E-21 -1.111897876906E-20 -1.640609822575E-20 -4.826839683618E-04
  7.768794455535E+02  7.843794455535E+02  1.847516828676E+01  9.219843493992E-15 -3.396722738384E-03  3.415787944763E+02  1.037756231040E-01  1.397163388304E-01 -5.787449637745E-02  5.608764594456E-03 -7.639740148124E-02  1.834559721880E+00 -7.472129737791E-03  1.235228836070E-02 -4.880158623062E-03 -7.415338493670E-03  3.279601437343E-04  3.888068917354E-06 -3.691138640796E-07  6.824187812963E-06  2.391699131202E-02 -3.888068933642E-06 -7.812079229329E-04  1.464745385630E-20  1.196235417661E-21 -1.680072056340E-20 -4.634900406489E-04
  7.918794455535E+02  7.993794455535E+02  1.849839506778E+01  1.487809007938E-15 -3.783119981847E-03  3.424286487546E+02  9.978482777753E-02  1.360798067411E-01 -5.407621969467E-02  5.096498643090E-03 -8.225464348092E-02  1.821522213390E+00 -7.235887855294E-03  1.229237147804E-02 -5.056483622664E-03 -7.677733216588E-03  1.493059576332E-04  2.588634003600E-06  1.080324924165E-06  4.234631641440E-06  2.616170436145E-02 -2.588634103037E-06  2.858894282518E-03  9.938217391404E-21 -1.441244933035E-21 -1.821187103305E-20 -5.029471110794E-04
  8.068794455535E+02  8.143794455535E+02  1.852420987643E+01 -5.763986365750E-15  1.966215016683E-03  3.433779716447E+02  9.564650457763E-02  1.309302903248E-01 -5.049144999186E-02  4.558813300443E-03  2.626201035071E-02  1.812772340106E+00 -7.227635599683E-03  1.220914561306E-02 -4.981510013272E-03 -8.232722590407E-03 -8.521722583845E-04  2.236482326206E-06  2.626087715734E-06  9.278969792062E-07  2.765509933356E-02 -2.236482375066E-06  4.080649889351E-03  2.788315594941E-21 -9.747153341417E-22 -2.180664007804E-20 -5.142968567034E-04
  8.218794455535E+02  8.293794455535E+02  1.855023809383E+01 -8.544352436228E-15  3.867153804554E-03  3.443320697161E+02  9.121028239618E-02  1.271457627613E-01 -4.656230277106E-02  4.049896685959E-03  6.403603165470E-02  1.776113360287E+00 -7.031477585401E-03  1.194945617410E-02 -4.917978588784E-03 -8.187981499025E-03 -3.364621113185E-04  1.842983208080E-07  4.028075570205E-06  2.640246185716E-06  2.665065362884E-02 -1.842983426502E-07  1.684858900921E-03  7.675659089838E-21 -1.079810909148E-20 -1.414136106523E-20 -4.989487561202E-04
  8.368794455535E+02  8.443794455535E+02  1.857417429986E+01 -1.231438742933E-14  5.112706958040E-03  3.452101666652E+02  8.681307743674E-02  1.238414793865E-01 -4.287180211231E-02  3.594364298191E-03  8.890409903435E-02  1.730619925485E+00 -6.710803068276E-03  1.145548536238E-02 -4.744682294059E-03 -7.687194798725E-03 -5.141494985296E-04  6.431463698185E-07  5.671658849569E-06  2.000311311331E-06  2.534577108437E-02 -6.431463951692E-07  2.299505662652E-03 -1.585530116153E-21 -2.503123865386E-21 -1.917980694702E-20 -4.622699131223E-04
  8.518794455535E+02  8.593794455535E+02  1.859777941661E+01 -1.934689301125E-14  8.162795079359E-03  3.460781453053E+02  8.245545344052E-02  1.201484203284E-01 -3.889768985899E-02  3.135961126469E-03  1.469817071692E-01  1.708169201906E+00 -6.605629243251E-03  1.101642710409E-02 -4.410797860873E-03 -7.150375356000E-03 -6.399998586760E-04  1.021730082285E-06  5.868398755503E-06  3.115227644821E-06  2.483126128434E-02 -1.021730106987E-06  3.238437250037E-03  5.114983976170E-21  2.165314379187E-21 -2.760494434715E-20 -4.386127790206E-04
  8.668794455535E+02  8.743794455535E+02  1.862075142116E+01 -2.299558004952E-14  1.118093538333E-02  3.469234625172E+02  7.771282393924E-02  1.178396122245E-01 -3.510053978970E-02  2.732758065145E-03  2.039939570639E-01  1.683711538800E+00 -6.336033936015E-03  1.071024877861E-02 -4.374214842557E-03 -7.016815232324E-03 -6.920616538634E-04 -2.881162185726E-06  4.952892699362E-06  3.714627683491E-06  2.579407370532E-02  2.881162277170E-06  4.219971230142E-03  7.744999977984E-21 -6.515526992324E-21 -3.252798580231E-20 -4.484580109080E-04
  8.818794455535E+02  8.893794455535E+02  1.864613698253E+01 -2.138815925583E-14  1.607408198783E-02  3.478606661816E+02  7.258120613449E-02  1.134172028499E-01 -3.103146101491E-02  2.403560703419E-03  2.970421226323E-01  1.655892773556E+00 -6.099667656937E-03  1.013661080018E-02 -4.036943143292E-03 -7.177168028400E-03 -9.095912099938E-04 -1.872186993933E-06  4.907837009520E-06  4.501575187879E-06  2.558318599688E-02  1.872186981254E-06  4.852430333829E-03  6.991004204944E-21 -5.664137962288E-21 -2.110343019422E-20 -4.316557122669E-04
  8.968794455535E+02  9.043794455535E+02  1.866870858118E+01 -1.622071769437E-14  2.027731001333E-02  3.486941485809E+02  6.675042307919E-02  1.113913374764E-01 -2.704210427305E-02  1.966346814574E-03  3.765576786528E-01  1.625704482036E+00 -5.849360779431E-03  9.782132297028E-03 -3.932771517638E-03 -6.683103700941E-03 -7.140285043232E-04 -6.375964496728E-07  4.801390446171E-06  3.760287190780E-06  2.542376352383E-02  6.375965088141E-07  3.533930977084E-03  1.022443309718E-20  2.084754328248E-21 -1.824650495215E-20 -4.186071203472E-04
  9.118794455535E+02  9.193794455535E+02  1.869380756703E+01 -1.081182828451E-14  2.270285789521E-02  3.496241157311E+02  6.038423388283E-02  1.086309321856E-01 -2.292262119068E-02  1.687636852896E-03  4.223041857511E-01  1.614668221530E+00 -5.606155806000E-03  9.497456834206E-03 -3.891301028030E-03 -6.670646925405E-03 -6.270501684588E-04 -6.967637902275E-07  4.883198303376E-06  1.039915030902E-07  2.623071841626E-02  6.967638135631E-07  3.515509811028E-03 -3.100943424176E-21 -9.108370815479E-21 -1.117778715626E-20 -4.026212807416E-04
  9.268794455535E+02  9.343794455535E+02  1.871790416077E+01 -1.034705061793E-14  2.686152952633E-02  3.505208757435E+02  5.320087746853E-02  1.059272872765E-01 -1.883347707346E-02  1.441342094923E-03  5.012620737833E-01  1.598874007921E+00 -5.484778941179E-03  9.105670815288E-03 -3.620891874110E-03 -6.224708929300E-03 -1.008897214143E-03  3.183626195102E-07  4.564391277014E-06 -1.115186398150E-06  2.738542244624E-02 -3.183626751114E-07  3.091507926683E-03  1.953999512709E-20 -3.776146170819E-21 -1.227422003072E-20 -3.942773173866E-04
  9.418794455535E+02  9.493794455535E+02  1.874515838570E+01 -1.010418112750E-14  2.848262367955E-02  3.515380559681E+02  4.441988641836E-02  1.060015453685E-01 -1.466110026443E-02  1.058678747904E-03  5.328946322486E-01  1.584127589299E+00 -5.360469761684E-03  8.948156869703E-03 -3.587687107956E-03 -6.306324795350E-03 -5.430134514597E-04  2.542148790644E-06  3.275911693950E-06 -1.854136162816E-06  2.821487810933E-02 -2.542148809443E-06  2.795336195017E-04  4.824696058294E-21  2.606671201015E-21 -2.444195030871E-20 -3.852369332655E-04
  9.568794455535E+02  9.643794455535E+02  1.877080812186E+01 -5.345008796097E-15  2.737941246365E-02  3.524952117299E+02  3.383141146019E-02  1.071460150226E-01 -1.048524435706E-02  9.805917125407E-04  5.129494361142E-01  1.594164470271E+00 -5.060932406881E-03  8.815259780648E-03 -3.754327373798E-03 -6.086601240457E-03 -6.668267923088E-05  1.081781861618E-06  1.241317855805E-06  9.273155249272E-07  3.027038653806E-02 -1.081781849570E-06 -1.440489814035E-03  7.318470804049E-21 -4.266013464327E-21 -1.834408826641E-20 -4.092042059638E-04
  9.718794455535E+02  9.793794455535E+02  1.880191638561E+01 -2.761556716808E-16  2.578661999919E-02  3.536618640500E+02  2.091704694625E-02  1.120933405048E-01 -5.970680966601E-03  4.913402012494E-04  4.825749377255E-01  1.707683658732E+00 -5.366147768597E-03  9.501550606707E-03 -4.135402838177E-03 -7.302005413627E-03  1.324769868461E-04 -5.141098772144E-07 -7.773360203990E-08 -4.790308622415E-07  3.814325001386E-02  5.141098771236E-07 -1.711297571012E-03  6.153840178370E-21 -1.651171968381E-21  3.653224520833E-22 -5.499911056035E-04
  9.868794455535E+02  9.943794455535E+02  1.884232363618E+01  7.861303838799E-16  2.417137171712E-02  3.551936845418E+02  4.343621418837E-03  1.272449909679E-01 -1.770488574997E-03  1.928959398045E-04  4.521646280849E-01  1.665851636555E+00 -5.987122030472E-03  9.440984450218E-03 -3.453862419419E-03 -9.073980005419E-03  1.518552667215E-04  2.979690519913E-06 -9.394031193581E-08 -1.072714377204E-06  2.155086083922E-02 -2.979690530381E-06 -8.605270374187E-04 -2.802343747525E-21  1.499944560847E-21 -3.037385587610E-20 -2.564904021814E-04
