                   y                  ym                   U                   V                   W                 U^2                 V^2                 W^2                  UV                  VW                  UW                VISC               SFSxx               SFSyy               SFSzz               SFSxy               SFSyz                dUdX                dVdX                dWdX                dUdY                dVdY                dWdY                dUdZ                dVdZ                dWdZ              SFSxym
 -4.000000000000E+00 -2.000000000000E+00  0.000000000000E+00  0.000000000000E+00  0.000000000000E+00  0.000000000000E+00  0.000000000000E+00  0.000000000000E+00  0.000000000000E+00  0.000000000000E+00  0.000000000000E+00  0.000000000000E+00  0.000000000000E+00  0.000000000000E+00  0.000000000000E+00  0.000000000000E+00  0.000000000000E+00  0.000000000000E+00  0.000000000000E+00  0.000000000000E+00  0.000000000000E+00  0.000000000000E+00  0.000000000000E+00  0.000000000000E+00  0.000000000000E+00  0.000000000000E+00  0.000000000000E+00
  2.220446049250E-16  2.000000000000E+00  8.228081547470E+00 -1.221913195626E-16 -7.224679220750E-02  7.040391217467E+01  6.351419220394E-02  8.288038458228E-01 -1.919472275861E-01 -1.686151578685E-03 -6.030403662502E-01  1.593674362824E+00 -3.019856726362E-03  1.402388447089E-02 -1.100402774623E-02 -6.807936078927E+00  4.843364012495E-02 -1.599504486009E-03 -1.548308919597E-04 -5.111445365997E-05  3.699044345861E+01  1.599504486030E-03 -2.947848631367E-01  4.802330676458E-20 -3.509295091383E-21  3.118083620675E-20 -2.392833950451E-02
  4.000000000000E+00  6.000000000000E+00  1.026724254688E+01 -2.809422255020E-16 -7.508296108348E-02  1.086913528409E+02  2.559017907697E-01  9.000990168049E-01 -4.138155057985E-01 -1.904100478517E-03 -7.851335793444E-01  6.451385181372E+00  3.817900907567E-01 -3.310978865819E-01 -5.069220417206E-02 -1.927668556685E+00 -8.336828974661E-02  4.043378260236E-04 -2.425602546995E-04  7.708721873417E-05  5.308832885590E+00 -4.043378260236E-04  2.795582342931E-03 -1.992722200410E-20 -9.119784249957E-22  2.440996252423E-20 -1.263750936663E-01
  8.000000000000E+00  1.000000000000E+01  1.088180424799E+01  4.252318983045E-16 -7.092707086645E-02  1.211325684672E+02  3.260718342820E-01  8.504976561579E-01 -3.985821220331E-01 -2.055821173407E-03 -7.875750865273E-01  6.826500173558E+00  1.883744026483E-01 -4.366932384098E-01  2.483188357651E-01 -9.418004669086E-01 -3.373212827233E-02  3.070204764488E-04 -1.322136438740E-04  2.742989600281E-05  2.381780978894E+00 -3.070204764508E-04  1.516479062976E-02  3.214863957180E-20 -5.016548558869E-21  2.552083291969E-20 -5.692855176019E-02
  1.200000000000E+01  1.400000000000E+01  1.145828884996E+01  1.986818695676E-15 -6.740180325947E-02  1.339631212484E+02  3.671989869272E-01  8.354722783779E-01 -4.349486874612E-01 -1.977481735604E-03 -7.878259160587E-01  6.739450814931E+00  1.788925069269E-01 -4.028387712778E-01  2.239462643451E-01 -8.990532081518E-01 -2.839025392865E-03  2.267699650909E-04 -6.285065404218E-05 -3.558127016794E-06  1.957275914658E+00 -2.267699650544E-04  1.409223279370E-02  1.698076717492E-20 -4.985876243286E-21  8.490957004731E-20 -4.842414515398E-02
  1.600000000000E+01  1.800000000000E+01  1.186059519340E+01  2.833900937989E-15 -6.387734230000E-02  1.431982237642E+02  3.991577880957E-01  8.258366848911E-01 -4.341865700868E-01 -2.167743247364E-03 -7.732043532586E-01  6.366100709878E+00  1.480249758370E-01 -3.641936151780E-01  2.161686393361E-01 -6.362974662500E-01 -1.553154586104E-03  1.861726641497E-04 -2.646250719161E-05 -9.627968413920E-06  1.503173045421E+00 -1.861726641319E-04  1.053334533973E-02  3.922043949912E-20 -2.372134798586E-21  1.363481454261E-19 -3.666496258562E-02
  2.000000000000E+01  2.200000000000E+01  1.221018509314E+01  2.278111727039E-15 -6.223337370803E-02  1.515447653996E+02  4.257801188259E-01  8.225609202480E-01 -4.448585445483E-01 -2.242553809163E-03 -7.752413983858E-01  6.124207720292E+00  1.320248799277E-01 -3.343930965836E-01  2.023682166643E-01 -5.451916216206E-01 -1.534420955181E-03  1.363447889602E-04 -2.063587790074E-05  5.342048782686E-06  1.265417211551E+00 -1.363447890092E-04  6.574813201792E-03  8.954642100815E-20 -7.865503331351E-22  1.049478595891E-19 -3.088599819499E-02
  2.400000000000E+01  2.600000000000E+01  1.249334074755E+01  1.122437501740E-15 -6.060808384784E-02  1.584640659079E+02  4.484004810967E-01  8.202741086968E-01 -4.456486343490E-01 -2.323082405481E-03 -7.740036038713E-01  5.852449799642E+00  1.149634447571E-01 -3.065774250218E-01  1.916139802652E-01 -4.435161472034E-01 -7.380803035154E-04  2.522017561603E-05 -2.427725595088E-05 -1.557708064026E-05  1.068923244385E+00 -2.522017561234E-05  4.781842000831E-03 -2.334542105328E-21 -1.124806188010E-20  1.215287694715E-19 -2.584800937532E-02
  2.800000000000E+01  3.000000000000E+01  1.274435797540E+01  2.537119819790E-16 -5.977739226153E-02  1.647515753032E+02  4.673911232410E-01  8.195079613242E-01 -4.493547600558E-01 -2.432793496912E-03 -7.786306558322E-01  5.639606956925E+00  1.035807230816E-01 -2.846122310360E-01  1.810315079532E-01 -3.877519635933E-01 -5.905018460823E-04  3.956305973168E-05 -1.818809171014E-05 -2.440331535494E-05  9.374416313366E-01 -3.956305965021E-05  1.013315636151E-03  6.268593731847E-20  5.276661537765E-21  1.534108198612E-19 -2.259527619149E-02
  3.200000000000E+01  3.400000000000E+01  1.296207254772E+01 -5.872886089479E-16 -6.007551628822E-02  1.703015174467E+02  4.831687148484E-01  8.180906281601E-01 -4.496882104157E-01 -2.423529451774E-03 -7.951764447144E-01  5.439400189033E+00  9.276527576838E-02 -2.653947860023E-01  1.726295102382E-01 -3.359936640797E-01  1.310690077512E-04  6.510884850396E-05 -1.320802181570E-05  4.294957841303E-05  8.306812177501E-01 -6.510884858050E-05 -9.824538626662E-04  2.927338256482E-20 -1.887521025313E-20  1.206133613884E-19 -1.992131683085E-02
  3.600000000000E+01  3.800000000000E+01  1.315986723365E+01 -3.072013129990E-15 -6.024027386562E-02  1.754352927530E+02  4.962390821698E-01  8.170838933802E-01 -4.509562189913E-01 -2.426867058315E-03 -8.093777422704E-01  5.267930166938E+00  8.429595857793E-02 -2.493273489121E-01  1.650313903324E-01 -3.024768988828E-01 -4.605773132177E-04  5.021238544027E-05 -1.410253282159E-05  4.444539988229E-05  7.509911432063E-01 -5.021238546002E-05 -2.648100513040E-04  8.205954745096E-21 -1.462909888432E-20  1.583058436304E-19 -1.792964385024E-02
  4.000000000000E+01  4.200000000000E+01  1.333763720909E+01 -4.972971398102E-15 -6.017749267336E-02  1.801146942480E+02  5.070264219121E-01  8.152644038600E-01 -4.506548396864E-01 -2.499360674217E-03 -8.183743601993E-01  5.108364195110E+00  7.734370770620E-02 -2.350725278223E-01  1.577288201174E-01 -2.716645922240E-01 -6.606517050452E-04  3.006003640714E-05 -1.385568081211E-05  4.751846825950E-06  6.865774034281E-01 -3.006003652893E-05  1.059881755850E-03  6.970324588460E-20  4.001526588977E-21  1.172776926908E-19 -1.630018375724E-02
  4.400000000000E+01  4.600000000000E+01  1.350318127270E+01 -4.208542079646E-15 -5.972969703238E-02  1.845332262184E+02  5.158931579926E-01  8.128977891243E-01 -4.509748706131E-01 -2.472729416504E-03 -8.206567677791E-01  4.967162551751E+00  7.129637286943E-02 -2.225223861924E-01  1.512260133237E-01 -2.503057027689E-01 -8.970351393450E-04  1.777998451977E-05 -1.331834846742E-05 -1.299114086319E-05  6.361056605869E-01 -1.777998457282E-05  1.580469609296E-03 -1.456224447232E-20 -2.310068133606E-20  1.212953913748E-19 -1.500509625630E-02
  4.800000000000E+01  5.000000000000E+01  1.365566403634E+01 -2.321980859902E-15 -5.944311346283E-02  1.886515163222E+02  5.231164599407E-01  8.094967433027E-01 -4.503599284874E-01 -2.500501359193E-03 -8.238585138861E-01  4.841982597556E+00  6.624206604969E-02 -2.119420404908E-01  1.456999744392E-01 -2.300161106191E-01 -7.706576937320E-04  3.043052665073E-05 -1.233602755553E-05  1.777122961069E-06  5.900425648909E-01 -3.043052658174E-05  1.370326526494E-03  4.466382173883E-20 -2.206576398315E-20  1.295376149366E-19 -1.385558709704E-02
  5.200000000000E+01  5.400000000000E+01  1.379826470876E+01  3.314334483945E-16 -5.909129786290E-02  1.925490827873E+02  5.289061679781E-01  8.060086598152E-01 -4.499737174594E-01 -2.462563237289E-03 -8.249174523841E-01  4.726144508851E+00  6.206974781670E-02 -2.024833159111E-01  1.404135680928E-01 -2.136014639908E-01 -8.130115751678E-04  9.740660443726E-06 -1.175871060586E-05  6.578463369772E-06  5.535533446540E-01 -9.740660625272E-06  2.327473982534E-03  4.288662051732E-20  6.879181818517E-21  1.400051871706E-19 -1.291820514284E-02
  5.600000000000E+01  5.800000000000E+01  1.393256596374E+01  3.749972988382E-15 -5.831352385912E-02  1.962562430696E+02  5.336170300801E-01  8.019613128737E-01 -4.492327375117E-01 -2.567308215674E-03 -8.199858264852E-01  4.618627332949E+00  5.825576085310E-02 -1.934659342083E-01  1.352101733542E-01 -2.000046783303E-01 -8.266438351425E-04  2.622034691577E-05 -1.565577406350E-05  9.091914466605E-06  5.234697211167E-01 -2.622034681184E-05  1.149201572064E-03  3.434603857066E-20 -1.558471737856E-21  1.139859524027E-19 -1.212149471858E-02
  6.000000000000E+01  6.200000000000E+01  1.405994869712E+01  8.691549216455E-15 -5.856639167717E-02  1.998079507893E+02  5.375275468423E-01  7.977002674390E-01 -4.485980514046E-01 -2.606276425297E-03 -8.297047231829E-01  4.519316900909E+00  5.479670548709E-02 -1.855697782239E-01  1.307730727359E-01 -1.882401399982E-01 -5.276466166593E-05  2.230392084445E-05 -1.992975288437E-05  2.033899616647E-05  4.963217307235E-01 -2.230392058895E-05 -1.975045296364E-03 -1.192731878285E-20  1.990799660574E-20  1.582974152300E-19 -1.139927052207E-02
  6.400000000000E+01  6.600000000000E+01  1.418059652899E+01  1.453081361832E-14 -5.928351153940E-02  2.032008772217E+02  5.407368282356E-01  7.932519254883E-01 -4.477441544897E-01 -2.662197527885E-03 -8.452427696182E-01  4.423017982661E+00  5.141310596954E-02 -1.784052289735E-01  1.269921230037E-01 -1.768706497984E-01  4.127197061665E-04 -3.136093724232E-05 -2.050393372679E-05  6.404592311358E-06  4.690829294473E-01  3.136093726744E-05 -3.227160446433E-03  3.156690062333E-20 -4.138806221422E-22  1.615916154337E-19 -1.069822016673E-02
  6.800000000000E+01  7.000000000000E+01  1.429442467060E+01  2.014289718818E-14 -6.010218019401E-02  2.064297274156E+02  5.433128319019E-01  7.896591037677E-01 -4.469619345395E-01 -2.657224122155E-03 -8.607894636469E-01  4.336910306659E+00  4.851747439236E-02 -1.720733619544E-01  1.235558875616E-01 -1.660372712533E-01  5.184724936498E-04 -1.837803885351E-05 -1.828112157705E-05 -2.912315664786E-05  4.431732711327E-01  1.837803899657E-05 -3.376499876257E-03  2.552305848424E-20  8.272401086041E-22  1.357074391448E-19 -1.007112367063E-02
  7.200000000000E+01  7.400000000000E+01  1.440219817489E+01  2.117656657669E-14 -6.097885438354E-02  2.095095676185E+02  5.454667617325E-01  7.865014837576E-01 -4.459931602422E-01 -2.678735089840E-03 -8.769872993327E-01  4.261633401438E+00  4.557672352387E-02 -1.661297888533E-01  1.205530653285E-01 -1.564132933234E-01 -6.331069797316E-05  2.296300896106E-05 -1.556505357786E-05 -5.108084673466E-05  4.211748292887E-01 -2.296300900319E-05 -3.187158950514E-03  8.803533874993E-21 -8.797995436834E-21  1.487530265065E-19 -9.547424104403E-03
  7.600000000000E+01  7.800000000000E+01  1.450509467268E+01  1.754265540702E-14 -6.177327037026E-02  2.124719814416E+02  5.472412914111E-01  7.827403517615E-01 -4.449878479340E-01 -2.661749763382E-03 -8.930533029137E-01  4.191396456181E+00  4.293085562118E-02 -1.605586923063E-01  1.176278366855E-01 -1.488704859116E-01 -4.490213409661E-05 -6.566070945304E-06 -1.574449212197E-05 -2.138794697786E-05  4.037654271686E-01  6.566070843145E-06 -3.147588178960E-03  2.860657750077E-20  2.692059727800E-21  1.288144648534E-19 -9.081781942925E-03
  8.000000000000E+01  8.200000000000E+01  1.460404990108E+01  1.533904528279E-14 -6.256038564920E-02  2.153441026366E+02  5.485649960891E-01  7.789063522183E-01 -4.439960207345E-01 -2.656935846090E-03 -9.085724305870E-01  4.124009021312E+00  4.066362811822E-02 -1.554979904746E-01  1.148343623576E-01 -1.418221782229E-01  3.189943961888E-04  8.720198691109E-06 -1.555698363066E-05  1.213624197516E-05  3.880104579316E-01 -8.720198573976E-06 -3.710144491003E-03 -3.376880351289E-21 -1.863674158284E-22  1.264697154534E-19 -8.655269470336E-03
  8.400000000000E+01  8.600000000000E+01  1.469907487956E+01  1.255443600641E-14 -6.357350315821E-02  2.181216854353E+02  5.495531298209E-01  7.748184720553E-01 -4.428984232641E-01 -2.639204505890E-03 -9.270423926696E-01  4.058892438190E+00  3.877625190729E-02 -1.510695279248E-01  1.122932760168E-01 -1.351445611039E-01  4.644999671381E-04  5.876700516577E-06 -1.623095767473E-05  1.794373396978E-05  3.719542113206E-01 -5.876700607796E-06 -3.771551071068E-03 -8.929679491150E-21 -7.958676643118E-22  1.557601173822E-19 -8.260802552629E-03
  8.800000000000E+01  9.000000000000E+01  1.479004979613E+01  7.879501810864E-15 -6.442733527305E-02  2.207973675605E+02  5.503209802513E-01  7.708898627350E-01 -4.417451223884E-01 -2.611971795735E-03 -9.431255999269E-01  3.992772453102E+00  3.701554986618E-02 -1.465922291303E-01  1.095766792631E-01 -1.293400204502E-01  5.107614007535E-04 -2.106852305571E-05 -1.896750701461E-05 -6.358336494026E-06  3.574625702051E-01  2.106852306327E-05 -2.934603086125E-03  3.969342514354E-20 -9.409126460968E-22  1.586678162262E-19 -7.894332718656E-03
  9.200000000000E+01  9.400000000000E+01  1.487772420122E+01  5.913209863168E-15 -6.506470334462E-02  2.233902537196E+02  5.508435035359E-01  7.674272487206E-01 -4.406671911083E-01 -2.585569762524E-03 -9.557999229871E-01  3.932913711324E+00  3.514699346027E-02 -1.420572472316E-01  1.069102537710E-01 -1.233995770886E-01  2.506077728217E-04  1.804587931735E-06 -1.786164760402E-05 -8.738882481746E-06  3.451481170845E-01 -1.804587972298E-06 -2.539131877429E-03 -3.995440687947E-21 -9.532760573018E-21  1.574783557545E-19 -7.553140900743E-03
  9.600000000000E+01  9.800000000000E+01  1.496258895292E+01  5.664387741407E-15 -6.570716033164E-02  2.259129795649E+02  5.511644848647E-01  7.638011299658E-01 -4.394754377075E-01 -2.593988711567E-03 -9.681343298822E-01  3.872274138086E+00  3.372105147680E-02 -1.379869446653E-01  1.042658931885E-01 -1.181873108297E-01  3.596006264185E-04  5.337845045895E-05 -1.498252428659E-05  2.314535182326E-06  3.331644326267E-01 -5.337845040372E-05 -2.218235617433E-03  2.112926420875E-20  6.228307507297E-21  1.495883180171E-19 -7.242098504462E-03
  1.000000000000E+02  1.020000000000E+02  1.504441642768E+01  4.249908729335E-15 -6.617423985547E-02  2.283591231741E+02  5.513584597504E-01  7.602054617705E-01 -4.382675657012E-01 -2.519735573621E-03 -9.784446525943E-01  3.820247529926E+00  3.258074210176E-02 -1.342846098925E-01  1.017038677896E-01 -1.134430590692E-01  2.009124424771E-05  2.052944109586E-05 -1.562541086319E-05 -1.086287293235E-05  3.240169375021E-01 -2.052944114784E-05 -1.154675741415E-03 -7.314076549793E-21  9.216333834832E-21  1.621454826200E-19 -6.989600260581E-03
  1.040000000000E+02  1.060000000000E+02  1.512465003282E+01  4.642720019196E-15 -6.628181201183E-02  2.307694643796E+02  5.514096607741E-01  7.576687326220E-01 -4.369738572281E-01 -2.463859183817E-03 -9.834975085936E-01  3.774160065754E+00  3.140880881211E-02 -1.311062781938E-01  9.969746938234E-02 -1.101810901887E-01 -4.544234347036E-04 -1.703960104303E-05 -1.714979527976E-05 -1.650373621457E-05  3.162724203600E-01  1.703960116449E-05  9.791294033093E-04  6.447919883443E-22 -1.935397322378E-20  1.455733889210E-19 -6.776821841873E-03
  1.080000000000E+02  1.100000000000E+02  1.520250715512E+01  6.069993899877E-15 -6.566616514027E-02  2.331213625383E+02  5.512746637728E-01  7.558788844609E-01 -4.357192849838E-01 -2.305043380692E-03 -9.781563091639E-01  3.727774151116E+00  3.026953366270E-02 -1.277723861221E-01  9.750285246022E-02 -1.066886784158E-01 -9.870905986600E-04 -7.865749675945E-06 -1.605745206333E-05 -1.600927710344E-05  3.073473571340E-01  7.865749650598E-06  4.099254341937E-03  2.395037644871E-20 -1.460474783217E-20  1.146018134247E-19 -6.565247565886E-03
  1.120000000000E+02  1.140000000000E+02  1.527834436691E+01  5.477154537206E-15 -6.424836281737E-02  2.354236121867E+02  5.509729899049E-01  7.548162687343E-01 -4.343927539785E-01 -2.186824870067E-03 -9.611859577771E-01  3.682112577177E+00  2.907954463256E-02 -1.247674494641E-01  9.568790483210E-02 -1.031831744949E-01 -1.678318471464E-03  6.608672868390E-06 -1.561772993461E-05 -6.215661195737E-06  2.989876109126E-01 -6.608672766426E-06  6.702167948499E-03  1.616173717900E-20  1.135425007939E-20  1.477259619347E-19 -6.326555924306E-03
  1.160000000000E+02  1.180000000000E+02  1.535201658301E+01  4.705060487632E-15 -6.231861212080E-02  2.376721285297E+02  5.505105715156E-01  7.536500505696E-01 -4.331445296182E-01 -2.098322998283E-03 -9.367478879396E-01  3.636506402222E+00  2.808631973666E-02 -1.220447520966E-01  9.395843235943E-02 -9.923437972055E-02 -1.978809098603E-03  5.125468545096E-06 -1.575964107054E-05 -1.145595980917E-06  2.899727968819E-01 -5.125468622549E-06  7.536110828022E-03  1.037673079723E-20  7.196676261017E-21  1.109133444176E-19 -6.084538557788E-03
  1.200000000000E+02  1.220000000000E+02  1.542331121588E+01  4.518502614894E-15 -6.045053992067E-02  2.398591848865E+02  5.498146314361E-01  7.516695515816E-01 -4.317986685876E-01 -2.013175227445E-03 -9.137172007664E-01  3.595593733071E+00  2.706951731010E-02 -1.195522634422E-01  9.248274613079E-02 -9.542734008502E-02 -2.097882967124E-03 -2.600265188645E-06 -1.418947895046E-05 -8.053681049333E-06  2.811038628924E-01  2.600265202032E-06  6.863688969124E-03 -2.667417704250E-20  2.669875277246E-21  1.200334012602E-19 -5.862740908889E-03
  1.240000000000E+02  1.260000000000E+02  1.549258626063E+01  3.283686618334E-15 -5.891433124584E-02  2.419929727848E+02  5.489882609687E-01  7.494114024813E-01 -4.304788231171E-01 -1.961597508118E-03 -8.954193138938E-01  3.555610400774E+00  2.608140622304E-02 -1.169283503088E-01  9.084694408655E-02 -9.230994958782E-02 -1.936348328714E-03  6.994310621379E-06 -1.207849987876E-05 -9.942414308540E-06  2.734116314474E-01 -6.994310748612E-06  5.951862065102E-03 -5.280191288713E-21 -2.956169582779E-22  1.434341813431E-19 -5.679435731352E-03
  1.280000000000E+02  1.300000000000E+02  1.556003995637E+01  7.560766971994E-16 -5.752720018142E-02  2.440804231279E+02  5.481142612076E-01  7.471902689586E-01 -4.291062893943E-01 -1.850274923082E-03 -8.787094027480E-01  3.517365870886E+00  2.524572058525E-02 -1.145861243182E-01  8.934040373243E-02 -8.926960404287E-02 -1.773953648250E-03  1.661143880682E-05 -1.059141421775E-05 -1.510542994255E-05  2.668709745124E-01 -1.661143869593E-05  5.941685460783E-03  4.527745193427E-21  3.084885930588E-22  1.161957187140E-19 -5.500169385394E-03
  1.320000000000E+02  1.340000000000E+02  1.562599775283E+01 -1.658177790677E-15 -5.593884942391E-02  2.461292601208E+02  5.471268891266E-01  7.439373742687E-01 -4.277114580858E-01 -1.767441476463E-03 -8.586658115382E-01  3.479151241654E+00  2.450025315802E-02 -1.122397042041E-01  8.773945104687E-02 -8.672591168479E-02 -1.745714572920E-03  1.088176558455E-05 -8.583382297758E-06 -2.016834963593E-05  2.608367206311E-01 -1.088176573781E-05  6.419122669117E-03 -1.257612210286E-20 -8.490298070068E-21  1.487583600113E-19 -5.340640578876E-03
  1.360000000000E+02  1.380000000000E+02  1.569045735705E+01 -4.923331707596E-15 -5.430435856088E-02  2.481398147114E+02  5.460538461068E-01  7.405794725317E-01 -4.263684125787E-01 -1.656961425609E-03 -8.378142529833E-01  3.439902416294E+00  2.352734670378E-02 -1.097250799807E-01  8.619773327750E-02 -8.410232694467E-02 -1.799290726834E-03  1.285422672882E-05 -7.369736044315E-06 -1.676519345806E-05  2.543512657649E-01 -1.285422659741E-05  6.769768152198E-03 -3.640351889025E-20 -5.732102064008E-21  1.360823966048E-19 -5.173438403822E-03
  1.400000000000E+02  1.420000000000E+02  1.575321238150E+01 -8.925561100400E-15 -5.259364048772E-02  2.501054225880E+02  5.449847359853E-01  7.369713376976E-01 -4.249555955256E-01 -1.559112508482E-03 -8.158308301896E-01  3.400360675539E+00  2.267161649094E-02 -1.073916870321E-01  8.472007053975E-02 -8.141715744148E-02 -1.856871549513E-03  6.171243327952E-06 -8.436268831905E-06 -1.311174267714E-05  2.476348047651E-01 -6.171243551795E-06  7.620311881345E-03 -1.738240108231E-20  2.113184640538E-21  1.411063363097E-19 -5.002087289691E-03
  1.440000000000E+02  1.460000000000E+02  1.581428984261E+01 -1.069812843637E-14 -5.054204984940E-02  2.520265726313E+02  5.438867235383E-01  7.329820940166E-01 -4.235404329643E-01 -1.437369193654E-03 -7.887752083511E-01  3.363598881707E+00  2.196288273322E-02 -1.052453115260E-01  8.328242879375E-02 -7.870921395834E-02 -2.194033262687E-03 -1.217027494727E-05 -1.072294161792E-05 -1.201146384446E-05  2.419657833538E-01  1.217027494761E-05  8.222802855409E-03 -2.600089473156E-20 -2.344538885821E-20  1.022236125487E-19 -4.842551509848E-03
  1.480000000000E+02  1.500000000000E+02  1.587414155064E+01 -1.086031713055E-14 -4.849800553466E-02  2.539157725608E+02  5.427447917825E-01  7.286911629873E-01 -4.221536650051E-01 -1.363811390593E-03 -7.618522868387E-01  3.329300857232E+00  2.125209148807E-02 -1.032533892276E-01  8.200129773902E-02 -7.634917110664E-02 -2.072599226535E-03 -1.793717631855E-05 -1.202354746543E-05  2.026835672335E-06  2.364131661882E-01  1.793717622953E-05  7.586476329841E-03 -3.739446185195E-20 -1.606770497734E-20  1.003555643500E-19 -4.696218097297E-03
  1.520000000000E+02  1.540000000000E+02  1.593241813757E+01 -1.185639694062E-14 -4.676542189698E-02  2.557613690834E+02  5.416186126105E-01  7.239547374910E-01 -4.207328472222E-01 -1.266260950158E-03 -7.397606367838E-01  3.293621433970E+00  2.069603730642E-02 -1.012294026094E-01  8.053336530284E-02 -7.401448534327E-02 -1.790722474392E-03  3.563869666540E-06 -1.117000406443E-05 -6.914775197283E-07  2.306097156155E-01 -3.563869673792E-06  6.144362372788E-03 -5.771330671525E-20 -1.544844520376E-20  7.771215334822E-20 -4.560045381315E-03
  1.560000000000E+02  1.580000000000E+02  1.598942918442E+01 -1.273518385655E-14 -4.547606780819E-02  2.575715159508E+02  5.405043656633E-01  7.191909525043E-01 -4.193505239734E-01 -1.156057997145E-03 -7.240065608276E-01  3.257560930750E+00  1.983881470733E-02 -9.907610554236E-02  7.923729083650E-02 -7.178986375871E-02 -1.484281753802E-03  1.332286767409E-05 -1.025347087655E-05 -4.173942731402E-06  2.248893640441E-01 -1.332286777238E-05  4.781398097986E-03 -5.280349327449E-20  3.807439120328E-21  8.428828222335E-20 -4.412561920115E-03
  1.600000000000E+02  1.620000000000E+02  1.604489660988E+01 -1.205255600184E-14 -4.439768494868E-02  2.593392892105E+02  5.393228677413E-01  7.144957169282E-01 -4.179036318655E-01 -9.966189956608E-04 -7.110967524393E-01  3.222629541561E+00  1.928154459668E-02 -9.727265121216E-02  7.799110661651E-02 -6.939289741143E-02 -1.170788879778E-03  1.142766686083E-05 -1.118830437102E-05  9.808510712827E-06  2.192723032931E-01 -1.142766681819E-05  4.287557230379E-03 -2.984319668194E-20 -1.389032867738E-20  1.455032195216E-19 -4.275254648391E-03
  1.640000000000E+02  1.660000000000E+02  1.609910331813E+01 -1.141937528334E-14 -4.327872103437E-02  2.610730031371E+02  5.380709134161E-01  7.104726298690E-01 -4.165317394559E-01 -8.798830246821E-04 -6.972123894316E-01  3.189591467425E+00  1.852585637498E-02 -9.528349475014E-02  7.675763837463E-02 -6.736106323212E-02 -1.067903139742E-03 -7.733493338209E-06 -1.386727983410E-05  1.157798601330E-05  2.137809583814E-01  7.733493328958E-06  4.641484617921E-03 -6.286863272524E-20  8.788853538230E-21  1.038928030121E-19 -4.144495395881E-03
  1.680000000000E+02  1.700000000000E+02  1.615175575740E+01 -1.135082508310E-14 -4.203215972097E-02  2.627619924631E+02  5.367041037202E-01  7.064630916121E-01 -4.150281556673E-01 -7.159263732391E-04 -6.810381925293E-01  3.158067294280E+00  1.777546761196E-02 -9.348238421834E-02  7.570691660589E-02 -6.523967819359E-02 -1.220687676108E-03 -2.245492752191E-05 -1.470850395213E-05 -1.937646942915E-06  2.084097600963E-01  2.245492752865E-05  5.522665785501E-03 -5.389657258026E-20  1.503428338266E-20  1.177885835504E-19 -4.012360209119E-03
  1.720000000000E+02  1.740000000000E+02  1.620323182255E+01 -1.122993162582E-14 -4.054980276785E-02  2.644190403198E+02  5.351244979960E-01  7.022095517772E-01 -4.136427755762E-01 -5.862122004883E-04 -6.606788468050E-01  3.127343870001E+00  1.725410167260E-02 -9.196254779207E-02  7.470844611992E-02 -6.317451086079E-02 -1.343544176384E-03 -2.505151365395E-06 -1.212112635028E-05  6.785704793159E-06  2.036045882443E-01  2.505151313126E-06  5.827810705569E-03 -5.567959422768E-20 -1.559033875981E-20  9.623054744468E-20 -3.890017291388E-03
  1.760000000000E+02  1.780000000000E+02  1.625354485899E+01 -1.158166357956E-14 -3.911661976760E-02  2.660440743850E+02  5.334347650657E-01  6.975904203439E-01 -4.121250981247E-01 -4.090348923063E-04 -6.404080313591E-01  3.098265164254E+00  1.687447363644E-02 -9.030690087875E-02  7.343242724199E-02 -6.121837357118E-02 -1.317525428078E-03  5.471793425534E-06 -9.758945689648E-06  1.768992184398E-05  1.990830845562E-01 -5.471793447998E-06  5.445330309637E-03 -5.040994874244E-20 -6.784857257631E-21  7.058988423625E-20 -3.771948213122E-03
  1.800000000000E+02  1.820000000000E+02  1.630280629874E+01 -1.206648612047E-14 -3.775028548571E-02  2.676406958829E+02  5.317117822432E-01  6.934665094294E-01 -4.107187365407E-01 -2.781723867699E-04 -6.211879593624E-01  3.067902265182E+00  1.656729891646E-02 -8.849269930287E-02  7.192540038634E-02 -5.947965665799E-02 -1.205603937865E-03 -1.207768847107E-05 -9.378768447708E-06  9.927636944349E-06  1.953445889535E-01  1.207768840464E-05  5.887935544026E-03 -8.100147501657E-20 -1.490207678279E-21  1.068789830263E-19 -3.675188635159E-03
  1.840000000000E+02  1.860000000000E+02  1.635123651175E+01 -1.229477891024E-14 -3.614430260608E-02  2.692143736887E+02  5.299472175573E-01  6.891118271878E-01 -4.091477549155E-01 -9.584126404158E-05 -5.973229928446E-01  3.034613348014E+00  1.618735194498E-02 -8.679177776002E-02  7.060442581496E-02 -5.814423022467E-02 -1.379333454760E-03 -9.520974947045E-06 -1.012142281830E-05  6.801007095972E-06  1.912938281741E-01  9.520974915296E-06  6.635111287199E-03 -1.208897683394E-20 -7.656633908748E-21  7.130690211133E-20 -3.577571347308E-03
  1.880000000000E+02  1.900000000000E+02  1.639845533186E+01 -1.300468644809E-14 -3.445374361936E-02  2.707546550660E+02  5.281449591322E-01  6.847147401158E-01 -4.077746864596E-01  1.664022593309E-05 -5.713959038879E-01  3.005188404717E+00  1.582626927728E-02 -8.520377669953E-02  6.937750742259E-02 -5.640995374983E-02 -1.420707500096E-03 -5.729412730643E-06 -1.113027117652E-05  7.053269376997E-06  1.872245532978E-01  5.729412684052E-06  5.901072857414E-03 -6.241058433491E-20 -2.172350983323E-20  7.951971316984E-20 -3.488241305558E-03
  1.920000000000E+02  1.940000000000E+02  1.644484336577E+01 -1.371449076989E-14 -3.318680573871E-02  2.722710518969E+02  5.262247850316E-01  6.793329600813E-01 -4.061305980333E-01  1.758522585590E-04 -5.524367619559E-01  2.972290694988E+00  1.541491360249E-02 -8.338253419120E-02  6.796762058842E-02 -5.521250653736E-02 -9.685034876584E-04 -1.327896323278E-05 -1.188970343737E-05  1.102517156312E-05  1.834743021164E-01  1.327896325944E-05  4.573540207252E-03 -6.999656345542E-20 -1.126914244219E-20  7.683616475255E-20 -3.397855554869E-03
  1.960000000000E+02  1.980000000000E+02  1.649016675747E+01 -1.266407436094E-14 -3.213303084992E-02  2.737591857890E+02  5.241665943533E-01  6.740351410383E-01 -4.048031960253E-01  2.974857768849E-04 -5.371867537989E-01  2.943097095154E+00  1.490901662293E-02 -8.175649020741E-02  6.684747358460E-02 -5.351023446540E-02 -1.239694125124E-03 -2.223715221023E-05 -1.116793060622E-05  1.210583891349E-05  1.804321571346E-01  2.223715222383E-05  3.975618473848E-03 -6.892420616740E-20 -3.468506821871E-20  1.122889455562E-19 -3.293459059270E-03
  2.000000000000E+02  2.020600000000E+02  1.653501127909E+01 -1.136420731823E-14 -3.116497664097E-02  2.752340701438E+02  5.218416063176E-01  6.685474345608E-01 -4.030863194507E-01  4.576772445803E-04 -5.233466201213E-01  2.917511143557E+00  1.382573172665E-02 -7.906579824115E-02  6.524006651401E-02 -5.215312353964E-02 -8.410263733498E-04 -7.332192414738E-06 -7.976099704565E-06  1.796507596338E-06  1.744414267641E-01  7.332192450803E-06  3.740191442845E-03 -8.711639471823E-20  5.352775956617E-21  7.770443194292E-20 -3.226089318172E-03
  2.041200000000E+02  2.062418000000E+02  1.658000308878E+01 -1.229229334062E-14 -3.018582566037E-02  2.767190984606E+02  5.193463564971E-01  6.632075108660E-01 -4.015149674711E-01  5.654495932283E-04 -5.087228325071E-01  2.893862825435E+00  1.246716110014E-02 -7.608276578050E-02  6.361560468116E-02 -5.094508773312E-02 -9.593847426269E-04  4.038800549565E-06 -4.429198075729E-06 -1.183353960554E-05  1.693170487363E-01 -4.038800703552E-06  4.045783503806E-03 -1.044373796121E-19 -2.594046380120E-20  6.755764266427E-20 -3.145632428527E-03
  2.083636000000E+02  2.105490540000E+02  1.662489407005E+01 -1.454779034506E-14 -2.901159166595E-02  2.782045519729E+02  5.165587585636E-01  6.567423920679E-01 -3.997291560809E-01  7.321076961970E-04 -4.910920327531E-01  2.868342144181E+00  1.138760400685E-02 -7.318363082346E-02  6.179602681644E-02 -4.976112611042E-02 -1.087667560420E-03 -2.636898603650E-06 -3.258236502393E-06 -9.699746089114E-06  1.655530732633E-01  2.636898832461E-06  4.095254581799E-03 -1.222822354777E-19 -1.174969075504E-21  5.795448636327E-20 -3.086184263870E-03
  2.127345080000E+02  2.149855256200E+02  1.667048899002E+01 -1.747324536218E-14 -2.792773908069E-02  2.797182189774E+02  5.136082553947E-01  6.502571670414E-01 -3.979951026068E-01  8.439261242553E-04 -4.746057857383E-01  2.844762058826E+00  1.039669113923E-02 -7.026364733151E-02  5.986695619239E-02 -4.906934612319E-02 -1.003199406851E-03 -1.458949437808E-05 -3.481991768915E-06 -1.047520777712E-05  1.619081995702E-01  1.458949417431E-05  3.629534602470E-03 -8.124352754802E-20  2.507940834339E-21  8.874376472695E-20 -3.035030940753E-03
  2.172365432400E+02  2.195550913886E+02  1.671599601350E+01 -1.905127994019E-14 -2.693843292203E-02  2.812332054005E+02  5.105747920514E-01  6.439146400399E-01 -3.960625664747E-01  9.609689790173E-04 -4.591724804196E-01  2.820543487342E+00  9.380854386578E-03 -6.741038018169E-02  5.802952579527E-02 -4.802804092187E-02 -7.870327692010E-04 -1.649528319697E-05 -3.415310932951E-06 -1.936673856054E-05  1.580929762732E-01  1.649528325483E-05  2.990804693155E-03 -1.404308319676E-19 -2.404329569659E-20  6.554468595147E-20 -2.973678670854E-03
  2.218736395372E+02  2.242617441303E+02  1.676210524400E+01 -1.958953283152E-14 -2.618766689347E-02  2.827732653323E+02  5.073747989928E-01  6.376642559894E-01 -3.942136105189E-01  1.097045616746E-03 -4.478250270226E-01  2.800340465558E+00  8.144773387871E-03 -6.441220693348E-02  5.626743354518E-02 -4.715126933037E-02 -5.627545242092E-04 -1.338710731955E-05 -2.480365844725E-06 -1.880062729020E-05  1.545071609797E-01  1.338710724389E-05  2.399974330860E-03 -9.082501768105E-20 -1.982475261134E-20  5.503965247875E-20 -2.910811688111E-03
  2.266498487233E+02  2.291095964542E+02  1.680821893723E+01 -2.165959020935E-14 -2.552103090993E-02  2.843167289093E+02  5.040317333515E-01  6.312543469075E-01 -3.921937671226E-01  1.218692927851E-03 -4.381418755206E-01  2.778472299140E+00  7.161087761939E-03 -6.146255907663E-02  5.430147131478E-02 -4.606075492115E-02 -4.764261694271E-04 -4.739278973383E-06 -6.943650908050E-07 -1.740477027833E-05  1.505261765214E-01  4.739279023957E-06  2.322168607236E-03 -1.113001321054E-19 -3.323760843317E-20  6.035238466692E-20 -2.854855099049E-03
  2.315693441850E+02  2.341028843478E+02  1.685470074202E+01 -2.398678015473E-14 -2.479022466094E-02  2.858767600177E+02  5.006411981516E-01  6.240845707509E-01 -3.901145795148E-01  1.336006881560E-03 -4.274066777588E-01  2.753233911155E+00  6.106576537918E-03 -5.822640538470E-02  5.211982884711E-02 -4.527855265450E-02 -3.330541867918E-04 -4.463282310300E-06  8.231466155359E-08 -1.462804677213E-05  1.473251719130E-01  4.463282279452E-06  3.188047264990E-03 -1.325420973249E-19 -1.629420573833E-20  6.441846827615E-20 -2.805729104239E-03
  2.366364245106E+02  2.392459708782E+02  1.690155475365E+01 -2.474362612951E-14 -2.352559550946E-02  2.874532455574E+02  4.971262866184E-01  6.168108019486E-01 -3.879884639662E-01  1.477531505397E-03 -4.084965630182E-01  2.727035907686E+00  5.115272910858E-03 -5.481835624611E-02  4.970308333556E-02 -4.443499611138E-02 -5.059043361217E-04 -1.377424275796E-05  2.701741747834E-07 -1.115284518019E-05  1.446774367206E-01  1.377424268904E-05  4.199917555302E-03 -1.305594276849E-19 -1.159120134600E-20  3.046120213704E-20 -2.753471371003E-03
  2.418555172459E+02  2.445433500046E+02  1.694905328902E+01 -2.342721445077E-14 -2.204426993847E-02  2.890567587745E+02  4.933953183264E-01  6.091030537614E-01 -3.858036931708E-01  1.586490180855E-03 -3.849601196098E-01  2.702282193864E+00  4.080779593617E-03 -5.149365403739E-02  4.741287444433E-02 -4.363847342034E-02 -6.405471470616E-04 -2.941570047278E-06  1.482242907382E-06 -1.024477105408E-05  1.418011902731E-01  2.941570051422E-06  5.060753657060E-03 -1.137171671135E-19 -1.391577650631E-20  4.277516830492E-20 -2.698079759181E-03
  2.472311827633E+02  2.499996505047E+02  1.699680210175E+01 -2.177512105813E-14 -2.011465615164E-02  2.906714478309E+02  4.895028310775E-01  6.022180654761E-01 -3.834644526388E-01  1.731542043614E-03 -3.527500654877E-01  2.680573658611E+00  2.760443705459E-03 -4.831006884762E-02  4.554962514225E-02 -4.262718032501E-02 -8.809348771558E-04  2.376925727354E-06  2.325195227571E-06 -1.336859056606E-05  1.388342092554E-01 -2.376925686040E-06  6.170328789039E-03 -1.601128434098E-19 -4.792105879997E-20  4.087269445865E-20 -2.639281321937E-03
  2.527681182462E+02  2.556196400198E+02  1.704512196968E+01 -2.193366365269E-14 -1.776864949667E-02  2.923095612921E+02  4.855435851076E-01  5.952453587577E-01 -3.810913967526E-01  1.817513714873E-03 -3.137551853004E-01  2.658302053179E+00  1.704624748372E-03 -4.517931340437E-02  4.347468865495E-02 -4.178442162264E-02 -9.559233603513E-04  2.786313127472E-06  2.254795722604E-06 -1.313429096085E-05  1.355684816630E-01 -2.786313164096E-06  6.559054315217E-03 -1.180037672749E-19 -3.227927693914E-20  5.550099455851E-20 -2.581121565918E-03
  2.584711617935E+02  2.614082292204E+02  1.709343181254E+01 -2.324210413250E-14 -1.542902552871E-02  2.939515566994E+02  4.815716552080E-01  5.890085562556E-01 -3.785898055871E-01  1.955692611201E-03 -2.753163597667E-01  2.636508600754E+00  5.772069444966E-04 -4.186229966931E-02  4.128509272463E-02 -4.092661770510E-02 -1.106974617320E-03  2.607219076781E-06  2.471102487042E-06 -1.041489501259E-05  1.314150462785E-01 -2.607219060025E-06  5.946601443796E-03 -1.530681344473E-19  4.173811733905E-22  5.902504089212E-20 -2.530192511815E-03
  2.643452966473E+02  2.673704760971E+02  1.714160098213E+01 -2.356329136440E-14 -1.338634530596E-02  2.955947348870E+02  4.774837645957E-01  5.822175145754E-01 -3.761136427329E-01  2.038497613185E-03 -2.413266456013E-01  2.615264606616E+00 -2.603551144048E-04 -3.874031350811E-02  3.900066862255E-02 -4.002482765644E-02 -8.588805066471E-04  6.854258942080E-06  2.295608466340E-06 -1.120526417857E-05  1.257646338598E-01 -6.854258932502E-06  4.964664074103E-03 -1.020379711160E-19 -2.319632741411E-20  4.593344598640E-20 -2.455408991250E-03
  2.703956555468E+02  2.735115903800E+02  1.718854324843E+01 -2.127862173210E-14 -1.167519404331E-02  2.971995213075E+02  4.732575321146E-01  5.751435403426E-01 -3.734593252358E-01  2.188530718453E-03 -2.125796466349E-01  2.594163602218E+00 -1.259956057471E-03 -3.570286614502E-02  3.696282220254E-02 -3.850884764949E-02 -5.925154211481E-04  7.416897105385E-06  1.249615532877E-06 -9.152083037618E-06  1.202673468186E-01 -7.416897045437E-06  3.090175875341E-03 -1.338574399696E-19 -1.981931385574E-20  2.732642589027E-20 -2.375511590933E-03
  2.766275252132E+02  2.798369380914E+02  1.723529387687E+01 -1.796396936008E-14 -1.100742059436E-02  2.988012986455E+02  4.688758894490E-01  5.681375320797E-01 -3.708392633193E-01  2.296184510073E-03 -2.014054357754E-01  2.575073973863E+00 -2.285032406704E-03 -3.256500199613E-02  3.485003440265E-02 -3.753372660311E-02 -3.810743869115E-05  6.172317032520E-06 -1.628713424656E-07 -2.338916070462E-06  1.147150508461E-01 -6.172316967175E-06  2.938830084894E-04 -1.611987158963E-19 -8.034693011936E-21  3.173746057467E-20 -2.304259237533E-03
  2.830463509696E+02  2.863520462341E+02  1.728059456085E+01 -1.720735842226E-14 -1.147752508301E-02  3.003542142950E+02  4.642573614257E-01  5.616389784082E-01 -3.680501674483E-01  2.396368728299E-03 -2.100776134083E-01  2.559513762634E+00 -3.342099309390E-03 -2.948640238011E-02  3.282850168962E-02 -3.619502537109E-02  6.900820923522E-04  4.463030858967E-06 -1.553520914521E-06  8.182282296804E-07  1.091497589349E-01 -4.463030882728E-06 -2.314141188279E-03 -1.596913046974E-19 -9.990847283780E-21  3.186300131847E-20 -2.226459829501E-03
  2.896577414987E+02  2.930626076211E+02  1.732549686049E+01 -1.841776611638E-14 -1.294682972978E-02  3.018973245833E+02  4.593647281036E-01  5.552306905419E-01 -3.652505584995E-01  2.464133383412E-03 -2.366043391882E-01  2.545870686683E+00 -4.234121440626E-03 -2.659658001163E-02  3.083070145258E-02 -3.516237960170E-02  1.206625520306E-03  6.973645253523E-07 -1.908045886138E-06  4.632367794063E-06  1.057311240192E-01 -6.973645161738E-07 -5.237027098868E-03 -1.170344860334E-19 -3.993031425712E-20  1.055106509513E-20 -2.172475627292E-03
  2.964674737436E+02  2.999744858498E+02  1.737058333992E+01 -1.875188018463E-14 -1.593266578890E-02  3.034490753950E+02  4.543639808645E-01  5.493729638647E-01 -3.621866053914E-01  2.485143053973E-03 -2.902989852791E-01  2.534777587352E+00 -5.123369615731E-03 -2.368376998949E-02  2.880713960522E-02 -3.432062722981E-02  1.712061524829E-03  1.459314102524E-06 -1.483742709212E-06  5.454880963456E-06  1.036954945185E-01 -1.459314111262E-06 -7.300235544152E-03 -1.779811370964E-19 -3.128920832569E-20  1.072231236219E-20 -2.134881048530E-03
  3.034814979559E+02  3.070937204253E+02  1.741642299784E+01 -1.748898664055E-14 -1.934664900850E-02  3.050308469811E+02  4.495152976909E-01  5.423777730178E-01 -3.591455761651E-01  2.562679305133E-03 -3.519340434754E-01  2.524926214293E+00 -5.932209192417E-03 -2.084616394127E-02  2.677837313364E-02 -3.394284079827E-02  1.863014671465E-03  3.012457816969E-06 -1.937729361624E-06  3.007750621258E-06  1.011354996839E-01 -3.012457798494E-06 -7.732895771774E-03 -1.733109405341E-19 -1.068777892332E-20  1.629003148173E-20 -2.095820452561E-03
  3.107059428946E+02  3.144265320380E+02  1.746194369569E+01 -1.476723105777E-14 -2.293846675701E-02  3.066053358800E+02  4.448826472751E-01  5.347308562913E-01 -3.559371171061E-01  2.590443822808E-03 -4.172969980935E-01  2.516211231903E+00 -6.858605159701E-03 -1.782718606547E-02  2.468579122540E-02 -3.315910388945E-02  2.125221514489E-03 -5.165708182099E-08 -2.938532302864E-06  2.167552942683E-06  9.796329953928E-02  5.165711463111E-08 -7.805549935915E-03 -1.497015771193E-19 -1.533484319475E-20  3.109595027578E-20 -2.059455399399E-03
  3.181471211814E+02  3.219793279992E+02  1.750754578286E+01 -9.835496566496E-15 -2.662435245889E-02  3.081878073938E+02  4.405850980366E-01  5.278693768101E-01 -3.525561394037E-01  2.657154716502E-03 -4.838635329854E-01  2.512172647178E+00 -7.635489520036E-03 -1.494679248320E-02  2.258228200293E-02 -3.268486781144E-02  2.135278032900E-03 -1.060385915557E-06 -3.216014887882E-06  8.305225844285E-07  9.405440376234E-02  1.060386005147E-06 -6.991320480078E-03 -1.834170075089E-19 -1.307186266856E-20  1.771921990960E-20 -2.012739453968E-03
  3.258115348169E+02  3.297587078391E+02  1.755204975718E+01 -4.547861291842E-15 -2.965116593364E-02  3.097334223166E+02  4.366670029904E-01  5.212320881267E-01 -3.492085765208E-01  2.663701728222E-03 -5.400272674960E-01  2.509264131107E+00 -8.262388827839E-03 -1.211646444528E-02  2.037885327283E-02 -3.179019855162E-02  1.940061425890E-03 -4.541220664748E-06 -3.761569055921E-06 -1.176861022039E-06  9.050834027822E-02  4.541220630245E-06 -5.921454056626E-03 -1.777743263349E-19 -4.709441544895E-21  2.635382599678E-20 -1.973609613148E-03
  3.337058808614E+02  3.377714690743E+02  1.759685645180E+01 -8.684285929261E-17 -3.246017136427E-02  3.112909084371E+02  4.330060094012E-01  5.148688952220E-01 -3.456341578897E-01  2.799266920689E-03 -5.931077089798E-01  2.508860234282E+00 -8.968730120200E-03 -9.338694881968E-03  1.830742500243E-02 -3.128714750593E-02  1.772557093614E-03 -2.140315725395E-06 -4.825169187001E-06 -2.807450504540E-06  8.684139021482E-02  2.140315773738E-06 -6.018120700937E-03 -1.550154093041E-19 -7.823207672911E-21 -3.536185744852E-21 -1.915682051482E-03
  3.418370572872E+02  3.460246131465E+02  1.764030726411E+01  3.536745838325E-15 -3.572341389293E-02  3.128072661947E+02  4.294771162432E-01  5.099469724490E-01 -3.422160879282E-01  2.681963136297E-03 -6.529086259821E-01  2.505660612834E+00 -9.802025819391E-03 -6.797553332927E-03  1.659957915238E-02 -2.987111900387E-02  1.759323038476E-03 -3.048046610600E-06 -5.198166503040E-06 -3.912003388838E-06  8.214589920422E-02  3.048046613156E-06 -5.005520092333E-03 -1.879386966658E-19 -1.069818503210E-20 -2.696905370757E-20 -1.828376071596E-03
  3.502121690058E+02  3.545253515409E+02  1.768285591027E+01  5.565407509844E-15 -3.767720500749E-02  3.142907423061E+02  4.257937770981E-01  5.036637197119E-01 -3.384788976418E-01  2.780412878405E-03 -6.909624469415E-01  2.500959734032E+00 -1.052732366509E-02 -4.160199212912E-03  1.468752287826E-02 -2.862360932030E-02  1.265285028730E-03 -6.572811886798E-06 -4.909757189427E-06 -6.861528833977E-06  7.676233694922E-02  6.572811909716E-06 -3.924858393513E-03 -1.745553633341E-19 -1.330064155854E-20  3.087678220572E-21 -1.737092927904E-03
  3.588385340760E+02  3.632811120872E+02  1.772308955711E+01  6.494620813369E-15 -3.996969315488E-02  3.156952318658E+02  4.216910180643E-01  4.985639362277E-01 -3.348239876007E-01  2.715599073801E-03 -7.347729868077E-01  2.505512654277E+00 -1.126037830693E-02 -1.577108191315E-03  1.283748649800E-02 -2.697665297372E-02  1.376282082884E-03 -5.988583346958E-06 -4.338033645509E-06 -6.327657896820E-06  7.074817087027E-02  5.988583349201E-06 -3.605603396015E-03 -1.117823879040E-19 -2.295632692013E-20 -2.512762294913E-20 -1.645669527594E-03
  3.677236900983E+02  3.722995454498E+02  1.776143060649E+01  6.506438906169E-15 -4.170311550836E-02  3.170328085431E+02  4.173043733641E-01  4.943377412928E-01 -3.309318258236E-01  2.762849623892E-03 -7.686469924091E-01  2.516304237323E+00 -1.180038611556E-02  6.136318626582E-04  1.118675425258E-02 -2.576796474065E-02  1.136258818069E-03  1.519206958908E-06 -3.775901457319E-06 -8.883629249752E-06  6.609205804538E-02 -1.519206967209E-06 -2.773193994550E-03 -1.506145241014E-19 -8.954580518637E-21 -2.818516351049E-20 -1.577097411574E-03
  3.768754008012E+02  3.815885318133E+02  1.779867332232E+01  7.119354874148E-15 -4.315767478338E-02  3.183376104033E+02  4.130619549434E-01  4.894614495622E-01 -3.269759334510E-01  2.668085740386E-03 -7.980643099939E-01  2.524302139768E+00 -1.231534486230E-02  3.128463089599E-03  9.186881773103E-03 -2.469020048091E-02  1.093356837472E-03  5.970832044062E-06 -3.797676082193E-06 -9.924064594657E-06  6.243614440575E-02 -5.970832057690E-06 -1.640733276772E-03 -1.305308226717E-19  9.517823857201E-21 -1.345564524516E-20 -1.516071629846E-03
  3.863016628253E+02  3.911561877677E+02  1.783498895372E+01  1.011837720092E-14 -4.364388044364E-02  3.196107218633E+02  4.087774031380E-01  4.830174264864E-01 -3.228874287014E-01  2.787116330621E-03 -8.110194755819E-01  2.535405657224E+00 -1.289942995241E-02  5.469841119953E-03  7.429588832656E-03 -2.384388796709E-02  5.794005383787E-04  6.871785099851E-06 -4.228561680209E-06 -4.646966320714E-06  5.940311995943E-02 -6.871785078431E-06 -8.839198274582E-04 -1.389711517681E-19 -2.149769832064E-21 -4.250671936807E-20 -1.467424117336E-03
  3.960107127100E+02  4.010108734007E+02  1.787077005563E+01  1.276754974892E-14 -4.423196270055E-02  3.208683251230E+02  4.042503148690E-01  4.763155320235E-01 -3.187022826295E-01  2.617316737923E-03 -8.258679386059E-01  2.550429793196E+00 -1.367004293633E-02  8.066057759641E-03  5.603985176828E-03 -2.303678384452E-02  5.429937118010E-04  7.208820698653E-06 -3.745136461280E-06 -5.548701364557E-06  5.554999056912E-02 -7.208820684593E-06 -1.547019460295E-03 -1.719825874403E-19  3.752682897418E-21 -2.603049728212E-20 -1.402491540509E-03
  4.060110340913E+02  4.111611996027E+02  1.790442762656E+01  1.202285088616E-14 -4.556317645794E-02  3.220494735547E+02  3.994445343882E-01  4.706072718408E-01 -3.143189074325E-01  2.746520699557E-03 -8.537234019798E-01  2.562473399699E+00 -1.464860351743E-02  1.051746444260E-02  4.131139074635E-03 -2.161209397300E-02  8.083889210024E-04  1.955750073583E-06 -3.063305497471E-06 -7.107821921071E-06  5.037154342105E-02 -1.955750090791E-06 -2.997127064704E-03 -1.645869282138E-19 -1.291450575978E-20 -2.917937635516E-20 -1.295285123857E-03
  4.163113651141E+02  4.216160355908E+02  1.793563328999E+01  1.007971368409E-14 -4.805013797465E-02  3.231479645283E+02  3.942491956363E-01  4.637885173729E-01 -3.099413679826E-01  2.511175933246E-03 -9.039506269897E-01  2.582959549482E+00 -1.516105100536E-02  1.254096357710E-02  2.620087427882E-03 -1.995525425672E-02  1.104387864113E-03 -2.139385974042E-06 -1.757358307771E-06 -4.653215872326E-06  4.802410032234E-02  2.139385987183E-06 -4.075213520227E-03 -1.626359806625E-19 -2.272705755747E-20 -1.374082678788E-20 -1.248015351812E-03
  4.269207060675E+02  4.323845166585E+02  1.796814555586E+01  8.003044407734E-15 -5.094139992719E-02  3.242888025319E+02  3.890292354982E-01  4.595043346651E-01 -3.051442476104E-01  2.553237808636E-03 -9.620155315727E-01  2.609429199406E+00 -1.591687343065E-02  1.484294734611E-02  1.073926084647E-03 -2.009901225345E-02  1.429570214121E-03 -2.370443789370E-06  9.298726798802E-07 -2.933180177669E-06  4.592946027422E-02  2.370443746274E-06 -5.017041769952E-03 -1.459672642913E-19 -2.313453017403E-21 -3.849890916600E-20 -1.228262945815E-03
  4.378483272495E+02  4.434760521583E+02  1.799841303628E+01  4.486417603163E-15 -5.492232733407E-02  3.253503520772E+02  3.839893435307E-01  4.549644130503E-01 -3.004100451582E-01  2.292703556883E-03 -1.040594503443E+00  2.631992061062E+00 -1.632538999470E-02  1.683871555799E-02 -5.133255633837E-04 -1.932165587756E-02  1.897757651078E-03 -9.107182114853E-07  3.084568296911E-06 -4.393229307353E-06  4.444728169925E-02  9.107182144103E-07 -5.622643423907E-03 -1.196786381006E-19  7.353913116109E-22 -4.639254495629E-20 -1.224425501444E-03
  4.491037770670E+02  4.549003337230E+02  1.803072787431E+01  1.180313948431E-15 -5.886813591505E-02  3.264841203568E+02  3.791531870730E-01  4.504162317069E-01 -2.954647740538E-01  2.391831495362E-03 -1.119315265721E+00  2.660867324331E+00 -1.667453997438E-02  1.859644625221E-02 -1.921906277769E-03 -1.977207680652E-02  1.805431475347E-03 -2.861450242396E-06  4.093938386803E-06 -2.146601581224E-06  4.223980789171E-02  2.861450189246E-06 -4.449748064192E-03 -1.616112488946E-19 -8.904200559990E-21 -3.329484035286E-20 -1.187044498774E-03
  4.606968903790E+02  4.666673437347E+02  1.805965117191E+01  2.364069588238E-16 -6.135597794858E-02  3.274988477025E+02  3.746442148628E-01  4.449000185773E-01 -2.904682957235E-01  2.176470644265E-03 -1.170214476123E+00  2.686215235127E+00 -1.734336617195E-02  2.048569303060E-02 -3.142326858333E-03 -1.792332754287E-02  1.187236672055E-03  3.069637440083E-07  5.449211087554E-06 -5.181399615515E-06  3.969424557248E-02 -3.069637680738E-07 -3.529017207618E-03 -1.309544811064E-19 -4.984502154486E-21 -5.368843172392E-20 -1.112987975874E-03
  4.726377970904E+02  4.787873640468E+02  1.808996808367E+01  3.421277728714E-15 -6.411685972697E-02  3.285678052547E+02  3.703985316627E-01  4.380447098561E-01 -2.853274793923E-01  2.323790386855E-03 -1.225605742004E+00  2.728171601168E+00 -1.792416425079E-02  2.211979835038E-02 -4.195634099974E-03 -1.797703266837E-02  1.298284948340E-03  1.864609171181E-06  6.684204475608E-06  1.636465706788E-06  3.982673989318E-02 -1.864609135321E-06 -2.938053634104E-03 -1.505505522156E-19 -1.098296405584E-20 -3.166177811807E-20 -1.119268145798E-03
  4.849369310031E+02  4.912709849682E+02  1.812088003672E+01  8.484690959080E-15 -6.585582353110E-02  3.296599880395E+02  3.662051557907E-01  4.287030011562E-01 -2.796367375987E-01  1.995733228279E-03 -1.261167235860E+00  2.767558694937E+00 -1.832926318253E-02  2.372485545732E-02 -5.395592275144E-03 -1.779777801312E-02  1.331146329760E-03 -2.202973151527E-06  6.757156048492E-06 -2.277501084075E-06  4.069532025464E-02  2.202973118366E-06 -5.906706008820E-04 -1.687988887650E-19  2.240957059430E-21 -6.006788043541E-20 -1.132227806729E-03
  4.976050389332E+02  5.041291145172E+02  1.815441505853E+01  1.476427313740E-14 -6.503100027943E-02  3.308505299243E+02  3.614134791612E-01  4.192138795878E-01 -2.740872585837E-01  1.944608404321E-03 -1.248832117326E+00  2.813059940088E+00 -1.838626325171E-02  2.515249655322E-02 -6.766233301966E-03 -1.868786650637E-02  1.606620249222E-04 -7.337095464057E-07  7.048313632070E-06  7.254257862592E-07  4.085305063211E-02  7.337096141138E-07  1.161356700209E-03 -1.251443799208E-19  9.979770545494E-21 -7.592476429095E-20 -1.179535006391E-03
  5.106531901012E+02  5.173729879527E+02  1.818751108820E+01  1.993274237796E-14 -6.395681014502E-02  3.320180610570E+02  3.560592210835E-01  4.126494604800E-01 -2.680615535493E-01  1.616133295866E-03 -1.232887235320E+00  2.850390577964E+00 -1.880710742385E-02  2.663057911524E-02 -7.823471691191E-03 -1.879544848115E-02 -1.194538564136E-04 -4.302632045234E-06  6.730584650820E-06  1.984703766681E-06  4.026942017063E-02  4.302632048322E-06  9.795415812953E-04 -1.423322910079E-19  3.454620147485E-22 -5.774034559870E-20 -1.162268012214E-03
  5.240927858042E+02  5.310141775913E+02  1.822206545283E+01  1.960414122704E-14 -6.341623196013E-02  3.332417451155E+02  3.500561507767E-01  4.083359468113E-01 -2.617248708389E-01  1.799202794617E-03 -1.229996092747E+00  2.890513939574E+00 -1.911113275709E-02  2.801181169880E-02 -8.900678941688E-03 -1.863230779920E-02 -1.921596935614E-04 -3.118292548262E-06  4.235460321377E-06  3.827545282120E-06  4.058131971425E-02  3.118292528267E-06  3.394177555611E-04 -1.168138148734E-19  1.630915926710E-21 -4.578321082550E-20 -1.172214751025E-03
  5.379355693784E+02  5.450646029190E+02  1.825775713681E+01  1.740535435687E-14 -6.339947637883E-02  3.345022014997E+02  3.433917402964E-01  4.038489168983E-01 -2.553125481121E-01  1.732719148403E-03 -1.236638985372E+00  2.948233649227E+00 -1.952743234674E-02  2.974446259074E-02 -1.021703024333E-02 -1.893667288716E-02 -1.327147473984E-04  1.007771323897E-06 -1.534757019858E-06  3.872646937822E-06  4.052912019904E-02 -1.007771342852E-06  1.473211126684E-03 -1.331910722570E-19  1.712007289347E-20 -6.176281380991E-20 -1.200177251160E-03
  5.521936364597E+02  5.595365410066E+02  1.829433906175E+01  1.872388239825E-14 -6.080414366936E-02  3.357920820082E+02  3.366381141773E-01  4.003080503675E-01 -2.480423791917E-01  1.857343003831E-03 -1.195806624069E+00  3.000979059534E+00 -1.945936071938E-02  3.118705947771E-02 -1.172769875788E-02 -1.969517510532E-02 -9.237295144741E-04  7.741626307290E-06 -6.900714898719E-06  4.187256848706E-06  4.142019086143E-02 -7.741626300824E-06  1.321858881874E-03 -1.228930723660E-19  1.535699736495E-20 -5.159511444693E-20 -1.266229253559E-03
  5.668794455535E+02  5.743794455535E+02  1.833379344756E+01  2.182271319669E-14 -6.098103251051E-02  3.371930286085E+02  3.301919344967E-01  3.958960468670E-01 -2.406737240555E-01  1.817269840115E-03 -1.203253981640E+00  3.028597286477E+00 -1.916924205517E-02  3.141873044440E-02 -1.224948838928E-02 -2.054524233547E-02 -1.031067443623E-04  1.016101137836E-05 -8.247265459757E-06  7.301657523137E-06  4.175334077406E-02 -1.016101138645E-05  9.060433065041E-05 -1.147139706947E-19  1.815972698937E-20 -4.966260439468E-20 -1.286158186088E-03
  5.818794455535E+02  5.893794455535E+02  1.837262289748E+01  2.337965180251E-14 -6.062139107326E-02  3.385805934189E+02  3.236050301440E-01  3.902728372193E-01 -2.328366294331E-01  1.716666155968E-03 -1.199510117535E+00  3.012097428843E+00 -1.910047047845E-02  3.139661213048E-02 -1.229614165203E-02 -2.039563324954E-02 -1.537939691178E-04  4.005286411249E-06 -7.750647159592E-06 -4.382852938014E-06  4.284764042661E-02 -4.005286409671E-06 -3.354890215124E-04 -1.114681484888E-19  1.297582224191E-20 -4.249024406181E-20 -1.285066225345E-03
  5.968794455535E+02  6.043794455535E+02  1.841415036536E+01  2.488947416224E-14 -6.159490229129E-02  3.400695186768E+02  3.166840473583E-01  3.882318875416E-01 -2.249206245198E-01  1.778513074657E-03 -1.220633800235E+00  2.984468676770E+00 -1.904268775360E-02  3.135411920297E-02 -1.231143144984E-02 -2.055834399434E-02  1.755950092719E-04  3.109179506265E-06 -6.770649691123E-06 -2.372246239378E-06  4.391460119111E-02 -3.109179510347E-06 -1.624573194812E-03 -8.103936677067E-20  2.609805439875E-20 -4.578810464692E-20 -1.271901192999E-03
  6.118794455535E+02  6.193794455535E+02  1.845496891669E+01  2.709740967490E-14 -6.366512311104E-02  3.415400154437E+02  3.099477595631E-01  3.815051947274E-01 -2.172005254051E-01  1.445355758798E-03 -1.260804403930E+00  2.953748683609E+00 -1.860627182254E-02  3.062972616855E-02 -1.202345434612E-02 -2.011319424931E-02  8.241726835319E-04  4.207676817535E-06 -5.109255333728E-06  1.335921870543E-06  4.310599151303E-02 -4.207676817493E-06 -3.439754865974E-03 -8.857582299483E-20  6.422239484781E-21 -4.961896820553E-20 -1.250887495511E-03
  6.268794455535E+02  6.343794455535E+02  1.849499487409E+01  2.767278131181E-14 -6.803377303368E-02  3.429814888038E+02  3.035859045613E-01  3.753617785455E-01 -2.090914518764E-01  1.653212868780E-03 -1.344238957062E+00  2.922953419173E+00 -1.802901975605E-02  2.981799429143E-02 -1.178897453534E-02 -1.989195107613E-02  1.205944692752E-03  2.963800366141E-06 -4.025181581954E-06  8.984693319841E-06  4.424451375349E-02 -2.963800349411E-06 -3.227490357762E-03 -1.131489249729E-19  1.984819840187E-20 -5.347029845954E-20 -1.255551650966E-03
  6.418794455535E+02  6.493794455535E+02  1.853795372372E+01  2.566593682377E-14 -6.968982393642E-02  3.445315740170E+02  2.974910233559E-01  3.701099157649E-01 -2.010557062797E-01  1.327463814442E-03 -1.375709533203E+00  2.900977502790E+00 -1.764855470688E-02  2.970168515224E-02 -1.205313044532E-02 -2.032099758393E-02  6.938256103047E-04  2.316684367838E-06 -4.942433602544E-06  1.640377454315E-05  4.408661213402E-02 -2.316684399023E-06 -2.436906472713E-03 -7.250275258728E-20  2.095776626723E-20 -6.983193899844E-20 -1.251193340849E-03
  6.568794455535E+02  6.643794455535E+02  1.857761162524E+01  2.408329308548E-14 -7.256046503212E-02  3.459641210870E+02  2.911003258937E-01  3.623927382771E-01 -1.929029601822E-01  1.515964291677E-03 -1.429081194769E+00  2.863434626701E+00 -1.711590029237E-02  2.909574426126E-02 -1.197984396949E-02 -1.963123718572E-02  7.601437166385E-04 -2.002432424968E-07 -5.734445390631E-06  1.190452443806E-05  4.302526984219E-02  2.002432495495E-07 -6.321108948519E-04 -8.635252527527E-20  1.470081199297E-20 -5.529824070059E-20 -1.213126093704E-03
  6.718794455535E+02  6.793794455535E+02  1.861855758464E+01  2.471296301279E-14 -7.085080828509E-02  3.474543022567E+02  2.844072843442E-01  3.539444698402E-01 -1.845138755272E-01  1.121654293794E-03 -1.399711834011E+00  2.832888686437E+00 -1.714635672191E-02  2.872116447470E-02 -1.157480775278E-02 -1.942027110143E-02 -2.979855436030E-04 -3.271616464562E-06 -4.860699987794E-06  4.464683692244E-06  4.325854194080E-02  3.271616435105E-06  3.570685106120E-04 -8.661175709426E-20  6.834317075350E-21 -4.726231471205E-20 -1.208205849528E-03
  6.868794455535E+02  6.943794455535E+02  1.865872357558E+01  2.491568449678E-14 -7.191434982987E-02  3.489192080568E+02  2.777404032633E-01  3.450417316654E-01 -1.762574446806E-01  1.549774279618E-03 -1.421846842623E+00  2.807849189422E+00 -1.699474020688E-02  2.826802146745E-02 -1.127328126038E-02 -1.904740772030E-02 -8.754168999333E-05 -2.824830025243E-06 -4.381483511521E-06  8.294847760710E-07  4.307264145217E-02  2.824830024112E-06  1.112415897900E-03 -1.012961956131E-19  1.884810577994E-20 -3.131275249194E-20 -1.180354794559E-03
  7.018794455535E+02  7.093794455535E+02  1.869934229901E+01  2.417234750036E-14 -6.879951756834E-02  3.504046661323E+02  2.709627719636E-01  3.330239312931E-01 -1.677625722587E-01  1.260277424671E-03 -1.364663704015E+00  2.779366026615E+00 -1.667925622895E-02  2.739863057738E-02 -1.071937434829E-02 -1.875495858804E-02 -1.057217107129E-03  2.747315402092E-06 -5.381701088836E-06 -8.793851520460E-07  4.389162328248E-02 -2.747315404903E-06  3.851270597028E-03 -8.972942078089E-20  1.275502215887E-20 -4.213764912457E-20 -1.175813304817E-03
  7.168794455535E+02  7.243794455535E+02  1.874102500664E+01  2.559983316187E-14 -6.469765238439E-02  3.519302504149E+02  2.640721908353E-01  3.211350722278E-01 -1.591683833214E-01  1.960906934168E-03 -1.288845411409E+00  2.753536689345E+00 -1.601980857088E-02  2.676118728847E-02 -1.074137871804E-02 -1.898892102678E-02 -1.433704235892E-03  2.524086518535E-06 -5.058640896484E-06 -4.150712311472E-06  4.390711963856E-02 -2.524086502509E-06  4.108239051673E-03 -1.108756973800E-19  1.356692905938E-20 -3.049955664301E-20 -1.171265738071E-03
  7.318794455535E+02  7.393794455535E+02  1.878167805422E+01  2.668100303772E-14 -6.109656498627E-02  3.534260258551E+02  2.570079641669E-01  3.120621316811E-01 -1.503395974106E-01  1.900010915961E-03 -1.220182196039E+00  2.709518431742E+00 -1.549786643258E-02  2.587155137743E-02 -1.037368494446E-02 -1.826333272104E-02 -1.025049561848E-03  4.767487260538E-06 -2.399811601423E-06 -4.553441708637E-06  4.282296657141E-02 -4.767487275593E-06  4.596061960746E-03 -6.603992312258E-20  1.229545074833E-20 -3.295645524538E-20 -1.117907161867E-03
  7.468794455535E+02  7.543794455535E+02  1.882131668719E+01  2.580014731949E-14 -5.608836074590E-02  3.548859550277E+02  2.497913209191E-01  3.016733865814E-01 -1.416184089605E-01  2.698938719405E-03 -1.125890433851E+00  2.662167133617E+00 -1.505598188244E-02  2.498983061761E-02 -9.933848735384E-03 -1.736682419053E-02 -9.499567608315E-04  1.826033944428E-06  4.126118989135E-07 -5.697843214450E-06  3.961114683762E-02 -1.826033940217E-06  4.498663302246E-03 -1.103702604676E-19  2.328198705227E-20 -4.985944219101E-20 -1.041245423789E-03
  7.618794455535E+02  7.693794455535E+02  1.885592756754E+01  2.422398971228E-14 -5.265261854455E-02  3.561608775742E+02  2.418518855594E-01  2.929008963000E-01 -1.328167453010E-01  2.635700888679E-03 -1.059483181009E+00  2.607759926061E+00 -1.454660824383E-02  2.423110249289E-02 -9.684494249720E-03 -1.588610773682E-02 -8.315064162976E-04  2.630896165384E-06  2.446962484042E-06 -1.058967311042E-05  3.664774507037E-02 -2.630896164543E-06  4.011507688644E-03 -9.594234269066E-20  1.328559149523E-20 -5.178621483992E-20 -9.627770412790E-04
  7.768794455535E+02  7.843794455535E+02  1.889000861810E+01  2.096461661679E-14 -4.855483147586E-02  3.574196779915E+02  2.331732035199E-01  2.818612484264E-01 -1.241965810283E-01  2.953114940039E-03 -9.789939076971E-01  2.586575144278E+00 -1.417551185152E-02  2.351926636480E-02 -9.343754513457E-03 -1.511538728391E-02 -8.337263170876E-04  4.714402626306E-06  3.248181548646E-06 -7.470198013801E-06  3.555513063765E-02 -4.714402644919E-06  3.811289326769E-03 -9.981409448423E-20  8.404713477645E-21 -5.033299726230E-20 -9.169903624525E-04
  7.918794455535E+02  7.993794455535E+02  1.892256679327E+01  1.714173132143E-14 -4.550854359373E-02  3.586193057889E+02  2.238896398267E-01  2.727971746794E-01 -1.155562182442E-01  2.947201869300E-03 -9.158645741161E-01  2.553991344208E+00 -1.385069547852E-02  2.310134010509E-02 -9.250644626415E-03 -1.424917575950E-02 -1.561698933827E-04 -1.676972873744E-06  2.220829289479E-06 -7.391205897094E-06  3.446445593712E-02  1.676972865102E-06  3.493751932042E-03 -8.490566989108E-20  3.461489290334E-20 -4.651314502615E-20 -8.800523715834E-04
  8.068794455535E+02  8.143794455535E+02  1.895461479177E+01  1.399051274137E-14 -4.200672881746E-02  3.598043356747E+02  2.138864704493E-01  2.630601779640E-01 -1.071236251040E-01  3.165484829037E-03 -8.450071287632E-01  2.507759873881E+00 -1.319974616119E-02  2.250965795760E-02 -9.309911796476E-03 -1.373666442240E-02 -1.140932793149E-04 -3.054528961106E-06  1.699434654032E-06 -1.021620802092E-05  3.139234662710E-02  3.054528921999E-06  3.026470924526E-03 -7.472062157341E-20  1.870750493555E-20 -3.921595016181E-20 -8.096547329865E-04
  8.218794455535E+02  8.293794455535E+02  1.898143126854E+01  1.053094243753E-14 -3.982249141098E-02  3.607932118005E+02  2.035017634559E-01  2.579812303844E-01 -9.849773268142E-02  3.171899191926E-03 -8.025530363915E-01  2.454866291178E+00 -1.313251814273E-02  2.194100426532E-02 -8.808486122325E-03 -1.218402512295E-02 -1.610008846868E-04 -4.225104935489E-06  2.523050216302E-06 -1.188851679224E-05  2.708850574490E-02  4.225104924838E-06  2.165434124300E-03 -8.980093252779E-20  1.079962419106E-20 -3.737126856976E-20 -7.281966485332E-04
  8.368794455535E+02  8.443794455535E+02  1.900540592385E+01  8.232595450260E-15 -3.794490505657E-02  3.616775037107E+02  1.926064508157E-01  2.541041988948E-01 -9.000658881787E-02  3.040390013038E-03 -7.666872647677E-01  2.418656627584E+00 -1.254061241870E-02  2.105721811649E-02 -8.516605697708E-03 -1.122317476861E-02 -2.148986947747E-05 -3.419514885255E-06  2.049872868679E-06 -1.140849641064E-05  2.477760444496E-02  3.419514858518E-06  2.935568907364E-03 -7.880395013051E-20  8.035594971385E-21 -4.144474048778E-20 -6.752893292112E-04
  8.518794455535E+02  8.593794455535E+02  1.902789705855E+01  7.923253777612E-15 -3.433525438394E-02  3.625122532877E+02  1.805952683571E-01  2.502790008865E-01 -8.146864385677E-02  3.006604972967E-03 -6.989970179331E-01  2.376936205418E+00 -1.232501235058E-02  2.052472337843E-02 -8.199711027843E-03 -1.001205050539E-02 -3.074141084449E-04 -4.864941264653E-06  9.132737784693E-07 -3.168358241816E-06  2.145091011206E-02  4.864941262518E-06  2.837798168970E-03 -5.761443455160E-20  1.427487289347E-20 -3.731185250490E-20 -5.696988842696E-04
  8.668794455535E+02  8.743794455535E+02  1.904562820339E+01  8.435410934574E-15 -3.263238069986E-02  3.631721814935E+02  1.675264739933E-01  2.458025817059E-01 -7.304887423228E-02  2.584032180074E-03 -6.668687524389E-01  2.347984104076E+00 -1.229543509480E-02  2.020097123453E-02 -7.905536139855E-03 -8.391492907347E-03  2.986205625850E-04 -2.373719432766E-06  1.175923253194E-06  1.395420083850E-06  1.911017076306E-02  2.373719429849E-06  4.025939436717E-03 -6.889102989335E-20  2.385874426587E-21 -3.299094441573E-20 -4.967532508026E-04
  8.818794455535E+02  8.893794455535E+02  1.906371070745E+01  8.143297379008E-15 -2.676875007904E-02  3.638482901738E+02  1.535916048879E-01  2.417069586260E-01 -6.437874397321E-02  2.472416616922E-03 -5.560884245761E-01  2.321739807790E+00 -1.214536111947E-02  1.962769193453E-02 -7.482330815033E-03 -7.703403786365E-03 -6.896374645093E-04  4.938569965276E-06  1.223721084694E-06  5.931628569228E-07  1.972114430314E-02 -4.938569968237E-06  7.409288111728E-03 -6.941992747561E-20  8.777877902198E-21 -2.780687209846E-20 -4.748350001249E-04
  8.968794455535E+02  9.043794455535E+02  1.908258100923E+01  8.025876838125E-15 -1.871299107214E-02  3.645513553107E+02  1.388801596878E-01  2.427996852181E-01 -5.583656773755E-02  2.056710040665E-03 -4.029813154023E-01  2.269040444932E+00 -1.183167012235E-02  1.903569726126E-02 -7.204027138979E-03 -7.339695370033E-03 -1.064412043655E-03  4.633285602362E-06  2.525410784971E-07  3.441934543953E-06  1.841189528524E-02 -4.633285618880E-06  8.752169614032E-03 -6.482861078148E-20  2.996990215553E-21 -2.253542514582E-20 -4.226432482440E-04
  9.118794455535E+02  9.193794455535E+02  1.909821449709E+01  9.063722428843E-15 -1.035743213447E-02  3.651396585123E+02  1.233684205913E-01  2.447149655347E-01 -4.716096594717E-02  1.913422852989E-03 -2.447343241953E-01  2.229652461243E+00 -1.171635188676E-02  1.865050457706E-02 -6.934152690320E-03 -6.325413987644E-03 -1.167585619871E-03  3.276387902506E-06 -4.754235892831E-07  3.079983636674E-06  1.507358266768E-02 -3.276387887982E-06  9.426340573233E-03 -5.788389275756E-20  5.434014453413E-21 -1.843213571556E-21 -3.629990419553E-04
  9.268794455535E+02  9.343794455535E+02  1.911084975031E+01  9.491542534573E-15 -1.055413609214E-03  3.656190837459E+02  1.066252489935E-01  2.492538087546E-01 -3.856998538663E-02  1.556331392779E-03 -6.424004751391E-02  2.198035179987E+00 -1.136946709837E-02  1.808067530707E-02 -6.711208208781E-03 -5.272592436701E-03 -1.748145389115E-03 -5.547961838937E-07 -9.225315355754E-07  2.466808235912E-06  1.489934857665E-02  5.547961537128E-07  9.926209661219E-03 -5.491767538247E-20  6.077637774747E-21 -3.585877351776E-20 -3.277411852138E-04
  9.418794455535E+02  9.493794455535E+02  1.912615901392E+01  8.763591342771E-15  8.251451865823E-03  3.662035154628E+02  8.776877155380E-02  2.547743996063E-01 -3.004885261422E-02  1.186226915119E-03  1.159516114726E-01  2.185279695194E+00 -1.121138450814E-02  1.762675054311E-02 -6.415366034897E-03 -5.377097582773E-03 -1.602769040899E-03 -2.882645908167E-06 -7.163404689911E-07 -1.367343777283E-06  1.509537505201E-02  2.882645914764E-06  8.615668219252E-03 -5.873200364517E-20  5.720861527841E-21 -2.021459756968E-20 -3.293162386902E-04
  9.568794455535E+02  9.643794455535E+02  1.913913581638E+01  7.516112443077E-15  1.510300838734E-02  3.666969090963E+02  6.636043575636E-02  2.666244752297E-01 -2.143068477407E-02  8.438919056964E-04  2.454524111853E-01  2.211961150733E+00 -1.084463506727E-02  1.723123415544E-02 -6.386599088477E-03 -5.102642655486E-03 -1.283223444452E-03 -4.252791557737E-06 -2.701776133789E-07  3.650329532159E-06  1.715490576138E-02  4.252791523708E-06  8.769115719794E-03 -4.865168866929E-20  6.451951154532E-21 -5.378096289641E-21 -3.600197326019E-04
  9.718794455535E+02  9.793794455535E+02  1.915830862780E+01  5.033214513575E-15  2.469521375235E-02  3.674386378869E+02  4.096112040098E-02  2.816395254187E-01 -1.260584023625E-02  3.883924165432E-04  4.306144721871E-01  2.354059109730E+00 -1.099728607800E-02  1.864452832897E-02 -7.647242250978E-03 -6.891936515615E-03 -1.650532266289E-03 -1.430225073917E-07  1.960811605598E-07  5.210606292421E-06  2.638238091631E-02  1.430225030547E-07  5.883894553179E-03 -4.398848233115E-20  1.552711714481E-22  2.541912918815E-20 -5.735592791236E-04
  9.868794455535E+02  9.943794455535E+02  1.918861690599E+01  1.576247523708E-15  2.614543642811E-02  3.686272153484E+02  8.459446053593E-03  3.198041715750E-01 -3.804177234938E-03  1.762703741792E-04  4.587114221752E-01  2.405124817454E+00 -1.287300978367E-02  2.117905984771E-02 -8.306050063592E-03 -1.019394166401E-02  2.504689807268E-04 -2.940222330280E-06  3.097314281249E-07  7.676275213317E-06  1.615671435882E-02  2.940222301180E-06  7.691515438876E-04 -3.161797533214E-20 -1.379273026174E-21  8.428887192800E-21 -3.021409943444E-04
