                   y                  ym                   U                   V                   W                 U^2                 V^2                 W^2                  UV                  VW                  UW                VISC               SFSxx               SFSyy               SFSzz               SFSxy               SFSyz                dUdX                dVdX                dWdX                dUdY                dVdY                dWdY                dUdZ                dVdZ                dWdZ              SFSxym
 -4.000000000000E+00 -2.000000000000E+00  0.000000000000E+00  0.000000000000E+00  0.000000000000E+00  0.000000000000E+00  0.000000000000E+00  0.000000000000E+00  0.000000000000E+00  0.000000000000E+00  0.000000000000E+00  0.000000000000E+00  0.000000000000E+00  0.000000000000E+00  0.000000000000E+00  0.000000000000E+00  0.000000000000E+00  0.000000000000E+00  0.000000000000E+00  0.000000000000E+00  0.000000000000E+00  0.000000000000E+00  0.000000000000E+00  0.000000000000E+00  0.000000000000E+00  0.000000000000E+00  0.000000000000E+00
  2.220446049250E-16  2.000000000000E+00  8.259577604214E+00 -2.527506560527E-16 -6.227818632505E-02  7.101159184172E+01  6.405386217522E-02  8.467195899576E-01 -1.936210421776E-01 -1.621613847823E-03 -5.218388588913E-01  1.600049058536E+00 -3.058250772886E-03  1.417048417019E-02 -1.111223339901E-02 -6.867893600928E+00  4.472434550881E-02 -1.688390704959E-03 -1.484105840651E-04  9.154618350297E-06  3.714395570830E+01  1.688390704940E-03 -2.416740179234E-01  8.627893826820E-20  3.195490073270E-22 -1.704834696165E-20 -2.422107989046E-02
  4.000000000000E+00  6.000000000000E+00  1.031293982399E+01 -5.161078451184E-16 -5.854034479240E-02  1.097821671572E+02  2.579603553327E-01  9.276967947444E-01 -4.184215002697E-01 -2.427088894631E-03 -6.126966034684E-01  6.474418809800E+00  3.852968889879E-01 -3.333962560841E-01 -5.190063290901E-02 -1.950843753554E+00 -8.947860094004E-02  4.133075214149E-04 -2.429574471699E-04  2.270677455812E-05  5.344760530415E+00 -4.133075214521E-04  1.467292471730E-02  4.755630465517E-20  4.804238806485E-21 -2.101608807032E-20 -1.279472959329E-01
  8.000000000000E+00  1.000000000000E+01  1.093142962583E+01 -1.266376832681E-15 -5.499456991841E-02  1.223798806109E+02  3.286282490993E-01  8.819424620533E-01 -4.035700622748E-01 -2.414660967548E-03 -6.104795852806E-01  6.856846238995E+00  1.906395773986E-01 -4.416344436445E-01  2.509948662461E-01 -9.536439709238E-01 -3.396343768689E-02  3.751465626940E-04 -1.482178558083E-04  1.966994021923E-07  2.397132768795E+00 -3.751465626788E-04  1.444500006092E-02  5.661135667414E-20 -1.072083892480E-20  7.796425962311E-20 -5.760882446836E-02
  1.200000000000E+01  1.400000000000E+01  1.151136560000E+01 -2.919709323849E-15 -5.118947470828E-02  1.353666434744E+02  3.700833262631E-01  8.691802122405E-01 -4.405713620617E-01 -2.490081955824E-03 -5.980124654851E-01  6.775321143246E+00  1.815414605690E-01 -4.078052586293E-01  2.262637980595E-01 -9.106588323573E-01 -4.218989071028E-03  2.369430352967E-04 -8.230207699699E-05 -4.146694529880E-05  1.971402161509E+00 -2.369430354002E-04  1.397443822126E-02 -3.553005638389E-21  1.394448554984E-20  9.673773897196E-20 -4.904338546188E-02
  1.600000000000E+01  1.800000000000E+01  1.191716733428E+01 -2.638741791261E-15 -4.802548371477E-02  1.447478433087E+02  4.022812744182E-01  8.584393367616E-01 -4.406484374641E-01 -2.570817257227E-03 -5.803179683738E-01  6.399590284705E+00  1.491451986681E-01 -3.680180060793E-01  2.188728074101E-01 -6.457123507168E-01 -1.730382301615E-03  1.371895247102E-04 -4.369279563179E-05  2.040553061467E-07  1.517808491726E+00 -1.371895246969E-04  1.161144614221E-02  1.967083384041E-20 -2.500938919411E-20  8.464010050485E-20 -3.716920746116E-02
  2.000000000000E+01  2.200000000000E+01  1.227047664058E+01  4.223299950497E-16 -4.546582638385E-02  1.532470318803E+02  4.291101178619E-01  8.547003194742E-01 -4.520494876861E-01 -2.550625976660E-03 -5.652577604649E-01  6.143751803391E+00  1.336896595047E-01 -3.370506082163E-01  2.033609487106E-01 -5.532623131914E-01 -2.781247803222E-03  6.841743143287E-05 -2.603710783358E-05  1.453148071178E-05  1.277066152292E+00 -6.841743143002E-05  9.895510463703E-03  4.461330213425E-20 -2.284393181319E-20  1.060541476249E-19 -3.126008028293E-02
  2.400000000000E+01  2.600000000000E+01  1.255583049937E+01  3.803852921304E-15 -4.307089554085E-02  1.602747149866E+02  4.515850834048E-01  8.500712235299E-01 -4.536589033706E-01 -2.640733168071E-03 -5.490485501173E-01  5.867910639697E+00  1.161038031643E-01 -3.092702068872E-01  1.931664037222E-01 -4.466340114767E-01 -2.800205721436E-03  7.100145975620E-05 -2.050562307516E-05 -3.759394065210E-05  1.074394817111E+00 -7.100145972124E-05  8.835711297731E-03  5.269881800542E-20 -1.178924458901E-20  1.282322761047E-19 -2.600269158228E-02
  2.800000000000E+01  3.000000000000E+01  1.280755266162E+01  7.305314628688E-15 -4.110638698080E-02  1.666209985741E+02  4.701649441571E-01  8.464737814875E-01 -4.581955501874E-01 -2.598681895941E-03 -5.355768686999E-01  5.643064480185E+00  1.031036118739E-01 -2.858141802400E-01  1.827105683645E-01 -3.888734607768E-01 -2.706833072386E-03  6.109044377383E-05 -1.474047200771E-05 -4.139272369909E-05  9.395204464468E-01 -6.109044387871E-05  7.411534401170E-03  4.096173241476E-20  8.378381181213E-21  1.295864632980E-19 -2.261709575661E-02
  3.200000000000E+01  3.400000000000E+01  1.302553741704E+01  1.187277489864E-14 -3.942234805707E-02  1.722148976214E+02  4.854748558916E-01  8.427942894632E-01 -4.593056444024E-01 -2.646985371451E-03 -5.232116235737E-01  5.435319408422E+00  9.238876007976E-02 -2.660998007278E-01  1.737110406478E-01 -3.355335153829E-01 -2.594906707434E-03  6.934635034301E-05 -1.042742754720E-05 -3.259926080005E-05  8.296443740132E-01 -6.934635017947E-05  6.826241017372E-03  5.420838975800E-20 -3.049078291589E-21  1.405044962185E-19 -1.983644715599E-02
  3.600000000000E+01  3.800000000000E+01  1.322235350358E+01  1.793382485340E-14 -3.766964575819E-02  1.773538240982E+02  4.981448189331E-01  8.400339464841E-01 -4.612211336137E-01 -2.644955231772E-03 -5.089562549608E-01  5.260926557771E+00  8.385514322151E-02 -2.489916306423E-01  1.651364874171E-01 -3.005892657896E-01 -2.519453144803E-03  2.821908585051E-05 -8.309099402191E-06  1.681997078914E-05  7.500981544728E-01 -2.821908585918E-05  7.556053981991E-03  2.580557381884E-20 -2.164846653281E-21  1.421761867319E-19 -1.782553052745E-02
  4.000000000000E+01  4.200000000000E+01  1.340049884803E+01  2.297725334652E-14 -3.566070926331E-02  1.820709782454E+02  5.086448122081E-01  8.371755814560E-01 -4.618483505955E-01 -2.636418595641E-03 -4.899112952222E-01  5.100870630031E+00  7.683156223952E-02 -2.344317081420E-01  1.576001459007E-01 -2.703544933810E-01 -2.958398306780E-03  1.534927797574E-05 -4.609054288771E-06  2.880593267513E-05  6.844242405441E-01 -1.534927778512E-05  8.851672771217E-03  5.675567987500E-20 -1.851124039698E-20  1.393183278582E-19 -1.617434329062E-02
  4.400000000000E+01  4.600000000000E+01  1.356452002074E+01  2.470383417506E-14 -3.323694202206E-02  1.864730685057E+02  5.173653230373E-01  8.348521336693E-01 -4.626596265790E-01 -2.663625047633E-03 -4.632278466141E-01  4.958368045134E+00  7.061205968248E-02 -2.220412357553E-01  1.514291760729E-01 -2.472635670522E-01 -3.400211079481E-03  2.333454086831E-05 -3.285016380374E-07 -8.743440384026E-06  6.304840203294E-01 -2.333454084225E-05  9.552663710394E-03 -3.350812558525E-21  3.086853058121E-21  1.677648323009E-19 -1.479649369899E-02
  4.800000000000E+01  5.000000000000E+01  1.371574080861E+01  2.570523120170E-14 -3.083729422750E-02  1.905794338507E+02  5.245584149809E-01  8.320797293793E-01 -4.629124475637E-01 -2.650371450749E-03 -4.357411241591E-01  4.822063530986E+00  6.478636058086E-02 -2.101907261306E-01  1.454043655510E-01 -2.264312504926E-01 -3.073456356489E-03  3.884375201304E-05  2.188029152293E-06 -5.636895857453E-06  5.848542789542E-01 -3.884375203510E-05  9.641910790815E-03  5.383889612747E-20 -1.043035164855E-20  1.423275886550E-19 -1.362752471039E-02
  5.200000000000E+01  5.400000000000E+01  1.385697680262E+01  2.728660671257E-14 -2.839935390551E-02  1.944577843613E+02  5.304003455994E-01  8.282732126300E-01 -4.632220187090E-01 -2.604270692852E-03 -4.072099203038E-01  4.700519345755E+00  6.036406658517E-02 -2.001478439547E-01  1.397837773696E-01 -2.098521271875E-01 -3.012227590978E-03  1.155439428398E-05  9.997658095928E-07  3.941124014865E-06  5.469181326842E-01 -1.155439406535E-05  9.881092273020E-03  3.573765836711E-20  1.859079215248E-20  1.647850889498E-19 -1.265515435911E-02
  5.600000000000E+01  5.800000000000E+01  1.398914851909E+01  2.805376391983E-14 -2.591898777159E-02  1.981263379198E+02  5.351276250739E-01  8.250475662748E-01 -4.632295581126E-01 -2.578899195268E-03 -3.776428908189E-01  4.591186855733E+00  5.639815779555E-02 -1.914166787668E-01  1.350185209667E-01 -1.952364957730E-01 -3.352371644104E-03  8.089773430500E-07  4.352370234633E-07 -4.992043374385E-06  5.135588004712E-01 -8.089773972392E-07  1.081897817641E-02  5.318708821658E-21 -6.899253425715E-21  1.381723741134E-19 -1.180444490000E-02
  6.000000000000E+01  6.200000000000E+01  1.411375958165E+01  2.547423599454E-14 -2.299816102368E-02  2.016168665343E+02  5.390531087403E-01  8.209677360260E-01 -4.632171624052E-01 -2.546408267409E-03 -3.415684401782E-01  4.491653676724E+00  5.294842653941E-02 -1.837348307280E-01  1.307864041884E-01 -1.826338092919E-01 -3.696125916123E-03  4.797830792030E-05  1.353200918674E-06  3.322797226356E-06  4.829850872194E-01 -4.797830828301E-05  1.179875017122E-02  4.783537669414E-20 -2.461537005748E-20  1.233741575608E-19 -1.104297449339E-02
  6.400000000000E+01  6.600000000000E+01  1.423066892844E+01  2.138206095742E-14 -1.995527477383E-02  2.049193047599E+02  5.424728859429E-01  8.173650240045E-01 -4.630271177537E-01 -2.483390929672E-03 -3.026776686469E-01  4.394640443085E+00  4.958614140947E-02 -1.763329738042E-01  1.267468323945E-01 -1.707520864423E-01 -3.789648470602E-03  1.007015842529E-05  1.018436409498E-06  1.160660953614E-05  4.552002950735E-01 -1.007015843285E-05  1.298861334091E-02  1.959341069378E-20  6.403342790069E-21  1.427182665456E-19 -1.033018114531E-02
  6.800000000000E+01  7.000000000000E+01  1.434138437724E+01  1.823669031542E-14 -1.648189341640E-02  2.080699140883E+02  5.454828388170E-01  8.148338855336E-01 -4.627781651021E-01 -2.415971124107E-03 -2.565533350131E-01  4.305591145114E+00  4.678232390564E-02 -1.696998711180E-01  1.229175472130E-01 -1.600968256144E-01 -4.265655928185E-03 -2.838076599500E-06 -1.132367230116E-06 -4.966564921868E-06  4.327364732889E-01  2.838076486058E-06  1.416939510513E-02  4.330210031843E-20  4.424221251125E-21  1.460734657415E-19 -9.730864274998E-03
  7.200000000000E+01  7.400000000000E+01  1.444704995329E+01  1.986546358546E-14 -1.290295074301E-02  2.110977471148E+02  5.482239172462E-01  8.131259161446E-01 -4.624601120431E-01 -2.339393160829E-03 -2.077404267156E-01  4.222034623960E+00  4.419140024368E-02 -1.634558755556E-01  1.192644753112E-01 -1.512864409213E-01 -4.278733496317E-03 -2.105380225227E-05 -1.771428270469E-06  1.209414437854E-05  4.127027950423E-01  2.105380228371E-05  1.526236677904E-02  6.889065443426E-20 -1.787279863121E-20  1.151410462254E-19 -9.186958572705E-03
  7.600000000000E+01  7.800000000000E+01  1.454766415352E+01  2.696249778168E-14 -8.826307051298E-03  2.140008696746E+02  5.507754552510E-01  8.121212003019E-01 -4.620465670479E-01 -2.232736567234E-03 -1.506470718936E-01  4.144411229510E+00  4.162413437092E-02 -1.576469035183E-01  1.160227691457E-01 -1.429487532844E-01 -4.451974623271E-03 -3.251362199324E-06  1.007012354772E-06  4.284026826748E-05  3.918394962079E-01  3.251362347211E-06  1.705556061711E-02  1.008359157664E-20 -1.813573918485E-20  1.445831749122E-19 -8.673889908629E-03
  8.000000000000E+01  8.200000000000E+01  1.464292460314E+01  3.110663268671E-14 -4.319508511669E-03  2.167685325442E+02  5.529972948174E-01  8.117714249215E-01 -4.615645529591E-01 -2.161359540266E-03 -8.592626341626E-02  4.070053676872E+00  3.931088354209E-02 -1.523741300193E-01  1.130632464778E-01 -1.347706270348E-01 -4.670456363098E-03  9.893739920030E-06  4.201626292354E-06  1.672759043961E-05  3.718427622841E-01 -9.893740082296E-06  1.818385746978E-02  2.968720602276E-20 -2.426302227251E-20  1.387881426967E-19 -8.200159227022E-03
  8.400000000000E+01  8.600000000000E+01  1.473364083008E+01  3.594166121182E-14  2.427263630963E-04  2.194209154735E+02  5.549702770316E-01  8.121984067057E-01 -4.610430469603E-01 -2.052490334211E-03 -1.952535043753E-02  4.004817493282E+00  3.752360750753E-02 -1.479266693226E-01  1.104030618165E-01 -1.277997678628E-01 -4.861147324452E-03  1.656613100050E-05  5.020906301409E-06 -7.350680603425E-06  3.546512756861E-01 -1.656613088548E-05  1.817476145464E-02  2.079955170996E-21  6.140443418494E-22  1.200192556060E-19 -7.793830435671E-03
  8.800000000000E+01  9.000000000000E+01  1.482030096991E+01  4.601809775254E-14  4.753444999887E-03  2.219699825600E+02  5.568476440151E-01  8.136731293840E-01 -4.603799658209E-01 -1.965520942935E-03  4.713092776978E-02  3.943703253492E+00  3.562833083775E-02 -1.436182780427E-01  1.079899472071E-01 -1.215987459224E-01 -4.865353300460E-03  1.540286208734E-05  5.488085514179E-06  5.178125039344E-06  3.398615639496E-01 -1.540286208751E-05  1.905510206578E-02  5.009580897273E-20  9.039951996544E-21  1.050976681559E-19 -7.442305286136E-03
  9.200000000000E+01  9.400000000000E+01  1.490356966711E+01  5.136274044970E-14  9.832309947508E-03  2.244336571155E+02  5.585819436512E-01  8.154552934436E-01 -4.597263214298E-01 -1.873207438738E-03  1.225844425134E-01  3.884343368773E+00  3.406552867988E-02 -1.396760886026E-01  1.056105599229E-01 -1.164315604196E-01 -5.158660056299E-03 -3.178589878636E-05  6.611617058475E-06  1.616068908332E-05  3.273926923158E-01  3.178589885667E-05  2.065388324850E-02  7.887016364918E-20  9.821656144692E-21  1.291578513668E-19 -7.115839628026E-03
  9.600000000000E+01  9.800000000000E+01  1.498396547612E+01  5.275244639533E-14  1.509178108055E-02  2.268254954702E+02  5.601418894173E-01  8.170955514721E-01 -4.589655172132E-01 -1.816147189064E-03  2.010601212667E-01  3.831308507789E+00  3.256360219887E-02 -1.360937053450E-01  1.035301031463E-01 -1.115778705422E-01 -5.546143611391E-03 -5.256754157109E-06  7.514072790437E-06  1.451293008919E-05  3.167770313880E-01  5.256754092308E-06  2.023624593303E-02  1.880749449577E-20  1.300431066548E-20  1.612310092774E-19 -6.842467121082E-03
  1.000000000000E+02  1.020000000000E+02  1.506191714739E+01  5.816352911456E-14  1.993677133136E-02  2.291571140549E+02  5.615932883024E-01  8.189189951584E-01 -4.581620666511E-01 -1.790483005645E-03  2.737061909550E-01  3.780254015405E+00  3.107536845262E-02 -1.326047835937E-01  1.015294151423E-01 -1.074357473000E-01 -5.152479612396E-03 -3.740807143427E-06  8.877465169436E-06  3.187212298276E-06  3.062936352695E-01  3.740807225681E-06  1.899038407597E-02  3.450836967512E-20  1.008538896835E-20  1.344383016303E-19 -6.568069744550E-03
  1.040000000000E+02  1.060000000000E+02  1.513709809181E+01  5.997546889102E-14  2.459177474348E-02  2.314175309411E+02  5.629111085982E-01  8.207818394007E-01 -4.573438041718E-01 -1.749938732609E-03  3.442838531809E-01  3.730385509029E+00  2.936786860519E-02 -1.291054981790E-01  9.973762957315E-02 -1.027994681777E-01 -5.019616788605E-03 -2.030280656086E-05  1.041706949637E-05 -7.189326231495E-06  2.959776031876E-01  2.030280643008E-05  1.837006259493E-02  5.289612594130E-20 -1.444243433819E-21  1.007751501467E-19 -6.307136308132E-03
  1.080000000000E+02  1.100000000000E+02  1.520990308580E+01  5.759152443136E-14  2.910191681239E-02  2.336174781928E+02  5.639627582228E-01  8.228549205145E-01 -4.564159291327E-01 -1.739764340326E-03  4.137733956770E-01  3.679829112660E+00  2.787177275760E-02 -1.257500732111E-01  9.787830045466E-02 -9.891978394577E-02 -4.780253553485E-03  7.918263425621E-06  1.141765689479E-05 -6.992082358426E-06  2.863935005775E-01 -7.918263367974E-06  1.710979716070E-02  3.668082205861E-20 -6.587718491350E-21  1.375957203746E-19 -6.073431269953E-03
  1.120000000000E+02  1.140000000000E+02  1.528032835208E+01  5.930401749827E-14  3.315441584412E-02  2.357560944978E+02  5.647130071986E-01  8.243635532830E-01 -4.555201596135E-01 -1.695058365237E-03  4.768305251103E-01  3.633138049993E+00  2.682332007212E-02 -1.228408989759E-01  9.601757890354E-02 -9.535439942454E-02 -4.225597415562E-03  5.558680906549E-07  1.079247564175E-05 -3.176929395915E-06  2.774208226833E-01 -5.558682094529E-07  1.553631723452E-02  4.444967832564E-20 -1.473491683275E-20  1.108794153377E-19 -5.850596673998E-03
  1.160000000000E+02  1.180000000000E+02  1.534867301792E+01  6.057095580311E-14  3.688852144505E-02  2.378402992841E+02  5.652328959713E-01  8.248374640035E-01 -4.544768397998E-01 -1.659829614408E-03  5.359635869647E-01  3.587611457006E+00  2.588771163398E-02 -1.201070280219E-01  9.421931638902E-02 -9.173943038831E-02 -3.916428726776E-03 -4.322313157969E-06  8.897211013364E-06 -3.535817216279E-06  2.687829349799E-01  4.322313279835E-06  1.399179912979E-02  2.871302843093E-20 -1.695371141590E-20  1.183266162225E-19 -5.630653336310E-03
  1.200000000000E+02  1.220000000000E+02  1.541477787967E+01  5.969614588532E-14  4.015600474802E-02  2.398636165790E+02  5.655281680406E-01  8.239482733853E-01 -4.534790542604E-01 -1.596145780374E-03  5.876597790775E-01  3.543241933814E+00  2.489990541822E-02 -1.172683407178E-01  9.236843529934E-02 -8.846280210111E-02 -3.267734697362E-03 -2.716867200390E-05  6.386547914397E-06 -2.182812924063E-06  2.608437338075E-01  2.716867201131E-05  1.331652037157E-02  4.164945125066E-20  5.290522315083E-21  1.221342424366E-19 -5.437929220574E-03
  1.240000000000E+02  1.260000000000E+02  1.547911667488E+01  6.176722342511E-14  4.356902691742E-02  2.418407418588E+02  5.656627772023E-01  8.226957488707E-01 -4.524177879236E-01 -1.519191332150E-03  6.423065028202E-01  3.504738659346E+00  2.406201026541E-02 -1.149657208597E-01  9.090371059397E-02 -8.537153258980E-02 -3.541275893638E-03 -1.713117437474E-05  4.441177442394E-06  5.304439658036E-06  2.540257023974E-01  1.713117451824E-05  1.420944009550E-02  6.345643165012E-20 -4.556811030774E-21  1.203393979289E-19 -5.236408818786E-03
  1.280000000000E+02  1.300000000000E+02  1.554176577201E+01  6.384757439003E-14  4.725827503028E-02  2.437753429984E+02  5.657009745079E-01  8.213477873111E-01 -4.513865223598E-01 -1.482526720535E-03  7.028556174701E-01  3.462737453551E+00  2.315219756994E-02 -1.125417892418E-01  8.938959167122E-02 -8.218422938353E-02 -3.700308440415E-03  1.620774605600E-07  4.055620380730E-06  4.915222317573E-06  2.463545643355E-01 -1.620776362986E-07  1.435974839317E-02  3.796768735955E-20  2.578953044410E-20  9.154404829052E-20 -5.041107759296E-03
  1.320000000000E+02  1.340000000000E+02  1.560226752203E+01  6.402451936716E-14  5.072355135851E-02  2.456508152376E+02  5.656463356936E-01  8.198540489530E-01 -4.501985211343E-01 -1.431316102504E-03  7.604304158034E-01  3.422153021034E+00  2.240186313293E-02 -1.101573915874E-01  8.775552845388E-02 -7.922825923325E-02 -3.449801348882E-03 -7.600961932374E-06  4.762149170619E-06 -4.712100106802E-06  2.388395573550E-01  7.600962128189E-06  1.427088850696E-02  4.193673222946E-20 -3.341917988722E-21  1.025538965828E-19 -4.866187970888E-03
  1.360000000000E+02  1.380000000000E+02  1.566119333533E+01  7.021217870435E-14  5.439551300453E-02  2.474834591247E+02  5.655032791436E-01  8.183193829898E-01 -4.490702446368E-01 -1.393044267422E-03  8.222966401113E-01  3.386689930966E+00  2.161357070833E-02 -1.079281603465E-01  8.631458963702E-02 -7.664748849287E-02 -3.517331248516E-03  1.998260560891E-05  6.182978430942E-06 -4.259304859439E-06  2.335406418405E-01 -1.998260577359E-05  1.363510701581E-02  2.941019219285E-20  3.843051197727E-20  1.167302504380E-19 -4.729246200630E-03
  1.400000000000E+02  1.420000000000E+02  1.571914866632E+01  7.837266619463E-14  5.755918454662E-02  2.492925945722E+02  5.652276086425E-01  8.164710770094E-01 -4.478844247657E-01 -1.381732354401E-03  8.765236977462E-01  3.352946990113E+00  2.084738644966E-02 -1.060262923615E-01  8.517890591103E-02 -7.451096389277E-02 -3.067788022411E-03  1.392746028489E-05  4.932342716326E-06  1.934560702302E-05  2.283676092514E-01 -1.392745995931E-05  1.187667200619E-02  2.239781367783E-20  5.666268492909E-21  1.187652056441E-19 -4.593411097427E-03
  1.440000000000E+02  1.460000000000E+02  1.577547658864E+01  8.040604962082E-14  6.033929277643E-02  2.510574328009E+02  5.648769155711E-01  8.146011704900E-01 -4.466690718604E-01 -1.342189651849E-03  9.249338060692E-01  3.319572156293E+00  2.039437991728E-02 -1.041597463267E-01  8.376536641062E-02 -7.229031567167E-02 -2.953246771813E-03 -2.012451188024E-05  5.597324325495E-07  2.747522282184E-05  2.229436193163E-01  2.012451188696E-05  1.068065927743E-02  6.478104279595E-20  1.607548572741E-20  9.931072036469E-20 -4.452547007849E-03
  1.480000000000E+02  1.500000000000E+02  1.583055148382E+01  8.175219341188E-14  6.289468716438E-02  2.527881086624E+02  5.645646157189E-01  8.121732283213E-01 -4.454370805553E-01 -1.363956311425E-03  9.701857427202E-01  3.282636524289E+00  1.974026702351E-02 -1.019016857991E-01  8.216141877626E-02 -7.018576733569E-02 -2.739736718523E-03  3.236293566055E-07 -1.443541498586E-06  4.034200150007E-06  2.170786091026E-01 -3.236292197545E-07  9.832581433721E-03  5.611219200298E-20  1.331091393201E-21  9.415233029206E-20 -4.307520251315E-03
  1.520000000000E+02  1.540000000000E+02  1.588395200133E+01  8.342864333405E-14  6.524890758978E-02  2.544711490479E+02  5.642818818171E-01  8.097433794912E-01 -4.441727911998E-01 -1.337337222946E-03  1.013074700390E+00  3.244642266326E+00  1.916414730457E-02 -9.962147141686E-02  8.045732411161E-02 -6.771844703112E-02 -2.368205866287E-03  1.604875883075E-05 -1.216078816292E-06 -5.618818447155E-06  2.097868783423E-01 -1.604875883405E-05  9.734963568001E-03  7.032951479487E-20 -7.011265695769E-21  9.648605425315E-20 -4.151608725953E-03
  1.560000000000E+02  1.580000000000E+02  1.593549908590E+01  8.312160353103E-14  6.774013796652E-02  2.561017361441E+02  5.639809264300E-01  8.077391931176E-01 -4.429243993786E-01 -1.332376803841E-03  1.058713970283E+00  3.213990187318E+00  1.852589061039E-02 -9.774726193314E-02  7.922137132245E-02 -6.516082148463E-02 -2.608916956515E-03 -2.987890960084E-06 -3.237543053020E-06  1.551969385912E-05  2.035463031982E-01  2.987891079956E-06  1.025387626924E-02  8.296229702074E-20  1.049143103642E-20  1.005237368644E-19 -4.005479114894E-03
  1.600000000000E+02  1.620000000000E+02  1.598572893361E+01  8.243739537938E-14  7.035666023752E-02  2.576948910022E+02  5.636696710946E-01  8.053714548292E-01 -4.415795196664E-01 -1.329923218208E-03  1.106820754136E+00  3.179230023670E+00  1.772337125776E-02 -9.572136744576E-02  7.799799618730E-02 -6.307335620675E-02 -2.661072592938E-03  7.713296071524E-06 -5.781847840878E-06  1.425485139686E-05  1.983096691307E-01 -7.713296138029E-06  1.061306439930E-02  6.348623991089E-20 -1.535474755200E-21  1.036567004306E-19 -3.878396508381E-03
  1.640000000000E+02  1.660000000000E+02  1.603462356512E+01  8.055497039093E-14  7.302868748780E-02  2.592508290960E+02  5.633446812694E-01  8.028823038604E-01 -4.402700135443E-01 -1.360174952108E-03  1.155915389878E+00  3.143736230204E+00  1.701779870291E-02 -9.369058483266E-02  7.667278612977E-02 -6.100964912736E-02 -2.541171317375E-03  1.767695850925E-05 -7.711353909553E-06 -5.568018243067E-06  1.936220001277E-01 -1.767695851278E-05  1.082050794006E-02  8.153031142996E-20  1.788002315707E-20  7.896740869509E-20 -3.753289258307E-03
  1.680000000000E+02  1.700000000000E+02  1.608253071462E+01  7.766427822034E-14  7.573784695229E-02  2.607801279187E+02  5.629774899004E-01  8.005037080212E-01 -4.388828984055E-01 -1.420149770733E-03  1.205547770213E+00  3.114748756281E+00  1.655963468275E-02 -9.188999468499E-02  7.533036000219E-02 -5.917116700280E-02 -2.476089341977E-03  6.108753150496E-06 -1.014302120600E-05 -4.407179741242E-06  1.894575877880E-01 -6.108753189237E-06  1.016975462773E-02  8.503197790814E-20  1.370769435242E-20  1.134101034347E-19 -3.645038079209E-03
  1.720000000000E+02  1.740000000000E+02  1.612929719135E+01  7.745261421877E-14  7.810799927051E-02  2.622778618259E+02  5.625107653998E-01  7.970637782314E-01 -4.375141663502E-01 -1.463271324664E-03  1.249933952490E+00  3.087930029360E+00  1.613987471591E-02 -9.027074697170E-02  7.413087225535E-02 -5.743789456572E-02 -2.246988989572E-03  1.610581367950E-05 -1.125673914696E-05 -6.313071226433E-06  1.862199936189E-01 -1.610581363123E-05  9.510424287594E-03  5.116090266760E-20 -2.610110938139E-21  1.072131116403E-19 -3.548495343778E-03
  1.760000000000E+02  1.780000000000E+02  1.617558739072E+01  7.746336715521E-14  8.046817698065E-02  2.637653162082E+02  5.619431537173E-01  7.933007835379E-01 -4.361338170882E-01 -1.531193132963E-03  1.294224048249E+00  3.059074033010E+00  1.555995438362E-02 -8.865811187614E-02  7.309815749276E-02 -5.615078803659E-02 -2.204164034100E-03  1.163374436129E-05 -1.082058914469E-05 -1.573369063072E-05  1.821524000033E-01 -1.163374436711E-05  8.935590500233E-03  1.016828731326E-19  3.446228990083E-21  6.281727784234E-20 -3.449037281184E-03
  1.800000000000E+02  1.820000000000E+02  1.622036574104E+01  7.521285392096E-14  8.251987722522E-02  2.652065982304E+02  5.613468776500E-01  7.891463088255E-01 -4.347931421044E-01 -1.593712009615E-03  1.333536972482E+00  3.027460954313E+00  1.492362630169E-02 -8.700824848626E-02  7.208462218562E-02 -5.413483387114E-02 -1.871550818087E-03  7.721416933410E-06 -9.748520093333E-06 -1.073380596193E-05  1.764353041113E-01 -7.721416857548E-06  7.389108618443E-03  5.948388417826E-20 -2.130024958779E-20  9.767561203722E-20 -3.325255550427E-03
  1.840000000000E+02  1.860000000000E+02  1.626381450679E+01  7.407976250658E-14  8.415968811081E-02  2.666078806986E+02  5.607546222536E-01  7.843518818017E-01 -4.332995059592E-01 -1.669171400392E-03  1.366643154604E+00  2.996538403327E+00  1.443995290394E-02 -8.528673718759E-02  7.084678428326E-02 -5.223546678108E-02 -1.536361324220E-03  2.318866988314E-05 -8.586223987962E-06  1.392076493444E-06  1.703541042152E-01 -2.318866987641E-05  6.251314675420E-03  7.279832173366E-20  5.701348979883E-21  9.714839956008E-20 -3.198669468058E-03
  1.880000000000E+02  1.900000000000E+02  1.630558833239E+01  7.403607002639E-14  8.571193370965E-02  2.679590030362E+02  5.601355887564E-01  7.793473048103E-01 -4.319811749269E-01 -1.778891415845E-03  1.397906972871E+00  2.966367042570E+00  1.403668855893E-02 -8.364364244699E-02  6.960695388942E-02 -5.033213325722E-02 -1.436043423026E-03  1.121961701024E-05 -9.155781120259E-06 -1.160170897969E-06  1.654600529612E-01 -1.121961696106E-05  6.118407320726E-03  6.242296822274E-20 -2.057682458600E-22  9.103322749031E-20 -3.104969144427E-03
  1.920000000000E+02  1.940000000000E+02  1.634655084977E+01  7.242426938118E-14  8.727148045557E-02  2.692860871280E+02  5.594581029919E-01  7.743870575346E-01 -4.304987938919E-01 -1.868048055834E-03  1.429248833151E+00  2.934294299225E+00  1.370193031210E-02 -8.194280458148E-02  6.824087426965E-02 -4.894941271846E-02 -1.457574969245E-03 -1.363960528079E-05 -9.900224765019E-06 -2.185304990116E-05  1.611817646715E-01  1.363960525305E-05  5.631262296963E-03  9.332616866469E-20  2.984490553299E-21  9.087635352967E-20 -3.000867997945E-03
  1.960000000000E+02  1.980000000000E+02  1.638612531855E+01  6.923128520117E-14  8.849485203605E-02  2.705717891252E+02  5.587339855093E-01  7.699424914193E-01 -4.291976699169E-01 -1.995967552649E-03  1.454961174837E+00  2.909338759822E+00  1.338283776519E-02 -8.067988794233E-02  6.729705017745E-02 -4.713749013328E-02 -1.318541178280E-03 -6.555125702944E-06 -8.340452925347E-06 -1.984917259407E-05  1.565172225716E-01  6.555125657190E-06  4.614750898269E-03  9.696206381068E-20 -5.095150492155E-21  1.079214895270E-19 -2.886112652875E-03
  2.000000000000E+02  2.020600000000E+02  1.642478832097E+01  6.586146072601E-14  8.954092738683E-02  2.718297722420E+02  5.577806885342E-01  7.650011266927E-01 -4.276585003036E-01 -2.065256626222E-03  1.477955188062E+00  2.885868711552E+00  1.243960110610E-02 -7.813098197281E-02  6.569138086628E-02 -4.555814747399E-02 -6.851304563126E-04  1.220294329120E-05 -5.709721479275E-06  6.164974963394E-06  1.519170249168E-01 -1.220294334796E-05  3.412294958357E-03  9.704045097664E-20 -8.715617188151E-21  1.011634094409E-19 -2.833105513555E-03
  2.041200000000E+02  2.062418000000E+02  1.646438956838E+01  6.382705756927E-14  9.027964131383E-02  2.731235573644E+02  5.567180132807E-01  7.597932579749E-01 -4.261734894232E-01 -2.226142730379E-03  1.496369415893E+00  2.868321992305E+00  1.139163187320E-02 -7.549221941599E-02  6.410058754376E-02 -4.507570301058E-02 -4.216979224301E-04  1.536833863015E-05 -3.979653717908E-06  1.049639854284E-05  1.498879101516E-01 -1.536833846341E-05  2.218485328336E-03  1.156864529285E-19  1.652427135523E-20  1.125638218117E-19 -2.799413911203E-03
  2.083636000000E+02  2.105490540000E+02  1.650436974450E+01  6.348089539926E-14  9.074709424078E-02  2.744323562000E+02  5.555695432476E-01  7.537590820949E-01 -4.246106611663E-01 -2.317553055481E-03  1.510925270323E+00  2.846530904331E+00  1.057595896643E-02 -7.284909283686E-02  6.227313387017E-02 -4.437726613111E-02 -5.301821898387E-05  1.049574782400E-05 -5.741270276852E-06  8.471950157480E-06  1.460442408632E-01 -1.049574817409E-05  1.758989810776E-03  7.731709185362E-20 -4.349111618043E-21  6.227594416357E-20 -2.738823007915E-03
  2.127345080000E+02  2.149855256200E+02  1.654420949505E+01  6.344426100293E-14  9.124768600607E-02  2.757393538508E+02  5.543842680405E-01  7.471271675333E-01 -4.229759241877E-01 -2.464655155178E-03  1.525942824002E+00  2.824857125188E+00  9.638979543292E-03 -7.013491561931E-02  6.049593607704E-02 -4.331655469042E-02  4.724220254943E-05 -1.144478004583E-05 -9.092825930029E-06  1.478118598810E-05  1.421408764690E-01  1.144478028303E-05  1.949518823257E-03  6.366879885400E-20 -1.443301165979E-20  7.331076154590E-20 -2.678529764264E-03
  2.172365432400E+02  2.195550913886E+02  1.658429819695E+01  6.183617765329E-14  9.186646212139E-02  2.770570535969E+02  5.531408711073E-01  7.401884572789E-01 -4.213252958294E-01 -2.578013565150E-03  1.543520752350E+00  2.803598297328E+00  8.600253260219E-03 -6.716799850138E-02  5.856774524083E-02 -4.256454531305E-02  7.196702690909E-05 -1.433930060070E-05 -8.985993761181E-06  1.342018340275E-06  1.391082123847E-01  1.433930049754E-05  1.476797497293E-03  1.306758680914E-19  1.608366716452E-20  8.033117163023E-20 -2.628902080034E-03
  2.218736395372E+02  2.242617441303E+02  1.662481667999E+01  6.088412205313E-14  9.210793807722E-02  2.783925839632E+02  5.518459622549E-01  7.330050705402E-01 -4.196284677103E-01 -2.744242422670E-03  1.556166798591E+00  2.781576488265E+00  7.515727654722E-03 -6.420664171862E-02  5.669091406380E-02 -4.154148077598E-02  2.831783014882E-04  9.954770974979E-06 -6.685328516314E-06 -1.007359387910E-05  1.348899309844E-01 -9.954770857136E-06  1.557428199468E-04  7.627246493337E-20 -1.133041546485E-20  7.968735815151E-20 -2.564655085750E-03
  2.266498487233E+02  2.291095964542E+02  1.666488290327E+01  6.273260105104E-14  9.192099317444E-02  2.797157163917E+02  5.504563972737E-01  7.251308286729E-01 -4.178877395066E-01 -2.855917732951E-03  1.561286860982E+00  2.761172081938E+00  6.437727428188E-03 -6.128129969169E-02  5.484357226262E-02 -4.031889739406E-02  6.071772038394E-04  1.019328615042E-05 -5.709228543105E-06  6.987333121294E-07  1.300527777813E-01 -1.019328623739E-05 -1.569153637485E-03  1.408376938890E-19 -9.800496361819E-21  7.487594294147E-20 -2.495324743503E-03
  2.315693441850E+02  2.341028843478E+02  1.670482438061E+01  6.520121165343E-14  9.111251817456E-02  2.810376272212E+02  5.488884502049E-01  7.171927776215E-01 -4.160190245767E-01 -2.985821970802E-03  1.555828290051E+00  2.742768999611E+00  5.615814412136E-03 -5.839536831435E-02  5.277955390143E-02 -3.949474998165E-02  1.174117089203E-03  1.735088648841E-06 -5.294758454303E-06  1.104775116306E-05  1.268357347270E-01 -1.735088601853E-06 -1.713458508577E-03  1.241681641765E-19 -2.496488925324E-21  4.170353206550E-20 -2.441940395555E-03
  2.366364245106E+02  2.392459708782E+02  1.674521361300E+01  6.624806757859E-14  9.083313386326E-02  2.823767953392E+02  5.470748645920E-01  7.101505461288E-01 -4.142169930730E-01 -3.022961059188E-03  1.558238853831E+00  2.722577064806E+00  4.632319812325E-03 -5.539025832249E-02  5.075793851093E-02 -3.877095503395E-02  8.781391145505E-04  1.737198316138E-06 -4.581734445301E-06  1.182629559574E-05  1.247645842265E-01 -1.737198235730E-06 -3.742277570195E-04  1.622918755564E-19  3.328413312071E-21  6.711879586012E-20 -2.402278281299E-03
  2.418555172459E+02  2.445433500046E+02  1.678620870842E+01  6.536523315525E-14  9.087105462355E-02  2.837381706585E+02  5.450146750802E-01  7.029350074136E-01 -4.122572973870E-01 -3.128817113712E-03  1.565780984524E+00  2.707011798548E+00  3.724111196504E-03 -5.234989505153E-02  4.862578385486E-02 -3.817427718140E-02  5.686007222410E-04  2.229164323963E-06 -4.106680114280E-06  5.425903436403E-06  1.222459121076E-01 -2.229164304138E-06  3.501891714111E-04  9.301746788424E-20 -1.784879003293E-20  5.396088684072E-20 -2.380342091882E-03
  2.472311827633E+02  2.499996505047E+02  1.682734497917E+01  6.441419034449E-14  9.106384195891E-02  2.851059165170E+02  5.428156788159E-01  6.957434365563E-01 -4.102076876420E-01 -3.151600119579E-03  1.575504438627E+00  2.694857409668E+00  2.657184132890E-03 -4.952258638800E-02  4.686540225570E-02 -3.790074730055E-02  3.200101482431E-04  7.009004716937E-06 -3.651384426065E-06 -3.766600377141E-06  1.201106792520E-01 -7.009004767828E-06  1.207128652264E-03  1.021853145237E-19 -1.518581599348E-20  2.456948387163E-20 -2.362610133695E-03
  2.527681182462E+02  2.556196400198E+02  1.686933698401E+01  6.539237554226E-14  9.169388547425E-02  2.865049330199E+02  5.406973776179E-01  6.892131424557E-01 -4.080905155706E-01 -3.300212106482E-03  1.592541436630E+00  2.679689161415E+00  1.664893125498E-03 -4.660558977421E-02  4.494069664971E-02 -3.775493109134E-02  9.533449666653E-06  8.927678442084E-06 -3.632324062933E-06 -1.247216829733E-05  1.183507321913E-01 -8.927678361424E-06  2.068542880336E-03  1.054901884962E-19 -1.544211831510E-20  2.760329834606E-20 -2.343489159190E-03
  2.584711617935E+02  2.614082292204E+02  1.691171493118E+01  6.716519737662E-14  9.253049606923E-02  2.879195065616E+02  5.388002945498E-01  6.829826875521E-01 -4.059249436929E-01 -3.425131102635E-03  1.614077295368E+00  2.664550715306E+00  6.973040391048E-04 -4.354056110174E-02  4.284325706285E-02 -3.730914958956E-02 -1.446793342809E-05  2.057598916565E-06 -4.509255904009E-06 -4.830239743467E-06  1.167125165623E-01 -2.057598944331E-06  1.834774344709E-03  1.320355712377E-19 -2.846101407335E-21  3.646266911297E-20 -2.326216797493E-03
  2.643452966473E+02  2.673704760971E+02  1.695501683673E+01  6.726566301937E-14  9.306202191087E-02  2.893676750510E+02  5.371045140806E-01  6.764970201528E-01 -4.035763465817E-01 -3.622649090582E-03  1.630673160577E+00  2.647902721799E+00 -4.105673255923E-04 -4.035016070893E-02  4.076072803402E-02 -3.707944021093E-02  2.147905184161E-04 -2.734156590494E-06 -5.643584390883E-06 -5.880057824572E-06  1.139388064286E-01  2.734156587256E-06  1.225407032710E-03  8.153926551936E-20 -3.019920703749E-20  6.244455947278E-20 -2.285143773997E-03
  2.703956555468E+02  2.735115903800E+02  1.699785747415E+01  6.407760324949E-14  9.347463973667E-02  2.908053491394E+02  5.355987861264E-01  6.704372569284E-01 -4.012996510533E-01 -3.713564924649E-03  1.644071967914E+00  2.639190789563E+00 -1.480724388177E-03 -3.743860582761E-02  3.891933021612E-02 -3.612698995973E-02  3.242222522194E-04 -4.067385373069E-06 -5.784492944412E-06 -1.069224871330E-05  1.109445219814E-01  4.067385299358E-06 -4.879847199762E-04  8.946622789429E-20 -1.656721745878E-20  3.254465857641E-20 -2.247233168620E-03
  2.766275252132E+02  2.798369380914E+02  1.704141696508E+01  5.971488455804E-14  9.266459644403E-02  2.922703809748E+02  5.343618584311E-01  6.648056287113E-01 -3.987340633308E-01 -3.992997281902E-03  1.637629437340E+00  2.633591521297E+00 -2.367883728932E-03 -3.449251762946E-02  3.686040135846E-02 -3.577738960264E-02  9.552197322266E-04 -2.940235009902E-06 -5.698664523025E-06 -1.228219183804E-05  1.082121817730E-01  2.940234928431E-06 -3.365560794403E-03  1.099040977811E-19 -3.789629132736E-20  3.471180591106E-20 -2.212416319686E-03
  2.830463509696E+02  2.863520462341E+02  1.708465907130E+01  5.813338706540E-14  9.074228565118E-02  2.937294987614E+02  5.334651284463E-01  6.586592149998E-01 -3.962813882626E-01 -4.071120066827E-03  1.610625894109E+00  2.620873125441E+00 -3.450410180543E-03 -3.122884197515E-02  3.467925215513E-02 -3.501348870478E-02  1.445259351760E-03 -3.587913007051E-06 -6.690403467907E-06 -6.487632690687E-06  1.043695885576E-01  3.587913030271E-06 -3.958095456656E-03  8.902696926847E-20 -2.446377140208E-20  3.409729259342E-20 -2.161479159862E-03
  2.896577414987E+02  2.930626076211E+02  1.712765648509E+01  5.832944247689E-14  8.935976809638E-02  2.951850917875E+02  5.327663655530E-01  6.525483204699E-01 -3.935279329858E-01 -4.327544473675E-03  1.593042829196E+00  2.617549209847E+00 -4.504729524709E-03 -2.839965219600E-02  3.290438172034E-02 -3.417405012810E-02  9.970187978405E-04 -5.980644991157E-06 -8.404509292612E-06 -6.409470991969E-06  1.017071126062E-01  5.980644958718E-06 -3.338201007166E-03  9.500693377025E-20 -2.015335711965E-20  2.625748522174E-20 -2.122947897249E-03
  2.964674737436E+02  2.999744858498E+02  1.717121847348E+01  5.778544006144E-14  8.786983176523E-02  2.966625362681E+02  5.321255489432E-01  6.465481706828E-01 -3.908715503074E-01 -4.338481844415E-03  1.573179947101E+00  2.613572640524E+00 -5.293673088232E-03 -2.561050652049E-02  3.090417960833E-02 -3.383221869516E-02  1.117358745509E-03 -3.383898768687E-06 -8.756539412241E-06 -1.669720158462E-06  9.901905187895E-02  3.383898756383E-06 -3.632647446757E-03  1.571589644005E-19 -2.004650857125E-20  3.283084351878E-20 -2.085646895409E-03
  3.034814979559E+02  3.070937204253E+02  1.721444598686E+01  5.627211095820E-14  8.617520928755E-02  2.981320907294E+02  5.312958717976E-01  6.408331826864E-01 -3.879031410751E-01 -4.575733300991E-03  1.548787506861E+00  2.611213268230E+00 -6.318545630563E-03 -2.258747781258E-02  2.890602344326E-02 -3.293940560815E-02  1.458882368233E-03  3.809724206922E-07 -7.200123908681E-06  4.407883887885E-06  9.483800428628E-02 -3.809724577459E-07 -4.216932255188E-03  1.243726910689E-19 -1.442159050144E-20  1.766757488396E-20 -2.031351611291E-03
  3.107059428946E+02  3.144265320380E+02  1.725686686754E+01  5.313660174482E-14  8.407568067942E-02  2.995793848727E+02  5.300864799457E-01  6.343361148788E-01 -3.849750006958E-01 -4.497060260777E-03  1.515817618565E+00  2.612124936495E+00 -7.219079790324E-03 -1.949884061519E-02  2.671792040503E-02 -3.206636140489E-02  1.606071151277E-03  1.700432765666E-06 -5.614168727855E-06  4.496277737405E-06  9.154760862151E-02 -1.700432806576E-06 -4.978610723645E-03  1.379029887604E-19 -5.201178073082E-20  1.285981322677E-20 -1.996840432677E-03
  3.181471211814E+02  3.219793279992E+02  1.729962857931E+01  4.692847933169E-14  8.154802962705E-02  3.010383407448E+02  5.284381767595E-01  6.276854755003E-01 -3.818248104788E-01 -4.670121461255E-03  1.475005528892E+00  2.618010197882E+00 -8.254762887789E-03 -1.646915081083E-02  2.472391369864E-02 -3.176591331405E-02  1.631021833278E-03  2.115217624890E-06 -3.652982049611E-06  2.081950336440E-06  8.904774347027E-02 -2.115217746620E-06 -5.294664660361E-03  1.341604001727E-19 -2.711600791622E-20  1.702342509504E-20 -1.970565709259E-03
  3.258115348169E+02  3.297587078391E+02  1.734220975596E+01  3.953070350805E-14  7.902876486728E-02  3.024948719683E+02  5.264211871392E-01  6.199719664516E-01 -3.784821754226E-01 -4.626487622569E-03  1.434626456369E+00  2.620632658076E+00 -8.990182555794E-03 -1.333825581806E-02  2.232843837447E-02 -3.126628538731E-02  1.830489512870E-03  7.357712479432E-06 -3.143792553043E-06 -2.256055293331E-06  8.679235574758E-02 -7.357712447745E-06 -5.738575925802E-03  1.126145699361E-19 -4.245668888077E-20  1.984945216476E-20 -1.940648257150E-03
  3.337058808614E+02  3.377714690743E+02  1.738530003444E+01  3.274595337365E-14  7.593195238815E-02  3.039710382110E+02  5.240962410503E-01  6.142266003500E-01 -3.751742769554E-01 -4.708319377954E-03  1.383858233960E+00  2.630982805501E+00 -9.721771590755E-03 -1.039395132908E-02  2.011572292033E-02 -3.094520752691E-02  2.150717403499E-03  9.548415295995E-06 -3.870704410396E-06 -1.297525244130E-06  8.473665766030E-02 -9.548415364566E-06 -7.198012033266E-03  9.328924801908E-20 -2.646487460847E-20  2.584051575493E-21 -1.928358973523E-03
  3.418370572872E+02  3.460246131465E+02  1.742834224703E+01  2.820557531748E-14  7.175899949158E-02  3.054459935356E+02  5.215551847436E-01  6.070072771717E-01 -3.716809800895E-01 -4.751401007249E-03  1.313472432886E+00  2.639866732002E+00 -1.078187074876E-02 -7.472072374248E-03  1.825394312322E-02 -3.056869770120E-02  2.584848631387E-03  1.022077502688E-05 -3.304152680565E-06 -6.581730462945E-07  8.109977808504E-02 -1.022077503184E-05 -9.996623788826E-03  1.070798079925E-19 -2.352978745101E-20 -1.934604007076E-20 -1.880357853312E-03
  3.502121690058E+02  3.545253515409E+02  1.747021188352E+01  2.639674358725E-14  6.549986213734E-02  3.068837814041E+02  5.188252198273E-01  5.975324147395E-01 -3.680802867920E-01 -4.762739172352E-03  1.207809540991E+00  2.652615188817E+00 -1.189867037339E-02 -4.336445061307E-03  1.623511543456E-02 -2.972919917191E-02  3.501139041903E-03  5.241707599840E-06 -1.723482044885E-06 -1.411805064106E-06  7.795558022547E-02 -5.241707629900E-06 -1.242297905154E-02  1.145969821071E-19 -4.375159517363E-20 -1.502949282469E-21 -1.843115497972E-03
  3.588385340760E+02  3.632811120872E+02  1.751240228076E+01  2.553022911712E-14  5.837464234849E-02  3.083365668486E+02  5.156734886000E-01  5.867475596022E-01 -3.643155533574E-01 -4.767724260923E-03  1.086782464025E+00  2.668745799405E+00 -1.298143932348E-02 -1.526612111927E-03  1.450805143545E-02 -2.926772213399E-02  3.794603724343E-03  2.138913384107E-06  2.627185238777E-07 -1.713758627705E-06  7.518402567748E-02 -2.138913403870E-06 -1.377746249899E-02  1.393474403823E-19 -3.997910699312E-20  1.434101807587E-21 -1.807355664654E-03
  3.677236900983E+02  3.722995454498E+02  1.755370374947E+01  2.567129480634E-14  5.019664174280E-02  3.097641604354E+02  5.122177201928E-01  5.782577760397E-01 -3.604214852034E-01 -4.590486175079E-03  9.485002796581E-01  2.683033222049E+00 -1.392188110048E-02  1.209187412396E-03  1.271269368848E-02 -2.849063988160E-02  4.089986208952E-03 -6.065817784672E-07  2.745573415636E-06 -6.137922603210E-06  7.205033234296E-02  6.065817885532E-07 -1.587789291540E-02  1.383154555129E-19 -5.360605829408E-20 -1.424067397724E-20 -1.772283566190E-03
  3.768754008012E+02  3.815885318133E+02  1.759483168944E+01  2.527609039317E-14  4.019586224543E-02  3.111882066877E+02  5.086273963164E-01  5.720555889640E-01 -3.564656313793E-01 -4.440173215862E-03  7.771319654993E-01  2.702618556058E+00 -1.462430900677E-02  3.869767059312E-03  1.075454194803E-02 -2.827891687070E-02  4.898977205479E-03  1.264214274446E-06  5.508685199373E-06 -1.478167804292E-05  6.919634359574E-02 -1.264214259312E-06 -1.859449906810E-02  1.225555303697E-19 -4.409976602381E-20 -1.671428234856E-20 -1.736079125434E-03
  3.863016628253E+02  3.911561877677E+02  1.763522029826E+01  2.141620734919E-14  2.824784583136E-02  3.125888257554E+02  5.047968176623E-01  5.656552724059E-01 -3.522756084024E-01 -4.128851602077E-03  5.704164499190E-01  2.722273430252E+00 -1.550975235022E-02  6.518574430433E-03  8.991177919820E-03 -2.735754852108E-02  5.671104021289E-03 -1.757113654356E-06  7.127011183069E-06 -1.140875804171E-05  6.703581183136E-02  1.757113619148E-06 -1.931076131417E-02  1.484558649409E-19 -3.429176900979E-20 -2.937139997637E-20 -1.705055630936E-03
  3.960107127100E+02  4.010108734007E+02  1.767614185961E+01  1.771794646763E-14  1.670779712130E-02  3.140085054572E+02  5.006377217313E-01  5.606675436194E-01 -3.480087170737E-01 -3.799596671858E-03  3.677613356430E-01  2.744044487731E+00 -1.638921133194E-02  9.155321183216E-03  7.233890148223E-03 -2.715641906148E-02  5.404348349947E-03 -7.172605870192E-07  7.079991689274E-06 -2.181235397066E-06  6.532417288790E-02  7.172605538700E-07 -1.898616907430E-02  1.431046339048E-19 -4.450300458392E-20 -3.435799174108E-20 -1.678112190371E-03
  4.060110340913E+02  4.111611996027E+02  1.771685452308E+01  1.960713189031E-14  4.474907504536E-03  3.154246669936E+02  4.959815403227E-01  5.547674716918E-01 -3.434952614278E-01 -3.539701906715E-03  1.531198049243E-01  2.765209881206E+00 -1.711360879301E-02  1.185440239363E-02  5.259206399180E-03 -2.646456050003E-02  5.673264558547E-03 -4.296619771180E-06  5.553858283006E-06 -6.935299208836E-06  6.226218150878E-02  4.296619812186E-06 -1.814517399615E-02  1.415867878856E-19 -5.446440541796E-20 -1.387107563114E-20 -1.623949246505E-03
  4.163113651141E+02  4.216160355908E+02  1.775632935812E+01  2.368327438098E-14 -6.666850994918E-03  3.168009489084E+02  4.904771252009E-01  5.486035371603E-01 -3.388929032677E-01 -3.103360327497E-03 -4.596500924482E-02  2.787454317433E+00 -1.772164699710E-02  1.406857442789E-02  3.653072569958E-03 -2.545661625822E-02  4.973363566934E-03 -3.210903996391E-06  2.937172944803E-06 -2.573951500860E-06  5.939841326440E-02  3.210903992852E-06 -1.672767746157E-02  1.443829536434E-19 -1.297345435943E-20  1.122304410041E-20 -1.569890749649E-03
  4.269207060675E+02  4.323845166585E+02  1.779566285128E+01  2.719333699192E-14 -1.770854937355E-02  3.181767675052E+02  4.842307300189E-01  5.434144555429E-01 -3.341445071773E-01 -2.901380051422E-03 -2.447466615058E-01  2.822955191700E+00 -1.870394773306E-02  1.682231178846E-02  1.881635944156E-03 -2.477872308071E-02  4.907056448199E-03 -2.588537070187E-06 -2.288385072671E-07 -1.985334923268E-06  5.548387479972E-02  2.588537132967E-06 -1.447116973936E-02  1.384495899646E-19 -3.609421181027E-20 -2.713672748683E-20 -1.501180333001E-03
  4.378483272495E+02  4.434760521583E+02  1.783214877826E+01  3.211806370631E-14 -2.644635298109E-02  3.194554054379E+02  4.773005879317E-01  5.388983938073E-01 -3.292592896615E-01 -2.523660113744E-03 -4.025382164573E-01  2.867786618421E+00 -1.974115073685E-02  1.956480017931E-02  1.763505577375E-04 -2.337869421098E-02  4.144357753060E-03 -6.602957172392E-06 -3.102467164675E-06 -2.921652898414E-06  5.451523161829E-02  6.602957156775E-06 -1.341490070557E-02  1.268096725751E-19 -3.071517964265E-20 -3.026598833558E-20 -1.483056975817E-03
  4.491037770670E+02  4.549003337230E+02  1.787238932734E+01  3.714441659345E-14 -3.657653070524E-02  3.208738968901E+02  4.694613773641E-01  5.347003975242E-01 -3.242889777032E-01 -1.942350946126E-03 -5.899293152304E-01  2.910535868017E+00 -2.036426039526E-02  2.177664222700E-02 -1.412381831564E-03 -2.415350982220E-02  4.679235352961E-03 -3.306899593646E-06 -4.631523320324E-06  3.904029302449E-06  5.361296357898E-02  3.306899671602E-06 -1.385589993501E-02  1.335734335201E-19 -3.508126753917E-20 -2.962106298440E-20 -1.495363764117E-03
  4.606968903790E+02  4.666673437347E+02  1.790986364157E+01  3.855454714166E-14 -4.648500578257E-02  3.221929330931E+02  4.605993352314E-01  5.304904427621E-01 -3.191480100475E-01 -1.648932233923E-03 -7.727334597920E-01  2.950263246736E+00 -2.101735179886E-02  2.426188750109E-02 -3.244535702450E-03 -2.360480997114E-02  4.614004570938E-03 -6.886697216410E-08 -5.006424693011E-06  4.705702328399E-06  5.166571009043E-02  6.886700222036E-08 -1.142165058549E-02  1.462923804358E-19 -2.375859447750E-20 -1.762284133056E-20 -1.489018962696E-03
  4.726377970904E+02  4.787873640468E+02  1.794951297203E+01  3.335630166176E-14 -5.359693113855E-02  3.235941141919E+02  4.515493053740E-01  5.273239013002E-01 -3.136957678678E-01 -1.016186708616E-03 -9.057540468025E-01  3.005925934207E+00 -2.175363620633E-02  2.678821948500E-02 -5.034583278532E-03 -2.414113336140E-02  3.574545096954E-03 -3.696396818391E-07 -5.893349284189E-06  2.421518390733E-06  5.192945707446E-02  3.696396367569E-07 -7.952281646615E-03  1.212849010483E-19 -7.125301525015E-20 -1.111827696395E-20 -1.510742473784E-03
  4.849369310031E+02  4.912709849682E+02  1.798967156915E+01  2.356552915768E-14 -5.871837814445E-02  3.250088126501E+02  4.435298049247E-01  5.244401780631E-01 -3.077802310207E-01 -8.881206246008E-04 -1.002608079641E+00  3.055159292823E+00 -2.226712795490E-02  2.910495276570E-02 -6.837824809929E-03 -2.435452117862E-02  2.738811010350E-03 -4.403412743168E-06 -6.711209159211E-06  8.751657566389E-06  5.127490945087E-02  4.403412749578E-06 -8.433564845804E-03  1.243980136821E-19 -5.944401804021E-20 -3.902254850439E-20 -1.527182976735E-03
  4.976050389332E+02  5.041291145172E+02  1.803066290629E+01  9.560571373931E-15 -6.694752517249E-02  3.264593614912E+02  4.363854334549E-01  5.179612148370E-01 -3.018841702345E-01 -5.109597434595E-04 -1.154988645867E+00  3.098218391662E+00 -2.267698006603E-02  3.106226860970E-02 -8.385288543005E-03 -2.436948180502E-02  3.816816225549E-03 -1.480866144225E-06 -5.994393749031E-06  1.189053160685E-05  4.968606376227E-02  1.480866059665E-06 -1.010356555418E-02  1.491167666111E-19 -3.836234187680E-20  2.721571835380E-21 -1.502229885125E-03
  5.106531901012E+02  5.173729879527E+02  1.807066274785E+01 -1.694085410148E-15 -7.515782322476E-02  3.278709921724E+02  4.298963019677E-01  5.144386638508E-01 -2.953674787766E-01 -2.802392956258E-04 -1.306572915164E+00  3.158055888804E+00 -2.308874905289E-02  3.293745789057E-02 -9.848708837217E-03 -2.385673108706E-02  3.867657481801E-03  6.127166609638E-06 -4.973164191069E-06  4.704259213092E-06  4.997473220245E-02 -6.127166638927E-06 -6.521184841385E-03  1.332942282992E-19 -3.076723661052E-20  1.120510800285E-20 -1.523747916132E-03
  5.240927858042E+02  5.310141775913E+02  1.811459572507E+01 -3.729656918953E-15 -7.785520375690E-02  3.294295731656E+02  4.236127907783E-01  5.076969091462E-01 -2.886573103155E-01  1.420337240854E-04 -1.357640853884E+00  3.228446791726E+00 -2.308323848627E-02  3.505588128737E-02 -1.197264280089E-02 -2.530308824215E-02  2.378033976224E-03  4.162597218107E-06 -4.715928586500E-06  4.892781750914E-06  5.194212615278E-02 -4.162597211075E-06 -3.330424219328E-03  1.324003357401E-19 -3.922772862998E-20 -9.872100758525E-21 -1.629801194343E-03
  5.379355693784E+02  5.450646029190E+02  1.816055938995E+01 -3.455619037446E-15 -8.086061419434E-02  3.310555753404E+02  4.170025402230E-01  5.005284789118E-01 -2.816232140374E-01  3.984104114265E-04 -1.417975302863E+00  3.304083024451E+00 -2.309028683377E-02  3.673817945475E-02 -1.364789262131E-02 -2.694440069962E-02  1.889623316041E-03  5.899708780947E-06 -4.646985674312E-06  2.702432617372E-06  5.510719259135E-02 -5.899708772743E-06 -1.659006880011E-03  1.137961580300E-19 -4.428631037439E-20  1.265341818609E-21 -1.763156644885E-03
  5.521936364597E+02  5.595365410066E+02  1.821286044189E+01 -7.654684756423E-15 -8.079957603648E-02  3.329122667843E+02  4.094467695353E-01  4.952784696686E-01 -2.743013770629E-01  9.025344344243E-04 -1.420493911162E+00  3.391694163018E+00 -2.298422319432E-02  3.880362002296E-02 -1.581939682848E-02 -2.946396626585E-02  1.135284963700E-03  4.618996222994E-06 -5.023554720756E-06  3.724600839725E-07  5.786309102055E-02 -4.618996233967E-06  1.150431304737E-03  1.543528449574E-19 -3.824754183237E-20  1.750694542624E-20 -1.894372601083E-03
  5.668794455535E+02  5.743794455535E+02  1.826682290692E+01 -1.371774019608E-14 -7.881910135848E-02  3.348277807955E+02  4.017781446336E-01  4.849027754365E-01 -2.665024110308E-01  1.112477362381E-03 -1.386696669043E+00  3.432561192712E+00 -2.280285377835E-02  3.961608289472E-02 -1.681322911635E-02 -3.075002833594E-02  2.152022943329E-04 -2.053204331368E-06 -5.851185708230E-06 -2.361618660474E-06  5.799230001170E-02  2.053204320384E-06  1.998556780815E-03  1.373019476146E-19 -3.747673580784E-20  2.559243977230E-21 -1.922383639358E-03
  5.818794455535E+02  5.893794455535E+02  1.832161352453E+01 -1.715920258892E-14 -7.711534377173E-02  3.367873188259E+02  3.948171051059E-01  4.756646574458E-01 -2.582512446130E-01  1.670451972869E-03 -1.361540948008E+00  3.388536889432E+00 -2.180547431604E-02  3.823695182295E-02 -1.643147750675E-02 -3.047944522850E-02  4.187483541048E-04 -3.131270002814E-06 -5.259834302046E-06 -1.409712841427E-06  5.892467284504E-02  3.131269994222E-06  1.851406446702E-04  1.249034622259E-19 -3.464507369063E-20 -4.009044303746E-20 -1.923825762651E-03
  5.968794455535E+02  6.043794455535E+02  1.837731681716E+01 -1.949009342227E-14 -7.847968069625E-02  3.387818424516E+02  3.872863398195E-01  4.669755851443E-01 -2.500216846159E-01  1.909622972339E-03 -1.391282575511E+00  3.342200788514E+00 -2.145490726537E-02  3.731392804082E-02 -1.585902077535E-02 -3.085047976706E-02  1.498069108318E-03 -2.518223478369E-06 -4.193869074219E-06 -4.127921094081E-07  5.824147002523E-02  2.518223473337E-06 -1.100411735824E-03  1.237154406567E-19 -4.083198089144E-20  1.723705914343E-22 -1.899827039679E-03
  6.118794455535E+02  6.193794455535E+02  1.843080789411E+01 -2.309836942665E-14 -7.916691238455E-02  3.407109991704E+02  3.784651596532E-01  4.552376765553E-01 -2.411995300354E-01  2.475182708167E-03 -1.412230057821E+00  3.296931238462E+00 -2.104196022926E-02  3.665334136139E-02 -1.561138113251E-02 -2.983419759217E-02  8.775029235387E-04 -2.461309718066E-06 -4.054682924143E-06  2.048707397661E-06  5.879128081658E-02  2.461309720266E-06 -3.626173768343E-04  1.445558866689E-19 -5.072534263488E-20  1.354896618357E-20 -1.862252580203E-03
  6.268794455535E+02  6.343794455535E+02  1.848754340774E+01 -2.487851013163E-14 -7.918934070173E-02  3.427623788744E+02  3.688409351852E-01  4.446006952335E-01 -2.324657363320E-01  2.435192291750E-03 -1.422999077711E+00  3.258645275358E+00 -2.073740915581E-02  3.595272963945E-02 -1.521532048380E-02 -2.987508581223E-02  3.640825380759E-04 -5.254666872433E-06 -3.579425343883E-06  4.760870410650E-06  5.978313177195E-02  5.254666860104E-06 -1.111841816307E-03  1.154942977162E-19 -6.176616797567E-20 -4.866527751918E-21 -1.840247637388E-03
  6.418794455535E+02  6.493794455535E+02  1.854289027759E+01 -2.264856502574E-14 -8.125640279748E-02  3.447759908010E+02  3.592703831644E-01  4.316884137557E-01 -2.231275941258E-01  2.520221750425E-03 -1.471078434102E+00  3.216793842712E+00 -2.046692930807E-02  3.499139049807E-02 -1.452446118947E-02 -2.875864071731E-02  5.597134226712E-04 -6.554338845472E-06 -2.086904547260E-06  9.403378133140E-06  5.870499968683E-02  6.554338882551E-06 -5.902354753109E-04  1.207442200584E-19 -4.585449500328E-20 -1.983119993778E-20 -1.759387264437E-03
  6.568794455535E+02  6.643794455535E+02  1.859757566070E+01 -2.121423031456E-14 -8.023581587220E-02  3.467721981204E+02  3.500966024849E-01  4.168262455500E-01 -2.143768687085E-01  2.245005585426E-03 -1.458394401131E+00  3.155501947912E+00 -1.982926971922E-02  3.383144603354E-02 -1.400217631399E-02 -2.765266290309E-02  3.539470380954E-04 -3.719212127731E-06 -5.114851092985E-07  3.176551699839E-06  5.846305809175E-02  3.719212112864E-06 -1.447910296768E-03  1.064187914195E-19 -5.010513157104E-20 -1.673524280622E-20 -1.724090509685E-03
  6.718794455535E+02  6.793794455535E+02  1.865251003800E+01 -2.298098430303E-14 -8.395092471449E-02  3.487808575822E+02  3.411675999525E-01  4.047471961692E-01 -2.048679084311E-01  2.139149417837E-03 -1.537266992256E+00  3.114245424227E+00 -1.964950493678E-02  3.353885650416E-02 -1.388935156768E-02 -2.755079610781E-02  1.459938167449E-03 -1.105901962400E-06 -5.573409307526E-07 -6.520952775373E-06  5.890295428047E-02  1.105901990174E-06 -3.310011280031E-03  1.083420041854E-19 -3.171972474770E-20 -1.602230398237E-20 -1.707516198717E-03
  6.868794455535E+02  6.943794455535E+02  1.870806046311E+01 -2.352476951665E-14 -8.647803201396E-02  3.508239372091E+02  3.322521564499E-01  3.963984987866E-01 -1.959485939548E-01  2.049101975324E-03 -1.590110208040E+00  3.066806689466E+00 -1.938849359984E-02  3.270973077917E-02 -1.332123717956E-02 -2.708626520655E-02  1.041301824906E-03  4.455403722311E-06 -1.010879895188E-06 -7.678488675162E-06  5.772980750406E-02 -4.455403721059E-06 -3.767329102570E-03  1.058212322167E-19 -9.580221229693E-21 -2.478033169263E-22 -1.667190374107E-03
  7.018794455535E+02  7.093794455535E+02  1.876074436227E+01 -2.122394910283E-14 -9.105323130348E-02  3.527664608796E+02  3.233451506039E-01  3.841621349811E-01 -1.865023065032E-01  1.800343773482E-03 -1.681872889762E+00  3.021821793240E+00 -1.924161129891E-02  3.221451200500E-02 -1.297290070652E-02 -2.606423049924E-02  1.590618836859E-03  4.866325861662E-06 -4.326458538860E-07 -9.068759972809E-06  5.692364132056E-02 -4.866325835881E-06 -2.983262767134E-03  6.391728429104E-20 -4.964470103190E-21 -2.675451683061E-20 -1.628471689167E-03
  7.168794455535E+02  7.243794455535E+02  1.881475766640E+01 -2.184914922598E-14 -9.207174115195E-02  3.547626038871E+02  3.147040905077E-01  3.722702920769E-01 -1.771948790441E-01  1.411079165480E-03 -1.702983034850E+00  2.977270761416E+00 -1.868641716621E-02  3.093630956627E-02 -1.224989240017E-02 -2.603843949801E-02  4.886793702169E-04  4.858948015230E-06  5.230601238274E-07 -1.294404372575E-05  5.767046170030E-02 -4.858948034453E-06 -4.861583975372E-05  1.205827820375E-19 -3.254320651851E-20 -1.369396715721E-20 -1.602222776088E-03
  7.318794455535E+02  7.393794455535E+02  1.886887415123E+01 -2.327520410202E-14 -9.110255573839E-02  3.567678335137E+02  3.052547619970E-01  3.625721675206E-01 -1.674603144335E-01  1.018028983942E-03 -1.692773815178E+00  2.928677789834E+00 -1.843174193843E-02  3.022804338207E-02 -1.179630144361E-02 -2.545395191181E-02 -8.178388479261E-05  8.280536902705E-07  5.262604136036E-07 -1.090478135040E-05  5.813776937844E-02 -8.280536746386E-07 -3.502858388162E-04  5.665836070652E-20 -3.703022785814E-20 -3.009455342762E-20 -1.587644617886E-03
  7.468794455535E+02  7.543794455535E+02  1.892377814162E+01 -2.320044995239E-14 -9.270340961839E-02  3.588120339513E+02  2.951848862606E-01  3.568657503593E-01 -1.581459126506E-01  6.061151707896E-04 -1.727077990661E+00  2.871680131535E+00 -1.752698437575E-02  2.922735279780E-02 -1.170036842175E-02 -2.521143223743E-02  3.686585217744E-04  1.677799896789E-07  4.140480633963E-07 -1.323448228248E-05  5.726096120877E-02 -1.677800031774E-07 -6.321172573978E-04  6.926167014517E-20 -3.764545972211E-20 -1.624663813161E-20 -1.539492316821E-03
  7.618794455535E+02  7.693794455535E+02  1.897626820342E+01 -2.291772009435E-14 -9.231032359494E-02  3.607691312822E+02  2.848474838131E-01  3.500122120034E-01 -1.482351034638E-01 -4.165550873377E-05 -1.728320610611E+00  2.831319262824E+00 -1.727070607745E-02  2.886916821412E-02 -1.159846213609E-02 -2.403811847067E-02  7.439821187162E-05 -3.196880819983E-06  2.945769199041E-07 -1.718987704354E-05  5.589023106463E-02  3.196880828316E-06  1.686641652150E-03  7.616175039721E-20 -2.074604342496E-20 -2.398463653858E-20 -1.488079583101E-03
  7.768794455535E+02  7.843794455535E+02  1.902860809741E+01 -2.047044738579E-14 -8.958511701307E-02  3.627254372975E+02  2.740102283061E-01  3.427523921223E-01 -1.387041916686E-01 -2.553354504843E-04 -1.686187011402E+00  2.776812810759E+00 -1.702672248561E-02  2.851852614349E-02 -1.149180365736E-02 -2.341842488125E-02 -5.418952197388E-04 -3.160876427525E-06 -1.277476079552E-06 -1.664735903538E-05  5.436372698667E-02  3.160876445493E-06  1.948786629263E-03  6.301690441631E-20 -3.019734298389E-20 -3.520509908998E-20 -1.429452195865E-03
  7.918794455535E+02  7.993794455535E+02  1.907818531537E+01 -1.764967179930E-14 -8.868198351740E-02  3.645796044168E+02  2.626777620013E-01  3.359717876548E-01 -1.288831388573E-01 -7.790229633853E-04 -1.679370332316E+00  2.714688836692E+00 -1.659232327613E-02  2.743436752299E-02 -1.084204424646E-02 -2.216365129926E-02 -4.347589565366E-04  1.771038778957E-06 -2.234100092415E-06 -1.198009129386E-05  5.173356044013E-02 -1.771038790232E-06  2.381254674471E-03  4.780777149854E-20 -2.794818612615E-20 -2.294374004394E-20 -1.343779645047E-03
  8.068794455535E+02  8.143794455535E+02  1.912555771645E+01 -1.556477733158E-14 -8.512362410400E-02  3.663598923629E+02  2.508268294915E-01  3.247164474500E-01 -1.193658792339E-01 -7.913852726400E-04 -1.620566214096E+00  2.667536402988E+00 -1.644147933344E-02  2.671854543764E-02 -1.027706610423E-02 -2.074575768343E-02 -1.236046439641E-03  3.503830899667E-06 -2.174605954036E-06 -4.203104129273E-06  4.880970997959E-02 -3.503830860266E-06  5.958067656241E-03  7.796950863292E-20 -1.890633885590E-20 -2.704958094156E-20 -1.240994525650E-03
  8.218794455535E+02  8.293794455535E+02  1.916965718556E+01 -1.203051807480E-14 -7.752543226930E-02  3.680209894298E+02  2.385909701270E-01  3.113890210980E-01 -1.096027329567E-01 -1.111465725518E-03 -1.481326610970E+00  2.626763890318E+00 -1.601992733269E-02  2.579858459430E-02 -9.778657261289E-03 -1.908330691005E-02 -2.090889806848E-03  2.594697382769E-06 -2.213462742978E-06  2.032553693658E-06  4.572252673550E-02 -2.594697372170E-06  7.418627545631E-03  4.393028549146E-20 -6.454884352891E-21 -1.631044571262E-20 -1.148248069459E-03
  8.368794455535E+02  8.443794455535E+02  1.921128816357E+01 -1.026069102369E-14 -7.123180890844E-02  3.695925217250E+02  2.251146164313E-01  2.959163581983E-01 -1.001487045955E-01 -9.333824943875E-04 -1.363382391067E+00  2.582816588959E+00 -1.562540226776E-02  2.521987167525E-02 -9.594469407941E-03 -1.763761779054E-02 -1.836144219097E-03 -2.098203213385E-06 -1.367436957566E-06  7.613098278944E-06  4.393510384854E-02  2.098203240751E-06  6.084965711176E-03  5.542296704368E-20 -1.176260759817E-20 -1.539494188336E-20 -1.080980094969E-03
  8.518794455535E+02  8.593794455535E+02  1.925207370386E+01 -1.188105025242E-14 -6.611652759293E-02  3.711312685694E+02  2.099381290912E-01  2.852774959704E-01 -9.027307972872E-02 -1.094548248739E-03 -1.269038553750E+00  2.536759772041E+00 -1.556972290470E-02  2.494792982426E-02 -9.378206919391E-03 -1.674577856225E-02 -1.422912341555E-03 -2.123734174280E-06  3.315243991550E-07  8.758217828857E-06  3.880277467735E-02  2.123734172047E-06  4.328101391670E-03  6.031125877322E-20 -6.817031243819E-21 -2.822893718729E-20 -9.658852382735E-04
  8.668794455535E+02  8.743794455535E+02  1.928407435719E+01 -1.382410505513E-14 -6.309838970678E-02  3.723386830362E+02  1.932917724549E-01  2.737292060385E-01 -8.085719081523E-02 -8.587361278610E-04 -1.212628063975E+00  2.483270965472E+00 -1.532920164867E-02  2.447476519482E-02 -9.145563546174E-03 -1.415617673875E-02 -9.816170531985E-04 -3.345013711105E-07  1.308263577934E-06  6.201807651151E-06  3.322934577216E-02  3.345013926525E-07  1.337827409997E-03  6.378803056818E-20 -7.725125126736E-21 -3.515384308786E-20 -8.319291145928E-04
  8.818794455535E+02  8.893794455535E+02  1.931437456804E+01 -1.350336639380E-14 -6.358689855286E-02  3.734846331545E+02  1.754088671854E-01  2.675822523157E-01 -7.140190205126E-02 -9.381419150743E-04 -1.221441296398E+00  2.429531280094E+00 -1.490955033242E-02  2.365722027938E-02 -8.747669947069E-03 -1.268637592523E-02 -2.467045662819E-05  2.608935462022E-06  2.735921891920E-06  8.297180855338E-06  2.986487997107E-02 -2.608935460382E-06 -1.698355731142E-03  5.081614609452E-20 -1.161564363011E-20 -2.788824556384E-20 -7.405820010936E-04
  8.968794455535E+02  9.043794455535E+02  1.934002917659E+01 -1.258752983212E-14 -6.627542307165E-02  3.744543617471E+02  1.566722146629E-01  2.618880613234E-01 -6.198553227075E-02 -9.444314981108E-04 -1.272690022187E+00  2.366416616090E+00 -1.418708884150E-02  2.259828195462E-02 -8.411193113216E-03 -1.096193623119E-02  1.074858898159E-03  3.211840597532E-06  4.158460274521E-06  4.699922528557E-06  2.671270099460E-02 -3.211840564601E-06 -6.441383429644E-03  3.774712802788E-20 -1.037790765894E-20 -2.098763570103E-20 -6.618562377163E-04
  9.118794455535E+02  9.193794455535E+02  1.936443448086E+01 -1.313410057796E-14 -7.567333757801E-02  3.753796776846E+02  1.374084291761E-01  2.580016403402E-01 -5.242598948338E-02 -9.022370339196E-04 -1.455351402103E+00  2.313799602834E+00 -1.370935101766E-02  2.177987850371E-02 -8.070527485786E-03 -1.019575403406E-02  2.880746421462E-03  3.469047083947E-06  3.993796738944E-06  2.385394743996E-06  2.517260168576E-02 -3.469047097881E-06 -9.165045212730E-03  4.415948261269E-20 -1.247122879088E-20 -2.732208844645E-20 -6.026974818611E-04
  9.268794455535E+02  9.343794455535E+02  1.938723487503E+01 -1.397975915440E-14 -8.347928531467E-02  3.762528085354E+02  1.174091695672E-01  2.523578286298E-01 -4.286636927509E-02 -9.130116362151E-04 -1.609052983987E+00  2.293860033581E+00 -1.332811625953E-02  2.116622623136E-02 -7.838109971785E-03 -9.130655799726E-03  2.513778660389E-03 -3.132341639609E-06  3.449627194746E-06 -3.413242194346E-07  2.556972862135E-02  3.132341664819E-06 -9.497588298161E-03  4.281519367908E-20 -1.199276751739E-20 -2.409302922683E-21 -5.665292888569E-04
  9.418794455535E+02  9.493794455535E+02  1.941238902622E+01 -1.336214320614E-14 -9.349205142189E-02  3.772170237143E+02  9.588656784742E-02  2.491286686550E-01 -3.342898211717E-02 -8.936102057340E-04 -1.809225769006E+00  2.266393853118E+00 -1.269270298247E-02  2.022322544577E-02 -7.530522463451E-03 -8.969400866910E-03  2.404436056560E-03 -1.787877706658E-06  2.185481807769E-06 -1.369346269817E-06  2.473416109573E-02  1.787877694387E-06 -1.086259030155E-02  4.927659768484E-20 -1.240820707613E-20 -1.213449106615E-20 -5.348367978762E-04
  9.568794455535E+02  9.643794455535E+02  1.943360986913E+01 -1.102367690765E-14 -1.038500549412E-01  3.780319380068E+02  7.181752363329E-02  2.526691778515E-01 -2.357259641725E-02 -7.355340435660E-04 -2.016373389182E+00  2.270188069921E+00 -1.223090779405E-02  1.968713821425E-02 -7.456230420303E-03 -8.452386340023E-03  2.380777429619E-03  9.756297005895E-07  1.088322198567E-06 -2.058176740752E-06  2.804146491488E-02 -9.756296544734E-07 -1.274665385609E-02  2.070646612327E-20 -1.237017114705E-20 -6.709637118800E-21 -5.929190312000E-04
  9.718794455535E+02  9.793794455535E+02  1.946495787513E+01 -6.783879411635E-15 -1.173821976096E-01  3.792478019238E+02  4.351440284970E-02  2.676297683602E-01 -1.383295218262E-02 -7.032346852657E-04 -2.286878724809E+00  2.403701442721E+00 -1.232668328061E-02  2.139418752802E-02 -9.067504247246E-03 -1.116226214027E-02  3.332635446204E-03 -9.872129425057E-07  1.072296776386E-06  1.363330548995E-06  4.357256444766E-02  9.872129488482E-07 -1.408234894694E-02  3.998951728247E-20 -6.938225311289E-22  1.989984386428E-20 -9.108785834106E-04
  9.868794455535E+02  9.943794455535E+02  1.951530353299E+01 -1.939495920366E-15 -1.302245774778E-01  3.812142731328E+02  8.833028493416E-03  3.090853323688E-01 -3.837990906366E-03 -3.020107754090E-04 -2.544508029905E+00  2.421672043309E+00 -1.413170467374E-02  2.327165964718E-02 -9.139954973624E-03 -1.631561573231E-02  3.612540001935E-03  6.640100427971E-08  5.748684805922E-07  1.439216729069E-06  2.685129081578E-02 -6.640096707090E-08 -6.858454004046E-03  1.183431790395E-20  2.120908236496E-21  1.805870765057E-20 -4.902044327859E-04
