                   y                  ym                   U                   V                   W                 U^2                 V^2                 W^2                  UV                  VW                  UW                VISC               SFSxx               SFSyy               SFSzz               SFSxy               SFSyz                dUdX                dVdX                dWdX                dUdY                dVdY                dWdY                dUdZ                dVdZ                dWdZ              SFSxym
 -4.000000000000E+00 -2.000000000000E+00  0.000000000000E+00  0.000000000000E+00  0.000000000000E+00  0.000000000000E+00  0.000000000000E+00  0.000000000000E+00  0.000000000000E+00  0.000000000000E+00  0.000000000000E+00  0.000000000000E+00  0.000000000000E+00  0.000000000000E+00  0.000000000000E+00  0.000000000000E+00  0.000000000000E+00  0.000000000000E+00  0.000000000000E+00  0.000000000000E+00  0.000000000000E+00  0.000000000000E+00  0.000000000000E+00  0.000000000000E+00  0.000000000000E+00  0.000000000000E+00  0.000000000000E+00
  2.220446049250E-16  2.000000000000E+00  6.594252507578E+00  8.134014295447E-16 -7.394227371046E-02  4.621519886332E+01  6.713554916489E-02  8.681062750049E-01 -2.079961251975E-01 -1.852643102281E-03 -4.943869338413E-01  2.452438433794E+00 -4.195428751380E-03  2.461493505401E-02 -2.041950630425E-02 -8.525236701784E+00  8.003552952950E-02 -1.748834583775E-03 -1.435835682708E-04 -1.794295137407E-04  3.164118526081E+01  1.748834583787E-03 -2.982829850728E-01  2.418406839557E-20  7.454314950707E-21 -7.914842110432E-21 -4.871397755547E-02
  4.000000000000E+00  6.000000000000E+00  9.226317358268E+00  2.359326348294E-15 -7.540001163124E-02  8.928075734727E+01  2.787720901923E-01  1.109702457560E+00 -5.115872625020E-01 -2.537737617104E-03 -6.964515669419E-01  6.958631438474E+00  5.762568980506E-01 -4.010178802674E-01 -1.752390177787E-01 -3.024165223038E+00 -3.840709102447E-02  3.080556912640E-04 -2.213271599328E-04  6.510591127713E-05  6.771581332069E+00 -3.080556912647E-04  5.357103917648E-03  1.325169298999E-20  1.587339190020E-21  2.100385004166E-21 -1.811211955023E-01
  8.000000000000E+00  1.000000000000E+01  9.979946084418E+00  3.031988541890E-15 -7.081321643232E-02  1.030303986337E+02  3.818531916560E-01  1.087783484148E+00 -4.905168531941E-01 -2.801937626205E-03 -7.068548443650E-01  7.671126619211E+00  2.575412917405E-01 -5.411191197449E-01  2.835778279973E-01 -1.293803869670E+00 -5.580354424328E-02  4.635796424777E-04 -1.131118036996E-04 -4.378413722269E-05  2.898500358284E+00 -4.635796424555E-04  1.949538904985E-02  2.654689858458E-20 -6.959953029134E-21  5.434898195730E-20 -7.838025814467E-02
  1.200000000000E+01  1.400000000000E+01  1.067601482352E+01  2.462077091682E-15 -6.574576890402E-02  1.173768005239E+02  4.428914346010E-01  1.082497436071E+00 -5.395406998233E-01 -2.663335852936E-03 -7.011168691708E-01  7.634544592621E+00  2.419941097328E-01 -5.072357115362E-01  2.652416018097E-01 -1.233194386354E+00 -1.145372802479E-02  2.841210851411E-04 -5.321207797566E-05 -1.139754804838E-04  2.357074630820E+00 -2.841210851639E-04  2.095889994234E-02 -1.866979112925E-24 -8.409514910862E-21  8.740084293024E-20 -6.618120838228E-02
  1.600000000000E+01  1.800000000000E+01  1.115843537442E+01  2.375245869493E-15 -6.062240880474E-02  1.277308539537E+02  4.869981099830E-01  1.077553544049E+00 -5.397396875159E-01 -2.837522679101E-03 -6.758971096748E-01  7.237835175943E+00  1.990157652146E-01 -4.643666947144E-01  2.653509294980E-01 -8.669751024799E-01 -7.573133406307E-03  1.314706569274E-04 -2.781130443332E-05  7.068015867598E-05  1.793729220988E+00 -1.314706569321E-04  1.779003522717E-02  4.421296223932E-23  6.229677927516E-21  1.378922716497E-19 -4.955895004338E-02
  2.000000000000E+01  2.200000000000E+01  1.157280898562E+01  3.590702749602E-15 -5.674959999022E-02  1.370769647820E+02  5.222186818514E-01  1.076556870011E+00 -5.542457161327E-01 -2.997485258681E-03 -6.552631974433E-01  6.963349987772E+00  1.777905331618E-01 -4.284971819723E-01  2.507066488013E-01 -7.319810839764E-01 -7.077658616259E-03  3.962201088489E-05 -1.824484481370E-05  3.502132812619E-05  1.491757142077E+00 -3.962201083142E-05  1.422380834126E-02  8.668019452804E-20 -3.174845927713E-21  9.698518786281E-20 -4.116147080173E-02
  2.400000000000E+01  2.600000000000E+01  1.190426490730E+01  4.834229515536E-15 -5.335592134842E-02  1.447715471634E+02  5.509959647180E-01  1.073692127993E+00 -5.556133136378E-01 -3.068636431225E-03 -6.328846684433E-01  6.656603562534E+00  1.539368719836E-01 -3.937165848224E-01  2.397797128374E-01 -5.854554935508E-01 -6.157843009799E-03  9.001528616627E-05 -1.135084258264E-05  1.876555374104E-06  1.245699358152E+00 -9.001528617200E-05  1.310677275300E-02 -9.821934021807E-21  2.018190212544E-21  1.258984386078E-19 -3.404170988258E-02
  2.800000000000E+01  3.000000000000E+01  1.219551232825E+01  6.069238861484E-15 -5.020029746481E-02  1.517386928357E+02  5.744136422577E-01  1.072658341124E+00 -5.605878611556E-01 -3.266461682799E-03 -6.096771196338E-01  6.409434502864E+00  1.376411788104E-01 -3.645161661305E-01  2.268749873230E-01 -5.081187679019E-01 -6.836601761040E-03  6.235045199776E-05 -2.615546990208E-06  7.445917876624E-06  1.088342320935E+00 -6.235045205142E-05  1.165968637968E-02  5.774111922180E-20  2.845949900123E-21  1.259466284392E-19 -2.956185217158E-02
  3.200000000000E+01  3.400000000000E+01  1.244847725187E+01  7.976777513981E-15 -4.765639622848E-02  1.579244028429E+02  5.932543917046E-01  1.071095683661E+00 -5.610281532486E-01 -3.546122576537E-03 -5.900227388733E-01  6.172634033385E+00  1.230790507689E-01 -3.389851259596E-01  2.159060751952E-01 -4.391240972380E-01 -5.666059294093E-03  6.622710264448E-05  4.147768876529E-06  2.418006732461E-05  9.608070794747E-01 -6.622710257660E-05  9.144681431871E-03  2.079254105036E-20 -1.940544099488E-21  1.729581672196E-19 -2.588723344300E-02
  3.600000000000E+01  3.800000000000E+01  1.267606199125E+01  1.123260743678E-14 -4.569150557046E-02  1.636107301458E+02  6.085076950288E-01  1.067832585755E+00 -5.626627598915E-01 -3.763884940316E-03 -5.744119199975E-01  5.960302140082E+00  1.113411328363E-01 -3.166295276105E-01  2.052883947755E-01 -3.905854725324E-01 -4.085580031129E-03  1.069907486332E-04  3.723309531252E-06  4.682289431705E-05  8.619818074326E-01 -1.069907486114E-04  5.067123959640E-03  3.294485278010E-20 -2.039642495801E-21  1.644318796824E-19 -2.306079942086E-02
  4.000000000000E+01  4.200000000000E+01  1.287955501905E+01  1.472317956210E-14 -4.500160686227E-02  1.687837425221E+02  6.207184514818E-01  1.062598849693E+00 -5.623298659584E-01 -4.028189809393E-03 -5.728606384493E-01  5.768859707608E+00  1.020982756930E-01 -2.972239974063E-01  1.951257217122E-01 -3.476287600397E-01 -2.622255130571E-03 -1.229848945062E-05 -5.911168628899E-06  4.074199094851E-05  7.813366882024E-01  1.229848956280E-05  9.059858506191E-04  3.610128032841E-20  1.512028419502E-21  1.655906621403E-19 -2.075326025615E-02
  4.400000000000E+01  4.600000000000E+01  1.306667376234E+01  1.685265295370E-14 -4.514160123483E-02  1.736188471556E+02  6.303155107411E-01  1.057212692385E+00 -5.624012258627E-01 -4.201554062032E-03 -5.824960968324E-01  5.599049324888E+00  9.404421749321E-02 -2.801233099577E-01  1.860790924654E-01 -3.175694666034E-01 -1.285606632899E-03 -4.900320376101E-05 -1.302678968893E-05  4.303759195053E-05  7.192983201616E-01  4.900320379223E-05 -6.454568555800E-04  4.478768121117E-20 -7.673546946032E-21  9.165404350496E-20 -1.900636053887E-02
  4.800000000000E+01  5.000000000000E+01  1.323913741864E+01  1.798998190000E-14 -4.534161402395E-02  1.781385376783E+02  6.377483802450E-01  1.051013994063E+00 -5.616602045538E-01 -4.420101458788E-03 -5.926706394947E-01  5.442775127654E+00  8.711164399936E-02 -2.647603042076E-01  1.776486602156E-01 -2.907429768982E-01 -1.026238114622E-03  6.541131858266E-05 -1.569334211692E-05  2.264498782803E-05  6.673254823984E-01 -6.541131858149E-05 -1.482926412833E-03  5.227673990164E-20 -1.214209646529E-20  1.107747773946E-19 -1.749568694179E-02
  5.200000000000E+01  5.400000000000E+01  1.340028473166E+01  1.830232782459E-14 -4.597510421965E-02  1.824190073398E+02  6.433629536303E-01  1.045222364062E+00 -5.608749827052E-01 -4.640029971976E-03 -6.083505762227E-01  5.304283442617E+00  8.153676486221E-02 -2.517513229335E-01  1.702145580716E-01 -2.694297946675E-01 -8.246258667577E-04 -2.447169136647E-05 -1.890052700438E-05  6.252825499054E-06  6.240010122999E-01  2.447169146954E-05 -1.143918227697E-03  2.610620562957E-20 -2.432673914080E-21  1.496699895810E-19 -1.621019955378E-02
  5.600000000000E+01  5.800000000000E+01  1.355090928478E+01  1.841027243848E-14 -4.601043511706E-02  1.864687401858E+02  6.476816093733E-01  1.040242944163E+00 -5.598005009402E-01 -4.793520085971E-03 -6.160321876838E-01  5.173690573998E+00  7.597104491200E-02 -2.397503633724E-01  1.637793184615E-01 -2.500560058941E-01 -8.671420526103E-04 -4.740030066119E-05 -1.684878329678E-05 -2.317600848394E-06  5.857842028779E-01  4.740030066828E-05  7.029877157176E-04  1.525027454953E-20 -2.008599924054E-20  1.373463723932E-19 -1.509526034783E-02
  6.000000000000E+01  6.200000000000E+01  1.369310367317E+01  1.644687106413E-14 -4.570981744248E-02  1.903345039713E+02  6.510946552792E-01  1.035346884889E+00 -5.586942856985E-01 -4.937848988011E-03 -6.176087237443E-01  5.049683306740E+00  7.073813433259E-02 -2.289983635100E-01  1.582602291749E-01 -2.330710071615E-01 -1.226226489006E-03  8.060963625167E-05 -1.260201316980E-05  1.357568139327E-05  5.515645304070E-01 -8.060963649096E-05  1.144741656886E-03  3.232835187236E-20 -1.081763042207E-20  1.964633103614E-19 -1.407838671313E-02
  6.400000000000E+01  6.600000000000E+01  1.382674581407E+01  1.321331556901E-14 -4.542407937365E-02  1.940052852102E+02  6.536361841906E-01  1.030319320092E+00 -5.574785247146E-01 -5.107829700606E-03 -6.187628123390E-01  4.932626774384E+00  6.616840979830E-02 -2.192966910923E-01  1.531282812927E-01 -2.177392487437E-01 -1.232391996243E-03  3.642717255789E-05 -1.030744991374E-05  4.155926313687E-05  5.211033951287E-01 -3.642717247267E-05 -3.209836364415E-05  3.441456307353E-20 -1.167856836493E-20  1.857464615389E-19 -1.315658263313E-02
  6.800000000000E+01  7.000000000000E+01  1.395356215011E+01  1.034044652566E-14 -4.559924941268E-02  1.975212756076E+02  6.553828418408E-01  1.025343188579E+00 -5.562853654154E-01 -5.305421591231E-03 -6.264689264917E-01  4.822494955651E+00  6.123556501198E-02 -2.097219914482E-01  1.484864264381E-01 -2.037178284010E-01 -7.959548410199E-04 -1.208608947381E-05 -6.718015512669E-06  2.283377079386E-05  4.934566621177E-01  1.208608932061E-05 -5.377795691350E-04  3.055865116983E-20 -4.679879017603E-20  1.511320244340E-19 -1.232952558832E-02
  7.200000000000E+01  7.400000000000E+01  1.407351672030E+01  1.033446172966E-14 -4.564137164924E-02  2.008786019873E+02  6.564007938234E-01  1.020180135841E+00 -5.548926425931E-01 -5.488319736414E-03 -6.322466416945E-01  4.720667494933E+00  5.764851886810E-02 -2.013356693846E-01  1.436871505147E-01 -1.907245303907E-01 -8.569853323446E-04  2.675366434876E-05 -6.585448188410E-06  9.692644029326E-06  4.670314178469E-01 -2.675366431184E-05  1.683748229916E-04  2.751614190021E-20 -2.268369673592E-21  1.629937598486E-19 -1.157767193185E-02
  7.600000000000E+01  7.800000000000E+01  1.418715355099E+01  1.406888559645E-14 -4.559752846064E-02  2.040865931302E+02  6.567574804394E-01  1.015459445483E+00 -5.534148588374E-01 -5.625501881952E-03 -6.357016734761E-01  4.631997715952E+00  5.474352545869E-02 -1.943091945896E-01  1.395656691312E-01 -1.796490758067E-01 -1.007830887948E-03  3.152972947127E-05 -1.028574345918E-05  5.336910579627E-06  4.457464502553E-01 -3.152972942375E-05  1.296135507169E-03 -1.505777606764E-20 -1.038793548530E-20  1.403612475952E-19 -1.093931310203E-02
  8.000000000000E+01  8.200000000000E+01  1.429629268977E+01  1.635143048161E-14 -4.511468891840E-02  2.071926015475E+02  6.566177076483E-01  1.009289688142E+00 -5.519530912679E-01 -5.751085248653E-03 -6.323682986829E-01  4.544640228622E+00  5.160519013268E-02 -1.874628078184E-01  1.358576176874E-01 -1.705000890553E-01 -1.416863828392E-03  1.831643578126E-05 -1.155787658055E-05  1.351050044693E-05  4.272498536871E-01 -1.831643586278E-05  2.269282914963E-03  4.265803038328E-21  2.963062305320E-22  1.297436025615E-19 -1.036951362004E-02
  8.400000000000E+01  8.600000000000E+01  1.440071396749E+01  1.871382743502E-14 -4.450277201514E-02  2.101863126934E+02  6.560773575975E-01  1.003018251405E+00 -5.504142391556E-01 -5.885305718045E-03 -6.259646997879E-01  4.461812827456E+00  4.891599693585E-02 -1.812925690157E-01  1.323765720816E-01 -1.615475217501E-01 -1.447705760692E-03  2.881255636089E-05 -9.325534848302E-06  1.997288528046E-05  4.098782224539E-01 -2.881255630265E-05  2.316703731882E-03  4.560452668949E-20 -1.391338773840E-20  1.358549001974E-19 -9.867790410855E-03
  8.800000000000E+01  9.000000000000E+01  1.450136551775E+01  2.335492740319E-14 -4.390223454291E-02  2.130926846241E+02  6.552398221411E-01  9.963520782004E-01 -5.488608835901E-01 -6.083694556767E-03 -6.190458175190E-01  4.384943324105E+00  4.681457565520E-02 -1.753105532572E-01  1.284959776019E-01 -1.540639833897E-01 -1.374113400197E-03  1.048206554425E-05 -9.482733469843E-06  1.919306261521E-05  3.942418424880E-01 -1.048206553697E-05  1.757504844539E-03 -6.868271471729E-21 -1.709010770129E-20  1.283931685409E-19 -9.416931436525E-03
  9.200000000000E+01  9.400000000000E+01  1.459795087182E+01  2.578453878362E-14 -4.360502731805E-02  2.159001805230E+02  6.542441329913E-01  9.903239648920E-01 -5.472592522179E-01 -6.256101491949E-03 -6.177916709260E-01  4.308062803048E+00  4.414258317826E-02 -1.693171169417E-01  1.251745337611E-01 -1.471886209482E-01 -1.016063465438E-03 -1.583772850868E-05 -1.227510701084E-05  2.047590794190E-05  3.797608536373E-01  1.583772852830E-05  7.315407843238E-04  7.943334531069E-22  4.574457488915E-21  1.370545400665E-19 -8.991136975662E-03
  9.600000000000E+01  9.800000000000E+01  1.469117664740E+01  2.584126387988E-14 -4.355018353582E-02  2.186284488694E+02  6.531316678006E-01  9.841984618123E-01 -5.457231064394E-01 -6.464575922006E-03 -6.208623756194E-01  4.231008746520E+00  4.170919966248E-02 -1.635413588505E-01  1.218321591863E-01 -1.403770875545E-01 -5.616009188060E-04  9.941619110059E-06 -1.109667321764E-05  8.286948222620E-06  3.656930102032E-01 -9.941619154031E-06 -2.548162422859E-04  5.930440924369E-22 -1.126346779712E-20  1.492606702111E-19 -8.562361823022E-03
  1.000000000000E+02  1.020000000000E+02  1.478081110439E+01  2.713877755335E-14 -4.371539630307E-02  2.212685361798E+02  6.518778114884E-01  9.778137185236E-01 -5.441245504194E-01 -6.621513799232E-03 -6.274453813378E-01  4.162753701601E+00  4.013933123948E-02 -1.586543959245E-01  1.185150646847E-01 -1.337347352421E-01 -1.028779566030E-04  5.466084064619E-05 -9.527265250379E-06  1.623225271841E-05  3.520032855929E-01 -5.466084061040E-05 -3.770183833320E-04 -9.801235716461E-21 -1.883405644978E-20  1.195328244766E-19 -8.176947464154E-03
  1.040000000000E+02  1.060000000000E+02  1.486728529031E+01  2.739685655712E-14 -4.374291619655E-02  2.238293606886E+02  6.505058287067E-01  9.723970375498E-01 -5.425565957480E-01 -6.823837021587E-03 -6.316518761622E-01  4.096446982717E+00  3.815580464606E-02 -1.540273728610E-01  1.158715682140E-01 -1.277199893091E-01 -1.285804729150E-04 -6.614285944838E-06 -1.145854933367E-05  9.726291073517E-06  3.408399861799E-01  6.614285862537E-06 -1.983992490550E-03  1.724482313920E-20 -2.821612370641E-20  1.278424221165E-19 -7.813879830355E-03
  1.080000000000E+02  1.100000000000E+02  1.495124205507E+01  2.651305347143E-14 -4.470594051112E-02  2.263299228451E+02  6.490295875470E-01  9.667970438324E-01 -5.409234001323E-01 -7.027716880778E-03 -6.500248712882E-01  4.028007570858E+00  3.640040570453E-02 -1.493378606089E-01  1.129374549035E-01 -1.223821556810E-01  7.569487043918E-04 -1.673255278777E-05 -1.198596046938E-05  1.948115321491E-05  3.292766668752E-01  1.673255281401E-05 -5.131535385752E-03  2.254059688552E-20 -9.381095586386E-21  1.154200752797E-19 -7.472159685758E-03
  1.120000000000E+02  1.140000000000E+02  1.503193770681E+01  2.746392132810E-14 -4.624012430143E-02  2.287464036142E+02  6.473986385269E-01  9.615766679732E-01 -5.392963404772E-01 -7.261277520413E-03 -6.762234224176E-01  3.965793530709E+00  3.477636607335E-02 -1.451969384558E-01  1.104205723818E-01 -1.165832656066E-01  1.008872727269E-03  1.053212896393E-05 -1.162643109169E-05  2.600675638794E-05  3.178871633873E-01 -1.053212902838E-05 -7.192824035058E-03 -2.283962298407E-20 -9.699196642880E-21  1.121006315064E-19 -7.136493813432E-03
  1.160000000000E+02  1.180000000000E+02  1.511016935723E+01  2.825522736789E-14 -4.825452089385E-02  2.311014801785E+02  6.456038683031E-01  9.566437649298E-01 -5.375830927457E-01 -7.438660262697E-03 -7.101941519158E-01  3.906007181063E+00  3.341496517090E-02 -1.411038776512E-01  1.076889124812E-01 -1.116954711035E-01  1.363407890188E-03  1.510054853932E-05 -1.165721476274E-05 -7.228532661383E-07  3.071982448393E-01 -1.510054847967E-05 -9.060079785459E-03 -6.450170687343E-21 -1.110556425756E-20  1.176251331226E-19 -6.829586156099E-03
  1.200000000000E+02  1.220000000000E+02  1.518547951466E+01  2.799492752053E-14 -5.076688973637E-02  2.333789362497E+02  6.436536269616E-01  9.520121589954E-01 -5.359620763406E-01 -7.653542022673E-03 -7.526887425429E-01  3.846914020610E+00  3.207948756091E-02 -1.368433574333E-01  1.047638698718E-01 -1.068665730727E-01  1.889059586946E-03  9.527508572530E-06 -9.733913611806E-06 -6.146983052127E-06  2.967670046575E-01 -9.527508559077E-06 -1.076660782226E-02 -2.700637247480E-21 -2.002622639746E-20  1.322328544227E-19 -6.546490392610E-03
  1.240000000000E+02  1.260000000000E+02  1.525856839164E+01  2.895915206131E-14 -5.362948326654E-02  2.355994990886E+02  6.416295234768E-01  9.474089960503E-01 -5.342432639530E-01 -7.838004321782E-03 -8.013174224730E-01  3.788488551095E+00  3.053726680071E-02 -1.329164323721E-01  1.023791655710E-01 -1.025970405542E-01  2.259967074347E-03  5.985178367635E-06 -7.527866663948E-06  5.723049054868E-06  2.864592567292E-01 -5.985178298732E-06 -1.164692233897E-02  1.933063230322E-20 -1.961584499674E-20  1.335643024620E-19 -6.296022866630E-03
  1.280000000000E+02  1.300000000000E+02  1.532881712214E+01  3.043858062014E-14 -5.658547977526E-02  2.377427319022E+02  6.395456693738E-01  9.431633041261E-01 -5.325473227812E-01 -8.054499790724E-03 -8.520901769809E-01  3.735029161302E+00  2.935453913114E-02 -1.295298769709E-01  1.001753378401E-01 -9.863091630745E-02  2.471903392604E-03 -1.565590618493E-05 -9.412839220165E-06  1.204237418174E-05  2.756990709494E-01  1.565590611845E-05 -1.269972559446E-02  1.984536868829E-20  1.258218104690E-20  1.211906142758E-19 -6.041608966223E-03
  1.320000000000E+02  1.340000000000E+02  1.539647189911E+01  3.082268620024E-14 -5.995778967722E-02  2.398150612539E+02  6.374485539803E-01  9.391701065543E-01 -5.308160164844E-01 -8.231272556737E-03 -9.098001483179E-01  3.685130196418E+00  2.826307087836E-02 -1.264135187369E-01  9.815044785795E-02 -9.463207506256E-02  2.971107496736E-03 -2.326131184415E-05 -1.339824962652E-05  1.509681362951E-05  2.672652331790E-01  2.326131190903E-05 -1.405765911769E-02 -1.221738851033E-20 -3.747512170733E-20  8.526888113652E-20 -5.793110167959E-03
  1.360000000000E+02  1.380000000000E+02  1.546230792049E+01  3.255724335960E-14 -6.355057959159E-02  2.418400820007E+02  6.354417707948E-01  9.357855433870E-01 -5.291364188038E-01 -8.488610759673E-03 -9.712446574002E-01  3.635424638404E+00  2.718230954450E-02 -1.234539268257E-01  9.627161728080E-02 -9.092837091508E-02  2.991138953783E-03  9.013260389775E-06 -1.219249998636E-05 -1.325351397768E-05  2.594435372616E-01 -9.013260448544E-06 -1.464453273406E-02  2.676346380825E-20  8.096103352482E-21  1.358325907640E-19 -5.556885673424E-03
  1.400000000000E+02  1.420000000000E+02  1.552610821121E+01  3.451197603162E-14 -6.724440077290E-02  2.438103428852E+02  6.335860329529E-01  9.330192479636E-01 -5.273962988813E-01 -8.693941893272E-03 -1.034593704519E+00  3.585272944319E+00  2.600521624418E-02 -1.205420570156E-01  9.453684077199E-02 -8.693068304374E-02  3.052339461998E-03  2.508853878003E-05 -7.333648386020E-06 -2.146067819473E-05  2.513378343529E-01 -2.508853866941E-05 -1.520694170292E-02 -1.627637313308E-20 -3.610936429754E-20  1.118984593732E-19 -5.332074780325E-03
  1.440000000000E+02  1.460000000000E+02  1.558809621828E+01  3.449511596504E-14 -7.114810680867E-02  2.457317018188E+02  6.320358059678E-01  9.303746070083E-01 -5.257048590563E-01 -8.918444611183E-03 -1.101952533264E+00  3.535552995377E+00  2.508979730107E-02 -1.176160879319E-01  9.252629063157E-02 -8.366087076594E-02  3.147319091378E-03 -7.879946783444E-06 -6.905595055612E-06  2.298832201440E-05  2.427078192516E-01  7.879946791235E-06 -1.540538312753E-02 -9.667637176818E-21 -3.037336338688E-20  1.237896723660E-19 -5.100324625896E-03
  1.480000000000E+02  1.500000000000E+02  1.564747247357E+01  3.480408698510E-14 -7.489519743142E-02  2.475773718409E+02  6.307979143896E-01  9.273095884450E-01 -5.240009654556E-01 -9.125305126115E-03 -1.166640349429E+00  3.486255549052E+00  2.395978021322E-02 -1.146846658092E-01  9.072488559739E-02 -7.967446388135E-02  3.178036825528E-03 -1.108529351547E-05 -8.840403647045E-06  1.562954120000E-05  2.330044075195E-01  1.108529357608E-05 -1.447892356766E-02 -1.057264880101E-20 -1.205630396734E-20  1.018005309817E-19 -4.867055965038E-03
  1.520000000000E+02  1.540000000000E+02  1.570448284704E+01  3.550034239376E-14 -7.834931962605E-02  2.493548523540E+02  6.296831925470E-01  9.237298636415E-01 -5.223155130160E-01 -9.363028231265E-03 -1.226439152209E+00  3.438970084543E+00  2.282133296640E-02 -1.116882094870E-01  8.886687651893E-02 -7.601950999384E-02  3.132641990917E-03  2.465132119996E-05 -7.237293291518E-06 -2.442685783642E-05  2.225828406680E-01 -2.465132119542E-05 -1.384403630899E-02 -9.259570612450E-21  1.246442040556E-22  1.039997254967E-19 -4.637920164754E-03
  1.560000000000E+02  1.580000000000E+02  1.575878004879E+01  3.573011562545E-14 -8.187216623251E-02  2.510517917169E+02  6.285418869976E-01  9.202081324663E-01 -5.206232411164E-01 -9.590826548549E-03 -1.287539266375E+00  3.395963234017E+00  2.193476372475E-02 -1.091379052405E-01  8.720314151469E-02 -7.229262523297E-02  2.828575171152E-03  1.037515619107E-05 -5.899761736310E-06 -3.621625797385E-05  2.131015678509E-01 -1.037515611403E-05 -1.325237076680E-02  1.897746340498E-20 -6.618450425033E-21  1.142624789565E-19 -4.414066446993E-03
  1.600000000000E+02  1.620000000000E+02  1.581104389557E+01  3.580258630074E-14 -8.506690668175E-02  2.526881334621E+02  6.273793244676E-01  9.168764212479E-01 -5.189091670431E-01 -9.795665356309E-03 -1.342985826699E+00  3.353650126125E+00  2.129041833500E-02 -1.066588384242E-01  8.536842008829E-02 -6.921147770171E-02  2.621555975968E-03 -2.285163667476E-05 -6.037515559368E-06 -8.305680380110E-06  2.059398433336E-01  2.285163664079E-05 -1.225453794208E-02  4.167226133249E-21 -2.822857043546E-20  1.362500162936E-19 -4.231711414316E-03
  1.640000000000E+02  1.660000000000E+02  1.586170228309E+01  3.558403571802E-14 -8.800229169271E-02  2.542775356345E+02  6.262277965533E-01  9.135062161892E-01 -5.172374710598E-01 -1.002854958295E-02 -1.394711159160E+00  3.312180505850E+00  2.032715465041E-02 -1.040686799441E-01  8.374152529461E-02 -6.631023258210E-02  2.389912014950E-03 -1.248551841932E-06 -4.701358048758E-06  1.421531852390E-05  1.988749557583E-01  1.248551846044E-06 -1.157150968240E-02  1.993083046792E-20  5.230987952180E-21  9.832470486281E-20 -4.057667227516E-03
  1.680000000000E+02  1.700000000000E+02  1.591050374340E+01  3.528480719411E-14 -9.079938504324E-02  2.558119280594E+02  6.250874819866E-01  9.104732541763E-01 -5.154415647501E-01 -1.022422604895E-02 -1.444517881806E+00  3.272508447462E+00  1.935796226567E-02 -1.018081055698E-01  8.245014330376E-02 -6.354164484186E-02  2.132806417584E-03  1.844553127700E-05 -3.387322079687E-06  5.713000592897E-06  1.914004977927E-01 -1.844553128432E-05 -1.103265198602E-02  7.627369816537E-21 -2.585077477106E-20  1.071841548734E-19 -3.872275311455E-03
  1.720000000000E+02  1.740000000000E+02  1.595741930825E+01  3.615840295003E-14 -9.352497689328E-02  2.572893057109E+02  6.239439057331E-01  9.076827263518E-01 -5.138324061398E-01 -1.044974477604E-02 -1.492804757277E+00  3.235927195836E+00  1.861874605763E-02 -9.992636225449E-02  8.130761619492E-02 -6.047921864849E-02  2.148205959367E-03  3.824028237538E-07 -2.693666728051E-06 -3.037211205147E-06  1.849091520902E-01 -3.824027792761E-07 -1.099308250403E-02 -3.907794474219E-20 -1.251993176080E-20  6.766683531886E-20 -3.704182251341E-03
  1.760000000000E+02  1.780000000000E+02  1.600290402582E+01  3.712178914955E-14 -9.633746905659E-02  2.587222538748E+02  6.228872916822E-01  9.044174547921E-01 -5.120058899177E-01 -1.064243243871E-02 -1.541869687798E+00  3.201831964938E+00  1.801048691071E-02 -9.799406629957E-02  7.998357938788E-02 -5.811490524898E-02  2.337907127129E-03 -1.694557809068E-05 -2.089491444171E-07 -1.021602683016E-05  1.775711127847E-01  1.694557811234E-05 -1.056342615830E-02 -3.862632994055E-20 -3.005976271135E-20  8.559139381677E-20 -3.545506119796E-03
  1.800000000000E+02  1.820000000000E+02  1.604617298450E+01  3.724446416784E-14 -9.886173386439E-02  2.600887210662E+02  6.219452349422E-01  9.011122738210E-01 -5.103153200870E-01 -1.082909585660E-02 -1.585601928498E+00  3.167265497145E+00  1.736339388235E-02 -9.621679785992E-02  7.885340397795E-02 -5.539921331445E-02  1.878821931254E-03  2.186525818010E-05  4.579903391197E-06 -2.743435315768E-05  1.695336234729E-01 -2.186525812777E-05 -9.999979789897E-03 -2.603529265992E-20 -2.420709970375E-20  1.209458102149E-19 -3.402193080261E-03
  1.840000000000E+02  1.860000000000E+02  1.608776197163E+01  3.810063838502E-14 -1.014196959026E-01  2.614025830536E+02  6.210479318648E-01  8.972540961413E-01 -5.084292112202E-01 -1.100185751462E-02 -1.629551724135E+00  3.133592675880E+00  1.685860959890E-02 -9.443367767152E-02  7.757506807326E-02 -5.334657597432E-02  2.018308117460E-03  1.633051997912E-05  7.442960779540E-06 -1.951564617360E-05  1.620380696103E-01 -1.633051995843E-05 -9.622817771143E-03 -3.148070931567E-20 -1.789308988582E-20  8.962215629216E-20 -3.262508755430E-03
  1.880000000000E+02  1.900000000000E+02  1.612730854424E+01  3.949850111336E-14 -1.037118100119E-01  2.626542720014E+02  6.202146954624E-01  8.943174798845E-01 -5.067285292369E-01 -1.119512924959E-02 -1.669144104851E+00  3.101994938929E+00  1.644082801507E-02 -9.252278735659E-02  7.608195934348E-02 -5.100086076511E-02  1.938975191294E-03  5.014522335022E-06  6.979404826953E-06  6.194605131679E-07  1.564365099791E-01 -5.014522294733E-06 -8.824741542176E-03 -4.250511300499E-20 -1.558268211361E-20  1.114828903265E-19 -3.136203757154E-03
  1.920000000000E+02  1.940000000000E+02  1.616600459779E+01  3.982274926484E-14 -1.058090436967E-01  2.638800541990E+02  6.194926735436E-01  8.909906367835E-01 -5.048258541985E-01 -1.137622617110E-02 -1.705777126302E+00  3.070281045672E+00  1.594104282272E-02 -9.068196140630E-02  7.474091858381E-02 -4.931709574667E-02  1.757080178252E-03  1.127808367689E-05  6.174641723995E-06 -2.237053327679E-06  1.513983226361E-01 -1.127808369219E-05 -8.217120345649E-03  1.765710186371E-20 -3.290665572043E-20  1.040379242933E-19 -3.022615080184E-03
  1.960000000000E+02  1.980000000000E+02  1.620299848982E+01  3.868512743939E-14 -1.078103172727E-01  2.650557214584E+02  6.188707841093E-01  8.885746646050E-01 -5.031386722235E-01 -1.157340299483E-02 -1.740503609240E+00  3.042892016000E+00  1.556418458905E-02 -8.912027448780E-02  7.355608989764E-02 -4.731243663430E-02  1.526888675998E-03 -4.039103865892E-06  5.947755429598E-06 -1.260686700202E-05  1.467188275838E-01  4.039103852561E-06 -7.801053807426E-03 -4.821544548764E-20 -2.283465203436E-20  1.131143046784E-19 -2.907827604550E-03
  2.000000000000E+02  2.020600000000E+02  1.623936411420E+01  3.732018398021E-14 -1.097401906912E-01  2.662135223744E+02  6.180611574278E-01  8.857615846552E-01 -5.011694312755E-01 -1.174004510491E-02 -1.773533843237E+00  3.016594758589E+00  1.438151062112E-02 -8.623485237618E-02  7.185334175501E-02 -4.585562040316E-02  1.569411085310E-03 -9.046099647262E-06  5.417428097677E-06 -2.206442110342E-05  1.406579466719E-01  9.046099626021E-06 -6.866930186747E-03 -4.273063373697E-20  1.079507707680E-21  1.096823177319E-19 -2.828242292607E-03
  2.041200000000E+02  2.062418000000E+02  1.627544179898E+01  3.718622950076E-14 -1.113975941358E-01  2.673651111921E+02  6.171469154033E-01  8.828794584469E-01 -4.992390549767E-01 -1.195668719173E-02 -1.801980637839E+00  2.994986960581E+00  1.298219748382E-02 -8.325999279905E-02  7.027779531474E-02 -4.468133818519E-02  1.087360785709E-03  1.527376929069E-05  4.180984983469E-06 -2.641438445997E-05  1.347158446020E-01 -1.527376916703E-05 -6.001026010318E-03 -1.090971928285E-20 -1.642335668105E-20  7.624415103535E-20 -2.743790920880E-03
  2.083636000000E+02  2.105490540000E+02  1.631085123539E+01  3.823021904834E-14 -1.129440666220E-01  2.684958263937E+02  6.160806133267E-01  8.789806868806E-01 -4.972131369051E-01 -1.212675104013E-02 -1.828464741764E+00  2.971937250801E+00  1.153272011752E-02 -8.028380449269E-02  6.875108437684E-02 -4.295996533877E-02  9.812341770392E-04  2.691733601492E-05  2.206813789560E-06 -2.236258991522E-05  1.297316029589E-01 -2.691733618687E-05 -5.102980138386E-03 -2.975978421204E-20  3.977849583970E-21  7.480207173465E-20 -2.663114038999E-03
  2.127345080000E+02  2.149855256200E+02  1.634634183765E+01  3.993863703297E-14 -1.141892411813E-01  2.696324481044E+02  6.149620856056E-01  8.754607083949E-01 -4.950833041836E-01 -1.232391213048E-02 -1.849771154617E+00  2.953780893856E+00  1.041046916840E-02 -7.743722530794E-02  6.702675613957E-02 -4.218541007039E-02  9.502613830414E-04 -1.042035301259E-05 -3.894862430073E-07 -1.949631913385E-05  1.257060260895E-01  1.042035316691E-05 -3.941848823547E-03 -4.099302397421E-20 -1.960019344385E-20  9.787893570508E-20 -2.594523980860E-03
  2.172365432400E+02  2.195550913886E+02  1.638154354298E+01  4.067076681223E-14 -1.151754741012E-01  2.707615806864E+02  6.138531738288E-01  8.721169633705E-01 -4.929069023373E-01 -1.251093656082E-02 -1.866876997118E+00  2.935439447677E+00  9.062618995237E-03 -7.448645579801E-02  6.542383680258E-02 -4.096616466077E-02  1.043426477347E-03  9.396261906535E-06 -1.560558698371E-06  4.702677985443E-06  1.210678550757E-01 -9.396261955700E-06 -3.274099637803E-03 -3.677448304154E-20 -2.489817415941E-20  7.722514914466E-20 -2.521873808955E-03
  2.218736395372E+02  2.242617441303E+02  1.641651224849E+01  4.067340489295E-14 -1.160513062161E-01  2.718873172766E+02  6.126935616526E-01  8.681991375903E-01 -4.906244695720E-01 -1.269141440124E-02 -1.883049768971E+00  2.913261545061E+00  7.656704808926E-03 -7.134665192090E-02  6.368994711224E-02 -3.960485722635E-02  8.616878786617E-04  2.813107084823E-05 -2.992146165855E-06 -3.461542435395E-06  1.158723626328E-01 -2.813107079752E-05 -2.194544563737E-03 -2.444436787121E-20  1.008275699908E-20  5.918831657800E-20 -2.430302166554E-03
  2.266498487233E+02  2.291095964542E+02  1.645079052207E+01  4.177178835757E-14 -1.164372609892E-01  2.729933745744E+02  6.113565498344E-01  8.634764813115E-01 -4.883379462651E-01 -1.280646315979E-02 -1.892309783713E+00  2.894092311393E+00  6.510375046497E-03 -6.824152058592E-02  6.173114553938E-02 -3.809667246155E-02  5.802356429249E-04  2.316743825616E-06 -6.916289999427E-06 -1.526819870361E-05  1.112114659223E-01 -2.316743863910E-06 -8.320688843356E-04 -3.048172317035E-20 -1.454319452227E-20  8.414228536151E-20 -2.347942295767E-03
  2.315693441850E+02  2.341028843478E+02  1.648490538992E+01  4.324618217063E-14 -1.165404377208E-01  2.740944048634E+02  6.099039904366E-01  8.579016997354E-01 -4.858414742427E-01 -1.294143307931E-02 -1.898051353665E+00  2.874647079988E+00  5.320680832574E-03 -6.499114448461E-02  5.967046365152E-02 -3.703291900730E-02  2.065245542567E-04 -8.780182305531E-06 -1.024316655079E-05 -2.271328901182E-05  1.072650019861E-01  8.780182324641E-06  2.155690881293E-04 -3.997226675374E-20 -1.161648715866E-20  1.005221077038E-19 -2.272315173350E-03
  2.366364245106E+02  2.392459708782E+02  1.651868299803E+01  4.363597269254E-14 -1.162942938933E-01  2.751853223168E+02  6.084847107250E-01  8.509821656670E-01 -4.833665862749E-01 -1.304419374759E-02 -1.897567757021E+00  2.853755652312E+00  4.038331218250E-03 -6.163979742380E-02  5.760146620525E-02 -3.585646616521E-02 -1.816072938232E-04 -1.449155539661E-06 -1.034501303634E-05 -2.554342037854E-05  1.038547472705E-01  1.449155590718E-06  1.223390930960E-03  2.422661616180E-21 -1.794945736333E-20  7.046596006649E-20 -2.219128102868E-03
  2.418555172459E+02  2.445433500046E+02  1.655262988149E+01  4.249918199841E-14 -1.157576844201E-01  2.762811831868E+02  6.071586872798E-01  8.450119118488E-01 -4.805967647646E-01 -1.319056122841E-02 -1.892169240243E+00  2.835107475664E+00  2.979050507237E-03 -5.827181556478E-02  5.529276505777E-02 -3.526272776260E-02 -4.367226998822E-04  1.445668443356E-05 -8.101569016126E-06 -1.286796302659E-05  1.000428224912E-01 -1.445668443580E-05  2.237089982625E-03 -2.094120091206E-20 -9.852634722161E-21  6.183310496329E-20 -2.177263612865E-03
  2.472311827633E+02  2.499996505047E+02  1.658593493161E+01  4.099302082679E-14 -1.147881729786E-01  2.773588442993E+02  6.059812514754E-01  8.392250094064E-01 -4.778710732384E-01 -1.331689288377E-02 -1.879862720719E+00  2.822382770385E+00  1.788804260316E-03 -5.496876696433E-02  5.317996270375E-02 -3.427684922365E-02 -8.000935715103E-04  1.839592147054E-05 -6.679672639963E-06  2.716118226631E-06  9.570616850290E-02 -1.839592150680E-05  3.033071929599E-03 -3.416363818642E-20 -9.539859699306E-21  5.089887904837E-20 -2.118750295939E-03
  2.527681182462E+02  2.556196400198E+02  1.661889444117E+01  4.074543090080E-14 -1.136259844099E-01  2.784263515935E+02  6.048280486944E-01  8.335831534911E-01 -4.749088530614E-01 -1.345683049377E-02 -1.864996177290E+00  2.806968721909E+00  5.446357136307E-04 -5.162602780600E-02  5.108139209279E-02 -3.356026067781E-02 -8.246324783269E-04  5.259158539288E-06 -6.699537647383E-06  4.504000327932E-06  9.207196593506E-02 -5.259158501542E-06  3.482012027547E-03 -1.804298828619E-20 -9.973949156962E-21  5.590051667456E-20 -2.075147483372E-03
  2.584711617935E+02  2.614082292204E+02  1.665154220662E+01  4.148522555573E-14 -1.123169420847E-01  2.794870262646E+02  6.036140693021E-01  8.276196072957E-01 -4.719702517738E-01 -1.355160541105E-02 -1.847681705343E+00  2.796858002327E+00 -6.977803888331E-04 -4.828541455870E-02  4.898319494636E-02 -3.281332661503E-02 -9.828606617334E-04  6.696623556332E-06 -5.799192884606E-06 -1.236685999588E-05  8.938486959131E-02 -6.696623570376E-06  4.295798977322E-03 -3.584969359166E-20 -1.705437516048E-20  4.273233102801E-20 -2.031266785151E-03
  2.643452966473E+02  2.673704760971E+02  1.668448680718E+01  4.160605858681E-14 -1.105539405555E-01  2.805583439407E+02  6.023500462888E-01  8.210170492626E-01 -4.687399601309E-01 -1.371285039495E-02 -1.822854997110E+00  2.789798143015E+00 -1.932867528661E-03 -4.492492670894E-02  4.685779423660E-02 -3.240196420238E-02 -1.058406023464E-03  4.766184072172E-06 -3.121233975933E-06 -7.433451409469E-06  8.724521505149E-02 -4.766184079632E-06  6.229477401326E-03 -1.290337394259E-20  1.818439291239E-20  3.693743147951E-20 -2.009227483395E-03
  2.703956555468E+02  2.735115903800E+02  1.671749546757E+01  3.985297711053E-14 -1.076498763233E-01  2.816355363525E+02  6.011010075470E-01  8.142448387583E-01 -4.656402297688E-01 -1.372730627787E-02 -1.779941351716E+00  2.782542522593E+00 -3.265520933706E-03 -4.151218434686E-02  4.477770528021E-02 -3.184474608084E-02 -1.750083480475E-03  6.863566920628E-06  1.303120579207E-06  4.850796708176E-06  8.420568058458E-02 -6.863566971010E-06  7.044482852942E-03  3.424465765964E-21 -3.657237026965E-20  2.383683459490E-20 -1.970395813039E-03
  2.766275252132E+02  2.798369380914E+02  1.675008910380E+01  3.739572974198E-14 -1.050402642862E-01  2.826987222297E+02  5.999775783653E-01  8.075922795210E-01 -4.621493243243E-01 -1.397480165816E-02 -1.740366390080E+00  2.778228224113E+00 -4.344621009731E-03 -3.831646173748E-02  4.266108274720E-02 -3.117105167287E-02 -1.743322480761E-03  7.632190848030E-06  5.929459694562E-06 -2.742306476503E-06  8.099160314762E-02 -7.632190901164E-06  7.500443529325E-03 -3.696565703597E-21  3.096291448695E-21  7.119328524014E-20 -1.928799763295E-03
  2.830463509696E+02  2.863520462341E+02  1.678252562172E+01  3.706100472807E-14 -1.016290901715E-01  2.837618231501E+02  5.989379791963E-01  8.002408001864E-01 -4.587456789952E-01 -1.396326690280E-02 -1.687386645032E+00  2.776511779195E+00 -5.616002803380E-03 -3.503213162224E-02  4.064813442547E-02 -3.058738457488E-02 -2.029834765785E-03 -1.114196216604E-05  8.329439798453E-06  2.312681626040E-06  7.806794969885E-02  1.114196218341E-05  8.707749758940E-03  5.431131595722E-21 -2.770944225058E-20  2.567539832301E-20 -1.890552577911E-03
  2.896577414987E+02  2.930626076211E+02  1.681461493064E+01  3.824369119998E-14 -9.785222444718E-02  2.848150096931E+02  5.979110695047E-01  7.931736578199E-01 -4.550504636285E-01 -1.406426301149E-02 -1.628460511333E+00  2.773797285629E+00 -6.844181286797E-03 -3.161066834959E-02  3.845484963601E-02 -2.999621918016E-02 -2.093891145002E-03 -9.033321672083E-06  9.492927085580E-06  1.078112329517E-05  7.509284425516E-02  9.033321665935E-06  9.629324658796E-03  2.760835314678E-21 -1.570577133033E-20  8.895213972885E-21 -1.846782311755E-03
  2.964674737436E+02  2.999744858498E+02  1.684645771666E+01  3.836664897820E-14 -9.340532964928E-02  2.858606070431E+02  5.967881333751E-01  7.861194664809E-01 -4.514493140597E-01 -1.401453073071E-02 -1.558274164253E+00  2.773767407840E+00 -8.180157179415E-03 -2.811794844022E-02  3.629810562001E-02 -2.916904909350E-02 -2.634816497136E-03 -1.124760373050E-05  1.016199884571E-05  1.073248216620E-05  7.295082327815E-02  1.124760373701E-05  9.420847825303E-03 -1.264978392875E-20 -1.645782392373E-20  2.887102470676E-20 -1.815241243902E-03
  3.034814979559E+02  3.070937204253E+02  1.687859503642E+01  3.703283628827E-14 -8.955298352952E-02  2.869205514465E+02  5.956333918247E-01  7.793576424924E-01 -4.474382321651E-01 -1.402116335212E-02 -1.498374017713E+00  2.777451585710E+00 -9.434794446618E-03 -2.470040870197E-02  3.413520314857E-02 -2.880637219766E-02 -2.369333014614E-03 -1.045862157228E-05  1.079564157227E-05  9.025984524309E-06  7.153759370941E-02  1.045862155166E-05  9.282877074495E-03  1.621523603155E-20 -8.736666489203E-21  2.621630083551E-20 -1.787254943484E-03
  3.107059428946E+02  3.144265320380E+02  1.691104741030E+01  3.418154416919E-14 -8.501904028591E-02  2.879894191434E+02  5.945009834556E-01  7.745114790615E-01 -4.435272170310E-01 -1.382769855653E-02 -1.428087277749E+00  2.785172106488E+00 -1.066047992267E-02 -2.115882424293E-02  3.181930416472E-02 -2.845610817950E-02 -2.601728571230E-03 -4.348217572413E-06  1.147064518504E-05  9.253694506506E-06  7.117865630395E-02  4.348217543461E-06  9.778425508172E-03 -7.921603242465E-22 -5.076735757969E-21  1.145457306970E-20 -1.788534285299E-03
  3.181471211814E+02  3.219793279992E+02  1.694478393401E+01  2.910402532400E-14 -8.047851331849E-02  2.891020954169E+02  5.932709587257E-01  7.724988829112E-01 -4.390929347846E-01 -1.377541849013E-02 -1.358561046626E+00  2.794604076505E+00 -1.188973896487E-02 -1.758938409204E-02  2.947912305638E-02 -2.898343327518E-02 -2.496928735270E-03 -1.066703182117E-05  1.091055140409E-05  4.173316469214E-06  7.083519521957E-02  1.066703174583E-05  8.981305103517E-03  9.012120357642E-21 -8.759097369161E-21  9.855542813589E-21 -1.817959326083E-03
  3.258115348169E+02  3.297587078391E+02  1.697886406396E+01  2.385786880554E-14 -7.639813538923E-02  2.902270162498E+02  5.916901309932E-01  7.757221740137E-01 -4.349468254672E-01 -1.347814714540E-02 -1.295966748669E+00  2.810346445557E+00 -1.298036807109E-02 -1.439750878145E-02  2.737787685241E-02 -2.916429810721E-02 -2.311509853249E-03 -1.318466652567E-05  1.016464855994E-05 -7.165434396649E-06  7.123783463340E-02  1.318466655012E-05  8.781523182137E-03 -4.260414905560E-20 -1.781451987042E-20  1.480372383046E-20 -1.840064644986E-03
  3.337058808614E+02  3.377714690743E+02  1.701502663008E+01  1.920678141994E-14 -7.175612363165E-02  2.914242722287E+02  5.898191927923E-01  7.799745224115E-01 -4.301705095617E-01 -1.325715456415E-02 -1.223768730846E+00  2.830374410101E+00 -1.405990145031E-02 -1.119118108465E-02  2.525108253470E-02 -2.987945824863E-02 -2.523784796295E-03 -6.086819119640E-06  1.099699473445E-05 -8.834725884604E-06  7.018734899259E-02  6.086819074400E-06  8.994888800942E-03 -3.283224686453E-20 -2.361143231028E-20  2.849037022064E-20 -1.850472067885E-03
  3.418370572872E+02  3.460246131465E+02  1.705018414401E+01  1.537759329595E-14 -6.719324727843E-02  2.925933019393E+02  5.878252424542E-01  7.857442592194E-01 -4.256277511704E-01 -1.295206826191E-02 -1.151086367762E+00  2.850824893257E+00 -1.529672349657E-02 -7.749072946997E-03  2.304579644280E-02 -2.932617491558E-02 -2.249814047490E-03  6.948614366061E-07  1.251706246220E-05 -1.220841879236E-05  7.011223198153E-02 -6.948614396425E-07  8.807815566789E-03 -5.954037208075E-21 -2.204941051491E-20 -1.020605054198E-20 -1.857834361904E-03
  3.502121690058E+02  3.545253515409E+02  1.708842890265E+01  1.327910755892E-14 -6.247838151811E-02  2.938685635939E+02  5.856034141381E-01  7.886891232296E-01 -4.204636318347E-01 -1.264243548851E-02 -1.073343970400E+00  2.880762209398E+00 -1.652914733508E-02 -4.341136825284E-03  2.087028415944E-02 -3.041282317708E-02 -2.215828940901E-03 -5.282236740636E-06  1.241261311365E-05 -1.312692680985E-05  7.311997524853E-02  5.282236718083E-06  8.153271150202E-03 -1.847837156496E-20  5.833838641452E-22 -6.455552399848E-21 -1.942203964355E-03
  3.588385340760E+02  3.632811120872E+02  1.712902085543E+01  1.214019683393E-14 -5.835977623937E-02  2.952233887142E+02  5.831801481976E-01  7.911450887216E-01 -4.153888661118E-01 -1.227633865540E-02 -1.004802612162E+00  2.914164814387E+00 -1.753418881158E-02 -9.532814830727E-04  1.848747029488E-02 -3.175478299976E-02 -1.888457183045E-03 -5.937018079465E-06  1.182628160869E-05 -6.025296124024E-06  7.664280945849E-02  5.937018077422E-06  7.696773189094E-03 -8.215293213585E-21  1.755306907583E-20 -3.967001852270E-20 -2.038678816588E-03
  3.677236900983E+02  3.722995454498E+02  1.717355269032E+01  1.183030872339E-14 -5.391216216502E-02  2.967114252432E+02  5.805792594210E-01  7.926256255137E-01 -4.097819338178E-01 -1.193699001571E-02 -9.290829248752E-01  2.949472247591E+00 -1.882438463959E-02  2.663007714250E-03  1.616137692503E-02 -3.334504226969E-02 -1.866558563351E-03 -2.159082881440E-06  9.816046065984E-06  2.898630931562E-06  7.725980841676E-02  2.159082883495E-06  6.865609896661E-03 -3.423271303180E-20 -2.074739414043E-21 -1.987430225212E-21 -2.087848478347E-03
  3.768754008012E+02  3.815885318133E+02  1.721741414642E+01  1.115952180201E-14 -5.052051430366E-02  2.981807875408E+02  5.776006821877E-01  7.952394042210E-01 -4.042815730941E-01 -1.142656050771E-02 -8.714575169092E-01  2.985342315527E+00 -1.992436074760E-02  5.897286932826E-03  1.402707381451E-02 -3.331028892742E-02 -1.477604193380E-03  5.571694488613E-08  5.117765070265E-06  1.198414585680E-05  7.590277573371E-02 -5.571693297807E-08  4.907080718890E-03  4.534882531672E-21  2.852595090709E-20 -2.956821252857E-21 -2.087064969381E-03
  3.863016628253E+02  3.911561877677E+02  1.726298973761E+01  8.690913729422E-15 -4.820380227203E-02  2.997115422884E+02  5.738348664749E-01  7.977744071749E-01 -3.983198958450E-01 -1.102476371722E-02 -8.287673241719E-01  3.020190844103E+00 -2.083276939591E-02  9.274270221195E-03  1.155849917385E-02 -3.347206526416E-02 -9.751349514771E-04  2.127876438718E-06  1.822418463851E-06  1.412101233480E-05  7.586899204847E-02 -2.127876454185E-06  2.959172252879E-03 -1.893976677866E-20 -1.172907734938E-20 -3.569460985126E-20 -2.093920723117E-03
  3.960107127100E+02  4.010108734007E+02  1.730951177108E+01  6.459076329346E-15 -4.697948049330E-02  3.012804964207E+02  5.692556824679E-01  7.971049514545E-01 -3.924221038590E-01 -1.047080375619E-02 -8.050388084779E-01  3.067086769530E+00 -2.214867195252E-02  1.280573729493E-02  9.342934657492E-03 -3.377002292141E-02 -3.763905854400E-04 -2.684193353985E-06  8.151641456182E-07  2.043490406696E-05  7.743764475584E-02  2.684193343543E-06  1.528319781476E-03  1.529204679978E-20 -1.355499683292E-20 -6.597865657533E-21 -2.164136874109E-03
  4.060110340913E+02  4.111611996027E+02  1.735981502439E+01  6.852905395927E-15 -4.627238250223E-02  3.029779607993E+02  5.647617946651E-01  7.968220395165E-01 -3.858473112232E-01 -1.003425761265E-02 -7.897864883104E-01  3.111921746635E+00 -2.312203575422E-02  1.644529887072E-02  6.676736883602E-03 -3.548770592277E-02  9.127298493842E-05 -5.946439088658E-07  1.213818522445E-06  2.718246686849E-05  7.975123947940E-02  5.946439231707E-07  1.624276941190E-03  7.242839810590E-21 -3.038372319313E-21 -2.926162091454E-20 -2.258623648182E-03
  4.163113651141E+02  4.216160355908E+02  1.741220291274E+01  8.288701900764E-15 -4.487918086713E-02  3.047577623451E+02  5.607773239837E-01  7.915270923954E-01 -3.795843004017E-01 -9.632822523687E-03 -7.647315110500E-01  3.162294179243E+00 -2.382326760783E-02  1.935244375449E-02  4.470823853041E-03 -3.687420016561E-02 -8.223105043229E-05 -5.852401026316E-06  1.877589827406E-06  2.361370408973E-05  8.138486885582E-02  5.852401014683E-06  1.427166333480E-03  3.560159189604E-21 -1.933604852888E-20 -5.029645713903E-21 -2.343441054428E-03
  4.269207060675E+02  4.323845166585E+02  1.746775391818E+01  1.002478482170E-14 -4.440811400747E-02  3.066559935863E+02  5.568748790641E-01  7.878832249828E-01 -3.729395278038E-01 -9.182660689538E-03 -7.540683583784E-01  3.209508340908E+00 -2.453189961472E-02  2.241703171657E-02  2.114867897516E-03 -3.809536886268E-02  2.475477019377E-05 -2.940145281868E-06  1.169167910921E-06  1.965327605661E-05  8.419415491158E-02  2.940145317535E-06  1.730631918463E-03 -1.192601238508E-21  1.498086974173E-20 -4.492271779377E-20 -2.417921512511E-03
  4.378483272495E+02  4.434760521583E+02  1.752720850429E+01  1.277330035724E-14 -4.250930759463E-02  3.086998833713E+02  5.529623611980E-01  7.818726219465E-01 -3.661065930236E-01 -8.927451484303E-03 -7.194674665279E-01  3.267571468634E+00 -2.523947073917E-02  2.518404932540E-02  5.542141391728E-05 -3.929028385670E-02 -3.780043601824E-04 -1.012702315794E-06  1.533289830306E-06  1.026279078165E-05  8.659256977170E-02  1.012702315663E-06  3.340973959188E-03  1.076176270923E-22 -1.233550846831E-21 -5.831678286784E-20 -2.482345519372E-03
  4.491037770670E+02  4.549003337230E+02  1.758954844931E+01  1.504453910987E-14 -3.966726051356E-02  3.108497839651E+02  5.488683186855E-01  7.760351601704E-01 -3.589732223974E-01 -8.496190623439E-03 -6.690091100897E-01  3.327722353077E+00 -2.624472423210E-02  2.791552418499E-02 -1.670799951933E-03 -4.015944319994E-02 -8.965756377202E-04 -6.158635690253E-06  3.814396620958E-06  5.140748568208E-06  8.736507722444E-02  6.158635725799E-06  3.571318212146E-03 -2.225988769189E-20  5.104755338065E-21 -2.567384456364E-20 -2.545230607745E-03
  4.606968903790E+02  4.666673437347E+02  1.765380475677E+01  1.539696668773E-14 -3.731092426622E-02  3.130802198574E+02  5.441676197565E-01  7.701700469218E-01 -3.517103067154E-01 -8.338730718830E-03 -6.303216738911E-01  3.387505488006E+00 -2.675385594201E-02  3.099733711735E-02 -4.243481175476E-03 -4.143196731371E-02 -8.680866890473E-04 -2.558698197563E-06  4.444829028095E-06  2.366352669811E-06  8.784574123260E-02  2.558698216329E-06  4.048304051414E-03 -1.333774446288E-21  1.166871179149E-20 -3.398431229891E-20 -2.630091187947E-03
  4.726377970904E+02  4.787873640468E+02  1.772068818530E+01  1.245149874411E-14 -3.363073745923E-02  3.154099797245E+02  5.387521220483E-01  7.661073247974E-01 -3.442024296854E-01 -7.713337612177E-03 -5.683460184332E-01  3.454997490315E+00 -2.774502828328E-02  3.411051300171E-02 -6.365484718982E-03 -4.258876643597E-02 -1.555597040784E-03 -7.943283873057E-07  1.782072557638E-06 -4.307281549421E-07  8.865486352362E-02  7.943283566391E-07  6.083965048228E-03 -5.635583381992E-21  1.655163698261E-20 -5.414202693846E-20 -2.676819910479E-03
  4.849369310031E+02  4.912709849682E+02  1.779011312342E+01  7.696183389657E-15 -2.794753496996E-02  3.178462078176E+02  5.322145652568E-01  7.608856636874E-01 -3.366256979237E-01 -7.694478400065E-03 -4.716456167344E-01  3.531784592905E+00 -2.874992377259E-02  3.710047557141E-02 -8.350551797809E-03 -4.329402106857E-02 -2.043452448306E-03  3.993608498346E-06 -1.896008420535E-06 -3.366641207272E-06  8.982108938587E-02 -3.993608471500E-06  5.179855484319E-03  1.469757653321E-20 -5.487957741897E-21 -4.482488892907E-20 -2.745972805583E-03
  4.976050389332E+02  5.041291145172E+02  1.786292607433E+01  1.779758053895E-15 -2.537734829241E-02  3.204060665888E+02  5.244958684484E-01  7.562756063495E-01 -3.283200089967E-01 -7.067718172392E-03 -4.300617069973E-01  3.621282181558E+00 -2.939353650001E-02  4.036576476993E-02 -1.097222826981E-02 -4.482958776939E-02 -1.599649095966E-03 -3.539124155969E-06 -5.320512950018E-06 -5.002974140695E-06  9.178511961006E-02  3.539124102016E-06  3.417946998524E-03 -1.966224446310E-20 -7.656812328586E-21 -3.534968772281E-20 -2.851438464756E-03
  5.106531901012E+02  5.173729879527E+02  1.793981308916E+01 -3.173852384612E-15 -2.233726321224E-02  3.231239124572E+02  5.155551509353E-01  7.485219363485E-01 -3.201394590038E-01 -7.273069980687E-03 -3.782310011511E-01  3.707410876584E+00 -3.050059216790E-02  4.349304655259E-02 -1.299245438385E-02 -4.642803300607E-02 -1.508181258678E-03 -1.116925076470E-06 -8.822148348124E-06 -9.095002421667E-06  9.379798659129E-02  1.116925073569E-06  2.802996483856E-03 -3.061330217268E-20  2.638278519141E-21 -4.334106902809E-20 -2.953303611768E-03
  5.240927858042E+02  5.310141775913E+02  1.802047649351E+01 -3.702741816862E-15 -2.066204636215E-02  3.259849093152E+02  5.054956289077E-01  7.372722506202E-01 -3.115427781617E-01 -7.156031446569E-03 -3.471005501184E-01  3.800851953375E+00 -3.067666729214E-02  4.646156612227E-02 -1.578489883044E-02 -4.794784290346E-02 -1.271223031334E-03  1.219028805236E-06 -1.027869835982E-05 -1.135330374052E-05  9.336753795497E-02 -1.219028792053E-06  3.845376073131E-03 -4.954077524403E-22  1.064684628936E-20 -3.742307253674E-20 -3.024199784623E-03
  5.379355693784E+02  5.450646029190E+02  1.810130872416E+01 -2.640645803872E-15 -1.570087748655E-02  3.288669756991E+02  4.954639652741E-01  7.205804601744E-01 -3.029085507291E-01 -7.331616681071E-03 -2.626753761818E-01  3.910773181012E+00 -3.198616872033E-02  5.026594308252E-02 -1.827977436272E-02 -4.901995332259E-02 -2.787484542511E-03  1.995050664068E-07 -8.440029914669E-06 -7.629044707773E-06  9.405050227631E-02 -1.995050498609E-07  4.364446481099E-03 -2.474393955395E-20  1.311342048715E-20 -4.127948919211E-20 -3.120725348677E-03
  5.521936364597E+02  5.595365410066E+02  1.818806168052E+01 -4.087127048839E-15 -1.291541109629E-02  3.319771451692E+02  4.868876530854E-01  7.056939587866E-01 -2.939596201290E-01 -6.986318612551E-03 -2.154491528893E-01  4.031056427359E+00 -3.270779163664E-02  5.278674695246E-02 -2.007895531668E-02 -5.130766528928E-02 -2.141889739163E-03 -4.897862823937E-06 -6.671518858506E-06 -6.746679845047E-06  9.584205780340E-02  4.897862816540E-06  3.481155098520E-03  2.734530688393E-20  6.343202694361E-21 -4.064102033779E-21 -3.262539077402E-03
  5.668794455535E+02  5.743794455535E+02  1.827722561297E+01 -6.932348213991E-15 -9.331123695176E-03  3.351956484197E+02  4.797966916251E-01  6.858125104555E-01 -2.848897431367E-01 -7.412553975396E-03 -1.516334519713E-01  4.093809136171E+00 -3.200058726827E-02  5.358017795669E-02 -2.157959068868E-02 -5.266101898161E-02 -2.190471392205E-03 -3.615695436155E-06 -4.062419623901E-06 -7.660637604026E-06  9.477321418970E-02  3.615695445294E-06  3.309305098684E-03 -7.760573865357E-21  1.111298361672E-21 -3.352144271041E-20 -3.319893259255E-03
  5.818794455535E+02  5.893794455535E+02  1.836574611467E+01 -8.736283108971E-15 -6.728558506467E-03  3.384086606953E+02  4.722565058721E-01  6.724425295581E-01 -2.761144266213E-01 -7.246755150885E-03 -1.132393072266E-01  4.051482752703E+00 -3.159659323841E-02  5.270755375451E-02 -2.111096051532E-02 -5.278400546792E-02 -1.545661217401E-03 -6.238514449846E-06 -5.113585344444E-07  5.150525806571E-07  9.346998339265E-02  6.238514444409E-06  5.339343841707E-03 -1.846354627699E-20  2.265792801543E-20 -3.149113400249E-20 -3.255845146325E-03
  5.968794455535E+02  6.043794455535E+02  1.845246924912E+01 -1.053317155719E-14  6.831964892647E-04  3.415637194226E+02  4.628613893098E-01  6.594023571965E-01 -2.669680041241E-01 -7.223089146037E-03  1.591052370263E-02  4.013827149572E+00 -3.164844109388E-02  5.207775930806E-02 -2.042931821406E-02 -5.130827182516E-02 -3.542404528375E-03 -6.650564694633E-06  1.564465061216E-06 -9.794939786080E-07  9.375081532429E-02  6.650564700554E-06  8.809901443638E-03 -2.108840801272E-20  9.335651597021E-21 -6.207570522219E-20 -3.224411661657E-03
  6.118794455535E+02  6.193794455535E+02  1.854150965716E+01 -1.270010659138E-14  9.792699078090E-03  3.448218955217E+02  4.520527942745E-01  6.439640655665E-01 -2.583737798179E-01 -6.617388455642E-03  1.808260895508E-01  4.010087556215E+00 -3.171571376702E-02  5.264810401421E-02 -2.093239024749E-02 -5.236678389677E-02 -4.083478199111E-03  8.360655789670E-07  2.808008283226E-06  3.454393743209E-06  9.688521813725E-02 -8.360655840415E-07  9.172466225652E-03 -1.300096484832E-20  1.578434389249E-20 -5.631766382872E-22 -3.341406349103E-03
  6.268794455535E+02  6.343794455535E+02  1.863415336245E+01 -1.344736648423E-14  1.786734914093E-02  3.482289994183E+02  4.407299158225E-01  6.253247273827E-01 -2.492500026574E-01 -6.537450464855E-03  3.347258325633E-01  3.971044085705E+00 -3.117872630044E-02  5.228272461896E-02 -2.110399831832E-02 -5.444586077283E-02 -3.709822452830E-03  6.397931783720E-06  3.041520676308E-06 -1.754706599526E-07  9.975752121845E-02 -6.397931796637E-06  9.361705841744E-03 -1.182820403962E-20 -3.402010443007E-21 -4.387095506975E-20 -3.416701903339E-03
  6.418794455535E+02  6.493794455535E+02  1.872860457407E+01 -1.214964269238E-14  2.729972053306E-02  3.517174956557E+02  4.293045462438E-01  6.009700600385E-01 -2.404078579922E-01 -5.764345302383E-03  5.182224438930E-01  3.887797519192E+00 -3.023186706127E-02  5.079421028281E-02 -2.056234322199E-02 -5.399552804660E-02 -4.242347613481E-03  9.959974036125E-07  1.020438626229E-06 -1.389255703575E-05  9.684558451940E-02 -9.959973836872E-07  1.044281132136E-02 -2.968109930230E-20  1.988779740248E-21 -5.288904792894E-20 -3.266796900051E-03
  6.568794455535E+02  6.643794455535E+02  1.881576243194E+01 -1.112805666480E-14  3.735976832771E-02  3.549517698403E+02  4.179668054346E-01  5.769743773389E-01 -2.310267783394E-01 -5.633855623341E-03  7.176676679694E-01  3.819251665547E+00 -2.949084142342E-02  4.900388938915E-02 -1.951304796587E-02 -5.048242586200E-02 -3.512921903528E-03 -6.769636852122E-07 -8.689087294866E-07 -1.389553292694E-05  9.253841082866E-02  6.769636803440E-07  6.172815006643E-03 -9.065635064823E-21 -5.883068251193E-21 -3.989971838578E-20 -3.088344311234E-03
  6.718794455535E+02  6.793794455535E+02  1.890211202274E+01 -1.174922406183E-14  3.883803060755E-02  3.581730852832E+02  4.067139155975E-01  5.556181537322E-01 -2.220972792263E-01 -4.896129743058E-03  7.503040202916E-01  3.761124922367E+00 -2.914812397038E-02  4.828284123847E-02 -1.913471726848E-02 -4.843536359026E-02 -5.292772253582E-04  4.270401067440E-06 -6.393027723356E-07 -1.825389170159E-05  8.861670415021E-02 -4.270401045323E-06  3.504318456214E-03 -3.208839173555E-20 -2.333295267837E-20 -6.903217355871E-20 -2.920927408695E-03
  6.868794455535E+02  6.943794455535E+02  1.898192770469E+01 -1.201674857169E-14  4.394497519676E-02  3.611597757627E+02  3.957208830721E-01  5.355291021762E-01 -2.123890792955E-01 -5.020313237323E-03  8.557709580012E-01  3.695923712415E+00 -2.851747865936E-02  4.648966902735E-02 -1.797219036731E-02 -4.513451263122E-02 -1.098243582917E-03 -7.668285857314E-07 -2.006809603097E-07 -8.502517777903E-06  8.509840253614E-02  7.668285855222E-07  1.891066504536E-03 -2.718434199534E-20  6.871780382675E-21 -3.792860462062E-20 -2.782445020393E-03
  7.018794455535E+02  7.093794455535E+02  1.906167996594E+01 -1.149883398496E-14  4.238748856440E-02  3.641571194175E+02  3.836916192441E-01  5.162733943858E-01 -2.031823760764E-01 -4.485834558831E-03  8.296734146463E-01  3.642998346446E+00 -2.803041408402E-02  4.557141817928E-02 -1.754100409465E-02 -4.391517939709E-02  1.178574973084E-04  8.937234315731E-07  1.936932282157E-07  4.490539268571E-07  8.177369239771E-02 -8.937234297230E-07  7.897568251073E-04 -2.416025683377E-20  1.954551145797E-20 -5.208159898463E-20 -2.668873804271E-03
  7.168794455535E+02  7.243794455535E+02  1.913521659269E+01 -1.266634554765E-14  4.542659156792E-02  3.669237933467E+02  3.705105232689E-01  4.963847471305E-01 -1.933357976837E-01 -4.476274556317E-03  8.927768344505E-01  3.580217988702E+00 -2.730232797315E-02  4.449387258816E-02 -1.719154461568E-02 -4.148468564111E-02 -8.359206110926E-04  3.409776986080E-06  1.997273621786E-06  6.595112815441E-06  7.978182337833E-02 -3.409776998851E-06  1.144204545388E-03 -2.949032846607E-20 -1.156022548304E-21 -6.923201278748E-20 -2.560515323896E-03
  7.318794455535E+02  7.393794455535E+02  1.921126026796E+01 -1.386906417257E-14  4.455802899779E-02  3.698008183419E+02  3.570913412475E-01  4.816782721198E-01 -1.836798489225E-01 -4.120298330017E-03  8.790966756727E-01  3.520716969392E+00 -2.626868397486E-02  4.323535974646E-02 -1.696667577212E-02 -4.090067590137E-02  2.222564399215E-04 -1.674226745593E-06  4.635070573515E-06  1.097860534204E-05  8.022962943257E-02  1.674226758263E-06  1.719097237115E-03 -2.780037604092E-21  9.103550283067E-21 -4.067420593433E-20 -2.548282861107E-03
  7.468794455535E+02  7.543794455535E+02  1.928570908180E+01 -1.394288822130E-14  4.867990745811E-02  3.726259787209E+02  3.438331586475E-01  4.666326355101E-01 -1.732070540337E-01 -3.993623540615E-03  9.632517395443E-01  3.473270986549E+00 -2.540274641882E-02  4.207597117793E-02 -1.667322476000E-02 -4.040497849973E-02 -1.401027174883E-03 -1.860123409171E-06  5.306798141027E-06  5.537052281033E-06  7.965361952157E-02  1.860123402614E-06  4.180139195769E-03 -2.598189844390E-20  1.339181193335E-20 -7.629454956293E-20 -2.522421973479E-03
  7.618794455535E+02  7.693794455535E+02  1.936065303577E+01 -1.340005219054E-14  5.240429519542E-02  3.754842798186E+02  3.302023663766E-01  4.548494394037E-01 -1.633552714855E-01 -4.075739654606E-03  1.039194939284E+00  3.400528177725E+00 -2.440697475996E-02  4.108527343582E-02 -1.667829867646E-02 -4.006602114660E-02 -1.439128040626E-03 -1.750099510417E-06  3.553359856184E-06  5.363374561562E-06  7.659258686750E-02  1.750099510925E-06  3.551756736868E-03 -1.607894094727E-20 -6.508636935557E-21 -4.994266881308E-20 -2.442215937090E-03
  7.768794455535E+02  7.843794455535E+02  1.942931373601E+01 -1.127566905586E-14  5.534869689151E-02  3.781053763602E+02  3.163815785391E-01  4.341125252381E-01 -1.529743180285E-01 -4.007793728719E-03  1.098369892162E+00  3.331102388526E+00 -2.302030771707E-02  3.916455988782E-02 -1.614425217034E-02 -3.796433591178E-02 -1.821279851513E-03 -8.494125669910E-07  1.688621578485E-06  5.244820400894E-06  7.577851492578E-02  8.494125786008E-07  4.095406048408E-03 -2.216922259176E-20  5.276729548581E-21 -5.982324015996E-20 -2.373617381686E-03
  7.918794455535E+02  7.993794455535E+02  1.950270606376E+01 -8.646982001953E-15  6.009745425250E-02  3.809268138742E+02  3.024322018771E-01  4.146729362334E-01 -1.429144495072E-01 -4.319706232881E-03  1.194129067943E+00  3.272943857197E+00 -2.224183841649E-02  3.777295843167E-02 -1.553112001441E-02 -3.814438075258E-02 -2.266626765312E-03  1.276380105353E-06  6.750097179808E-07  2.625064091315E-06  7.685159217979E-02 -1.276380096367E-06  4.240962308489E-03 -3.584053620012E-21 -2.908002920114E-21 -3.074058419620E-20 -2.347110556693E-03
  8.068794455535E+02  8.143794455535E+02  1.957338213199E+01 -6.497889755199E-15  6.330842257182E-02  3.836557577476E+02  2.880081831239E-01  3.978223192021E-01 -1.325846917686E-01 -4.566118309225E-03  1.259754012258E+00  3.197193013770E+00 -2.129289052616E-02  3.669207756720E-02 -1.539918704108E-02 -3.670975491989E-02 -1.603899379067E-03 -5.721379492752E-07 -3.773063461879E-07  4.373055887184E-06  7.472255788164E-02  5.721379789731E-07  3.185131752101E-03 -1.130608107962E-20  2.045434471135E-23 -4.299326971673E-20 -2.250203635691E-03
  8.218794455535E+02  8.293794455535E+02  1.964280844421E+01 -4.198624954654E-15  6.608244288835E-02  3.863506366506E+02  2.734391496360E-01  3.775153243355E-01 -1.220720603954E-01 -4.576786929368E-03  1.316202686710E+00  3.133224117559E+00 -2.068711177407E-02  3.506168154543E-02 -1.437456977185E-02 -3.513336279178E-02 -1.474100432513E-03  1.054387794003E-06  5.746707794476E-07  3.026612072849E-06  7.082698167449E-02 -1.054387783882E-06  6.978837254566E-04 -1.425733419615E-20 -7.519380807452E-22 -5.320037979750E-20 -2.126147260935E-03
  8.368794455535E+02  8.443794455535E+02  1.970618958151E+01 -2.738823346356E-15  6.462489661342E-02  3.888135553997E+02  2.581375602599E-01  3.588001505050E-01 -1.117077687952E-01 -4.465214123313E-03  1.291584971189E+00  3.062448987764E+00 -2.015100349192E-02  3.421552551420E-02 -1.406452202178E-02 -3.273505910109E-02 -1.231810430842E-04  2.888137865980E-06  1.464493197319E-06  2.086432008368E-06  6.760621667831E-02 -2.888137847193E-06 -7.614619675670E-04 -2.952766560401E-21 -1.977158812070E-20 -3.090143157737E-20 -2.010492399913E-03
  8.518794455535E+02  8.593794455535E+02  1.976954849657E+01 -2.654746503646E-15  6.463190848443E-02  3.912871502820E+02  2.418052297572E-01  3.408621969257E-01 -1.012154063145E-01 -4.356402866615E-03  1.297600723907E+00  2.999757569450E+00 -1.938704878828E-02  3.325835381044E-02 -1.387130502212E-02 -3.186222844905E-02 -8.230207617345E-05  5.092343551183E-07  1.024485079858E-06  2.371079650066E-06  6.682545493080E-02 -5.092343522873E-07 -3.248670729597E-03  4.399216318695E-21 -8.103450384446E-21 -5.215251954124E-20 -1.943858095627E-03
  8.668794455535E+02  8.743794455535E+02  1.983147719443E+01 -3.288297007372E-15  5.850396154836E-02  3.937158788250E+02  2.246986660096E-01  3.218440385303E-01 -9.077973198357E-02 -4.038312642220E-03  1.179982887208E+00  2.911296279936E+00 -1.864943426291E-02  3.134630292609E-02 -1.269686866348E-02 -2.976658089132E-02  1.113254416054E-03  7.779585053420E-07 -2.617407580404E-07  3.025368665381E-06  6.204631966674E-02 -7.779585085113E-07 -6.994909291163E-03 -5.780943854124E-21 -1.525186314408E-21 -5.555409958350E-20 -1.742933031051E-03
  8.818794455535E+02  8.893794455535E+02  1.988591817006E+01 -3.491837316979E-15  5.151248969948E-02  3.958559714445E+02  2.067364544565E-01  3.033729893736E-01 -8.018794497415E-02 -3.728226260899E-03  1.045914951662E+00  2.805326907832E+00 -1.812537203777E-02  2.951326085595E-02 -1.138788881826E-02 -2.587735789756E-02  1.317018233978E-03  4.648094416540E-06 -2.807464376112E-06 -6.950792249912E-07  5.636358910379E-02 -4.648094413475E-06 -6.033879203103E-03  1.936041147613E-21 -7.247941929407E-21 -5.486901835505E-20 -1.537077471125E-03
  8.968794455535E+02  9.043794455535E+02  1.993717866419E+01 -3.913547437506E-15  4.719891214116E-02  3.978751668408E+02  1.870426601838E-01  2.896587459495E-01 -6.961296317015E-02 -3.392978150395E-03  9.615284940859E-01  2.738401903507E+00 -1.748437545324E-02  2.839769246959E-02 -1.091331701618E-02 -2.357217016361E-02  9.251661765915E-04  1.075293795111E-06 -3.796780200838E-06  3.161571726684E-06  5.348023881903E-02 -1.075293786674E-06 -4.906322591081E-03 -1.542333892930E-20 -9.854173889229E-22 -3.769026400337E-20 -1.412685725938E-03
  9.118794455535E+02  9.193794455535E+02  1.998619033018E+01 -5.193853449178E-15  4.231699598332E-02  3.998102713335E+02  1.652717726947E-01  2.726529474621E-01 -5.886110169527E-02 -3.052584886709E-03  8.658489417476E-01  2.669726891890E+00 -1.676663272341E-02  2.719356772879E-02 -1.042693500561E-02 -2.164332974884E-02  1.122128409006E-03  1.095463411102E-06 -3.381631403197E-06  3.741165458175E-06  5.072230760596E-02 -1.095463422571E-06 -5.251261463548E-03 -8.610473895407E-21 -8.489236832974E-21 -4.795165577783E-20 -1.291803619736E-03
  9.268794455535E+02  9.343794455535E+02  2.003228185188E+01 -5.870680822260E-15  3.734085032845E-02  4.016356266958E+02  1.417242979244E-01  2.603492383649E-01 -4.792432908730E-02 -2.584049009368E-03  7.670899124179E-01  2.606991817223E+00 -1.620438408587E-02  2.599748504178E-02 -9.793100955719E-03 -1.976378973773E-02  1.031990474196E-03  4.922287618146E-06 -3.491587003817E-06  4.300177979634E-06  4.859268402023E-02 -4.922287596112E-06 -4.069217464884E-03 -1.361652801371E-20 -7.316829235112E-21 -3.827553594597E-20 -1.202619245679E-03
  9.418794455535E+02  9.493794455535E+02  2.007730121537E+01 -5.711797499095E-15  3.467566824123E-02  4.034267226226E+02  1.159915638228E-01  2.445772226686E-01 -3.720145994980E-02 -2.174345727166E-03  7.158488350270E-01  2.548644232650E+00 -1.549111692403E-02  2.452297733522E-02 -9.031860411213E-03 -1.851774993016E-02  6.769745657211E-04  2.853322051953E-06 -3.872956382579E-06  2.967830859330E-06  4.772320994249E-02 -2.853322055581E-06 -3.838306981369E-03 -5.971489767512E-21 -2.064815021963E-21 -6.747828144578E-20 -1.107615772749E-03
  9.568794455535E+02  9.643794455535E+02  2.012175869628E+01 -5.306163205580E-15  3.015249648747E-02  4.051990329211E+02  8.684830524189E-02  2.418244803641E-01 -2.579670682097E-02 -1.337522797669E-03  6.265619374253E-01  2.518261668901E+00 -1.498781098152E-02  2.343579952866E-02 -8.447988547021E-03 -1.703519185642E-02  1.147801461091E-03 -7.990761767971E-07 -3.240911399577E-06  2.829746789438E-06  5.169450621973E-02  7.990761999163E-07 -4.932647976652E-03 -5.936003840011E-21  1.790300054823E-21 -2.902610483329E-20 -1.097248062475E-03
  9.718794455535E+02  9.793794455535E+02  2.017422876306E+01 -3.796906510265E-15  2.542464629795E-02  4.073113829558E+02  5.248474756972E-02  2.518923260582E-01 -1.504168422018E-02 -9.720433148550E-04  5.301895804174E-01  2.666437506467E+00 -1.511058849507E-02  2.568107092433E-02 -1.057048242925E-02 -1.909528471722E-02  9.249914728182E-04 -2.179495962914E-06 -1.427672736309E-06 -1.829047424465E-06  6.593193281776E-02  2.179495966893E-06 -2.027323577322E-03 -1.047223325497E-20  1.508211058844E-21 -2.680505982151E-20 -1.427983337454E-03
  9.868794455535E+02  9.943794455535E+02  2.024538362715E+01 -1.226134193454E-15  2.633665320496E-02  4.102101059648E+02  1.069812789921E-02  2.889065478685E-01 -4.218632862622E-03 -1.534517970036E-04  5.473945994852E-01  2.605109964457E+00 -1.721480702947E-02  2.550859090694E-02 -8.293783877104E-03 -2.349058518903E-02 -3.584897321517E-04 -3.234302011957E-06 -2.182783911775E-07  1.775145493339E-06  3.794932339689E-02  3.234302034950E-06  4.883458933108E-04 -2.126131001389E-20  2.831375200658E-21 -3.474937578688E-20 -6.688513985343E-04
