                   y                  ym                   U                   V                   W                 U^2                 V^2                 W^2                  UV                  VW                  UW                VISC               SFSxx               SFSyy               SFSzz               SFSxy               SFSyz                dUdX                dVdX                dWdX                dUdY                dVdY                dWdY                dUdZ                dVdZ                dWdZ              SFSxym
 -4.000000000000E+00 -2.000000000000E+00  0.000000000000E+00  0.000000000000E+00  0.000000000000E+00  0.000000000000E+00  0.000000000000E+00  0.000000000000E+00  0.000000000000E+00  0.000000000000E+00  0.000000000000E+00  0.000000000000E+00  0.000000000000E+00  0.000000000000E+00  0.000000000000E+00  0.000000000000E+00  0.000000000000E+00  0.000000000000E+00  0.000000000000E+00  0.000000000000E+00  0.000000000000E+00  0.000000000000E+00  0.000000000000E+00  0.000000000000E+00  0.000000000000E+00  0.000000000000E+00  0.000000000000E+00
  2.220446049250E-16  2.000000000000E+00  9.931156184026E+00  1.374586931548E-16 -9.699574171673E-03  1.010268700818E+02  5.271264256484E-02  6.905321368817E-01 -1.571779027784E-01 -1.005582045300E-03 -8.736516901582E-02  9.999190451671E-01 -1.716464037400E-03  6.779328498106E-03 -5.062864461474E-03 -5.094103352490E+00  1.121467985184E-02 -1.083988747554E-03 -9.775938222415E-05  1.505804048323E-06  4.272155400231E+01  1.083988747554E-03 -1.154589045625E-02 -3.276605392584E-20 -8.489400597220E-22 -4.361448457807E-20 -1.083120967580E-02
  4.000000000000E+00  6.000000000000E+00  1.142975402533E+01  4.897313023861E-16  3.953541616011E-03  1.330078948249E+02  2.099796943762E-01  6.725889304682E-01 -3.064648510355E-01 -2.482420614132E-03  6.324726600737E-02  5.521011540115E+00  2.222828051910E-01 -2.417902510847E-01  1.950744590186E-02 -1.112940406032E+00 -9.612754311109E-02  2.947799275270E-04 -1.498474305332E-04  1.854867244936E-06  3.977498252427E+00 -2.947799275329E-04  3.580737917700E-02 -2.980222606934E-20 -8.960943128420E-21  1.945900026809E-20 -7.880066089258E-02
  8.000000000000E+00  1.000000000000E+01  1.191959187493E+01  5.577729801830E-16  8.133126509887E-03  1.440631666014E+02  2.546333167250E-01  6.219719592854E-01 -2.977014831163E-01 -2.418576025686E-03  1.175628186728E-01  5.776236607468E+00  1.263865027809E-01 -3.173687750062E-01  1.909822722247E-01 -6.383671934162E-01 -1.678274028476E-02  1.905010448082E-04 -8.051176169922E-05 -6.611615040679E-06  1.894760889764E+00 -1.905010448024E-04  1.387845307007E-02 -4.843971301419E-20  1.417692237940E-21  5.817706508909E-20 -3.852336216459E-02
  1.200000000000E+01  1.400000000000E+01  1.237732432342E+01  5.654258889802E-17  1.089879981359E-02  1.551341511880E+02  2.790639566982E-01  6.084686230205E-01 -3.200547305598E-01 -2.552303466265E-03  1.563800349146E-01  5.690850201361E+00  1.200037391285E-01 -2.925078029861E-01  1.725040638568E-01 -6.029399990675E-01 -1.011493488446E-04  1.461785150077E-04 -4.740005257975E-05  2.916777785228E-06  1.571976106682E+00 -1.461785150307E-04  7.724007478872E-03 -4.078899161476E-20  3.277339537410E-22  4.816791555095E-20 -3.292305133118E-02
  1.600000000000E+01  1.800000000000E+01  1.270546061294E+01  2.854353761452E-17  1.201841586553E-02  1.632623674884E+02  2.985650575866E-01  5.993344990525E-01 -3.186950867259E-01 -2.537484604440E-03  1.746346722732E-01  5.365128411905E+00  9.925934073485E-02 -2.607381966833E-01  1.614788559513E-01 -4.399020651202E-01  1.534559400267E-03  9.603465982179E-05 -2.734371127559E-05  1.062216564993E-05  1.231564290633E+00 -9.603465982263E-05  2.811567698539E-03 -3.536013768277E-20 -1.120172560181E-20  7.000517172878E-20 -2.543785481372E-02
  2.000000000000E+01  2.200000000000E+01  1.299302129783E+01  9.688380740031E-16  1.235431583975E-02  1.706057730975E+02  3.148104107492E-01  5.954958704567E-01 -3.248906260488E-01 -2.555990224582E-03  1.831893002337E-01  5.145528284829E+00  8.925568207670E-02 -2.376290158177E-01  1.483733337407E-01 -3.801809221822E-01  9.607402308044E-04  8.477613779141E-05 -1.175102497264E-05  1.328158686187E-05  1.046405183624E+00 -8.477613777644E-05 -1.844785734547E-04 -6.028777812129E-20 -1.087624470033E-20  8.553301676353E-20 -2.164274195375E-02
  2.400000000000E+01  2.600000000000E+01  1.322876789278E+01  1.977268211719E-15  1.197832338423E-02  1.767384858946E+02  3.281374868953E-01  5.913760188848E-01 -3.246741559440E-01 -2.426092443180E-03  1.813234671186E-01  4.915310685884E+00  7.741191798253E-02 -2.173345513112E-01  1.399226333326E-01 -3.118321052716E-01  8.377285289869E-04  4.450333803111E-05 -5.464631566063E-06 -2.789086381457E-06  8.906142984248E-01 -4.450333802820E-05 -1.719152078261E-03 -4.368195725117E-20  1.258899701333E-21  1.047067933839E-19 -1.824766450969E-02
  2.800000000000E+01  3.000000000000E+01  1.343837009089E+01  2.979748320193E-15  1.150678393153E-02  1.822979740086E+02  3.387273738294E-01  5.879583771257E-01 -3.264129720405E-01 -2.414194042225E-03  1.771217249364E-01  4.732131368207E+00  6.955737728008E-02 -2.015318902895E-01  1.319745130090E-01 -2.740326963213E-01  3.913836272087E-04  3.124813056931E-05 -3.287103295598E-06  5.186636401063E-06  7.853372387092E-01 -3.124813060235E-05 -2.032445582605E-03 -1.669890286059E-20  2.285957042674E-21  1.201036601522E-19 -1.599870893608E-02
  3.200000000000E+01  3.400000000000E+01  1.362140516011E+01  4.428542023834E-15  1.096405212643E-02  1.872223083423E+02  3.469458007157E-01  5.837506988017E-01 -3.259190268888E-01 -2.286073716282E-03  1.701588836402E-01  4.557213165060E+00  6.245916296687E-02 -1.875754997093E-01  1.251163367435E-01 -2.385781502180E-01  3.625142375997E-04  2.209490943139E-05 -2.685855634512E-07  5.022044645681E-06  6.991885397578E-01 -2.209490938314E-05 -2.178892559049E-03 -1.299764695837E-20  5.003708989338E-21  1.215005190017E-19 -1.412268389992E-02
  3.600000000000E+01  3.800000000000E+01  1.378793593651E+01  6.591771110435E-15  1.044043917723E-02  1.917659230828E+02  3.533165138507E-01  5.797629556305E-01 -3.259452594571E-01 -2.208909384459E-03  1.632984852803E-01  4.405365043923E+00  5.665641130563E-02 -1.755975458641E-01  1.189411345598E-01 -2.144898836040E-01 -7.363760117215E-05  4.145367636632E-06  4.685540255248E-06  6.302589081772E-06  6.348567356814E-01 -4.145367627137E-06 -2.064972551261E-03 -3.087525237935E-20  2.287934528504E-21  7.631010651410E-20 -1.273695908973E-02
  4.000000000000E+01  4.200000000000E+01  1.393889327880E+01  8.596438303675E-15  9.928676079214E-03  1.959337352509E+02  3.582266989780E-01  5.748509243164E-01 -3.250571470373E-01 -2.123571915730E-03  1.564784623081E-01  4.266496728806E+00  5.180420145068E-02 -1.650568837935E-01  1.132526823446E-01 -1.931806966488E-01 -2.892334183708E-04  2.505688868949E-05  7.167717269818E-06  1.006115368984E-05  5.810815459798E-01 -2.505688863046E-05 -2.348846415750E-03  1.578642734360E-20  9.852078551153E-21  1.039787645361E-19 -1.158246336172E-02
  4.400000000000E+01  4.600000000000E+01  1.407855881144E+01  9.553475252642E-15  9.203245503890E-03  1.998335884832E+02  3.619626679776E-01  5.697451821582E-01 -3.243091272577E-01 -2.082469950984E-03  1.466002143124E-01  4.143966722864E+00  4.798161999338E-02 -1.560102722793E-01  1.080286522862E-01 -1.777239010519E-01 -1.706053445415E-04  6.457523579837E-06  5.581137812588E-06 -4.443524142951E-06  5.386477538739E-01 -6.457523567086E-06 -2.709236704103E-03  2.330121082522E-20  3.818116379777E-22  1.201882990820E-19 -1.066055288342E-02
  4.800000000000E+01  5.000000000000E+01  1.420819846202E+01  1.005080298141E-14  8.534291493278E-03  2.034901895910E+02  3.648464724555E-01  5.654879822984E-01 -3.231641334676E-01 -1.941470296420E-03  1.367114527783E-01  4.032020693928E+00  4.465191812250E-02 -1.479432608304E-01  1.032913427093E-01 -1.638229842265E-01 -6.458366807334E-05  1.747030862625E-05  4.574674914797E-06  9.181034536670E-07  5.018685310087E-01 -1.747030862461E-05 -2.856595324782E-03  4.524768316914E-21 -4.448275534384E-21  1.115430046013E-19 -9.854699388487E-03
  5.200000000000E+01  5.400000000000E+01  1.432945658029E+01  1.039032833658E-14  7.784422203084E-03  2.069412975215E+02  3.669306892198E-01  5.617625728518E-01 -3.220371714346E-01 -1.914652441849E-03  1.271968217829E-01  3.930546914918E+00  4.172026787069E-02 -1.408617967665E-01  9.914152889832E-02 -1.519210647949E-01 -1.672401687413E-04  1.325554534048E-05  5.326182919181E-06  2.589574392408E-06  4.699689570768E-01 -1.325554527695E-05 -4.202737362095E-03 -3.106203604939E-20  4.832383862882E-21  1.196258224845E-19 -9.170819728727E-03
  5.600000000000E+01  5.800000000000E+01  1.444319944880E+01  1.052429987415E-14  6.423963665578E-03  2.102076791186E+02  3.682499531746E-01  5.583382360021E-01 -3.207074877835E-01 -1.788400807654E-03  1.086884129047E-01  3.835071311664E+00  3.887544545577E-02 -1.343408043598E-01  9.546535890290E-02 -1.417061277575E-01  3.729403786749E-04  1.068039310444E-05  5.696044407876E-06 -1.519530985565E-06  4.432027071115E-01 -1.068039310672E-05 -4.887094728559E-03  4.188101792256E-20  1.236799172951E-20  7.485435315392E-20 -8.580198099010E-03
  6.000000000000E+01  6.200000000000E+01  1.455108003918E+01  9.657841439197E-15  5.316304384230E-03  2.133315349234E+02  3.689522894671E-01  5.558022657072E-01 -3.193910178852E-01 -1.643563248188E-03  9.254550985982E-02  3.748246484368E+00  3.632194429279E-02 -1.285817983633E-01  9.225985407056E-02 -1.329357487830E-01  3.721354192391E-06  9.714940013118E-06  4.302622346503E-06 -5.143591368034E-06  4.190226580208E-01 -9.714940141422E-06 -4.284217988809E-03 -9.675747077877E-22  7.931421879882E-21  1.405613406117E-19 -8.044930431469E-03
  6.400000000000E+01  6.600000000000E+01  1.465265705288E+01  7.777816693651E-15  4.277120311941E-03  2.162946296602E+02  3.692013500993E-01  5.526497387382E-01 -3.179991575669E-01 -1.511540178868E-03  7.744503980499E-02  3.663289576225E+00  3.389724382581E-02 -1.229376736933E-01  8.904042986816E-02 -1.245858256348E-01  1.560342311937E-04 -1.406094087738E-06  3.144803943354E-06 -2.871047343580E-06  3.970869645858E-01  1.406094101099E-06 -3.693579990144E-03 -1.338014231212E-20  1.680962770320E-21  9.937350075580E-20 -7.551810027153E-03
  6.800000000000E+01  7.000000000000E+01  1.474953621987E+01  6.055613801202E-15  3.466629140058E-03  2.191405283273E+02  3.691084720733E-01  5.487305956507E-01 -3.165359998435E-01 -1.350180214477E-03  6.602444413274E-02  3.584298607949E+00  3.176837668154E-02 -1.180753482328E-01  8.630697155038E-02 -1.172926630896E-01 -1.109055975596E-04  1.608601036399E-05  3.726701382604E-06 -4.837491383725E-06  3.775854715445E-01 -1.608601042064E-05 -2.369440104169E-03 -5.526935992849E-21 -5.801378004935E-21  1.100073088950E-19 -7.107916476884E-03
  7.200000000000E+01  7.400000000000E+01  1.484147168302E+01  6.098320560916E-15  3.071140088349E-03  2.218580499243E+02  3.688232877265E-01  5.447174279970E-01 -3.150346228189E-01 -1.161524331733E-03  6.022196800413E-02  3.509147097630E+00  3.001415879623E-02 -1.134555037400E-01  8.344134494394E-02 -1.104461831197E-01 -5.225539708398E-04  6.630852258278E-06  2.902771125620E-06 -3.149427898716E-06  3.594264447573E-01 -6.630852247483E-06 -1.673110295552E-03  3.339112663984E-20 -1.142557656646E-20  1.231254302216E-19 -6.708987081302E-03
  7.600000000000E+01  7.800000000000E+01  1.492927059826E+01  7.722461269991E-15  2.631054533134E-03  2.244698291641E+02  3.682982191280E-01  5.402988384222E-01 -3.135808298180E-01 -1.065213076853E-03  5.430907801602E-02  3.437854573167E+00  2.837018416741E-02 -1.091460914842E-01  8.077590731620E-02 -1.042240206610E-01 -3.820395722816E-04  5.559469688923E-07  1.104234392946E-06 -1.402703892575E-06  3.425899002369E-01 -5.559469420065E-07 -2.545666379607E-03  4.579400777086E-20  2.434312156164E-21  1.190122393309E-19 -6.332161042677E-03
  8.000000000000E+01  8.200000000000E+01  1.501270588646E+01  8.529451306129E-15  1.834938047901E-03  2.269648268986E+02  3.674928548326E-01  5.360969574207E-01 -3.119718578406E-01 -9.136216045806E-04  4.236301272291E-02  3.373226439141E+00  2.674679755083E-02 -1.051815713777E-01  7.843477382899E-02 -9.826889553897E-02  5.489548059994E-05  6.601651374209E-06  1.472922589594E-06 -5.167830913084E-06  3.265225109688E-01 -6.601651419942E-06 -4.037167251644E-03  6.740377141480E-20  3.706752295328E-21  1.139897871562E-19 -5.984010792020E-03
  8.400000000000E+01  8.600000000000E+01  1.509253884718E+01  9.564055421472E-15  6.231584364708E-04  2.293649984453E+02  3.664956837402E-01  5.324290821166E-01 -3.104247080034E-01 -7.653176118927E-04  2.363222747887E-02  3.308741994085E+00  2.512783288402E-02 -1.013689510775E-01  7.624111819506E-02 -9.323853294826E-02  4.027904242838E-04  9.889966553302E-07  3.065995713026E-06 -1.126959581322E-05  3.116503322267E-01 -9.889966287813E-07 -5.200197225769E-03  5.782480060909E-21  6.990818941681E-22  8.667228107476E-20 -5.665122951469E-03
  8.800000000000E+01  9.000000000000E+01  1.516858898990E+01  1.202048631350E-14 -7.777292046122E-04  2.316619978583E+02  3.654295978671E-01  5.294393058654E-01 -3.088546394509E-01 -6.013459942981E-04  1.477645218266E-03  3.245173667461E+00  2.402094367591E-02 -9.777393043675E-02  7.375298676117E-02 -8.806959953225E-02  7.367820503745E-04 -5.579896186495E-06  4.136690471283E-06 -6.979813233214E-06  2.982393560403E-01  5.579896190350E-06 -5.861854006373E-03  4.548195644945E-20 -1.302216393927E-20  8.851305433851E-20 -5.378806427848E-03
  9.200000000000E+01  9.400000000000E+01  1.524168603845E+01  1.308893791963E-14 -2.292792585138E-03  2.338795796586E+02  3.643254164391E-01  5.264690045312E-01 -3.072875443958E-01 -4.188383148999E-04 -2.280520274552E-02  3.184103150514E+00  2.304232112124E-02 -9.428697455620E-02  7.124465343403E-02 -8.389357943507E-02  8.946621347716E-04 -6.022375079263E-07  4.731645153613E-06 -6.576593383380E-06  2.866451589852E-01  6.022375174960E-07 -5.646000434949E-03  4.319392262471E-20 -1.989142706900E-20  8.997510167902E-20 -5.116422011537E-03
  9.600000000000E+01  9.800000000000E+01  1.531191337840E+01  1.287966666190E-14 -3.591712594097E-03  2.360201548806E+02  3.631482455925E-01  5.237276913626E-01 -3.057434493989E-01 -1.806393528256E-04 -4.388177500391E-02  3.128327262338E+00  2.209381026142E-02 -9.134154434279E-02  6.924773408199E-02 -7.977484192895E-02  5.851652499740E-04 -5.256985937644E-07  5.119073007609E-06 -1.435160577199E-05  2.741071480538E-01  5.256985601869E-07 -5.274754097650E-03  3.506295399023E-20 -2.542439617399E-20  9.888980612851E-20 -4.847921713433E-03
  1.000000000000E+02  1.020000000000E+02  1.537873089949E+01  1.368400184831E-14 -4.957280126171E-03  2.380656493634E+02  3.618810938934E-01  5.208098222588E-01 -3.041669653991E-01 -3.395368068937E-05 -6.624814564314E-02  3.075463161739E+00  2.086216355845E-02 -8.866099398734E-02  6.779883042946E-02 -7.540468919759E-02  6.118800169831E-04 -4.373811626704E-06  5.943362773464E-06 -1.454424783769E-05  2.623354361537E-01  4.373811642999E-06 -5.830498286302E-03  5.469207912237E-20 -1.249429616914E-20  1.047556834922E-19 -4.600611087936E-03
  1.040000000000E+02  1.060000000000E+02  1.544307878761E+01  1.387844642449E-14 -6.517955103166E-03  2.400434782398E+02  3.605229009736E-01  5.173314863254E-01 -3.025748378137E-01  1.999553542052E-04 -9.153739095042E-02  3.029762200769E+00  1.992921597334E-02 -8.627137145096E-02  6.634215547706E-02 -7.189489901517E-02  5.152036365914E-04  6.581261768066E-09  7.123788742588E-06 -6.159038343932E-06  2.525464914211E-01 -6.581304414519E-09 -5.975217318049E-03  1.061327521562E-19 -6.178047070153E-21  8.300778374994E-20 -4.402484335426E-03
  1.080000000000E+02  1.100000000000E+02  1.550502582196E+01  1.325788668664E-14 -7.930707748794E-03  2.419545034582E+02  3.591709700139E-01  5.137270628744E-01 -3.009859986136E-01  3.915686143733E-04 -1.142765933189E-01  2.983651502064E+00  1.889150946328E-02 -8.390176145513E-02  6.501025199309E-02 -6.888863914222E-02  2.372089804584E-04  1.398366476728E-05  7.669957513731E-06 -5.212972297579E-06  2.428965975523E-01 -1.398366475304E-05 -5.711207550664E-03  7.408556078577E-20  2.861952262003E-21  8.052543444805E-20 -4.216732355967E-03
  1.120000000000E+02  1.140000000000E+02  1.556458507352E+01  1.374391399300E-14 -9.354454850248E-03  2.437995374353E+02  3.578555723757E-01  5.107312931018E-01 -2.993998667453E-01  6.037710989305E-04 -1.365014159382E-01  2.937287943709E+00  1.779066046309E-02 -8.150751738921E-02  6.371685692701E-02 -6.601290787180E-02  5.198106132572E-04  1.107629530445E-05  6.685565420267E-06 -6.851736405635E-06  2.339646453689E-01 -1.107629534099E-05 -5.075235009452E-03  6.832849529417E-20  1.251332968937E-20  8.492018144778E-20 -4.030269969187E-03
  1.160000000000E+02  1.180000000000E+02  1.562207036665E+01  1.415291668583E-14 -1.045250459289E-02  2.455867930715E+02  3.565279198791E-01  5.085755993995E-01 -2.978592066657E-01  8.088662291001E-04 -1.537105362413E-01  2.895038992184E+00  1.695254620387E-02 -7.929389873980E-02  6.234135253469E-02 -6.310813550066E-02  4.697877432194E-04  3.263153044866E-06  4.226698995173E-06 -7.931405850739E-06  2.276598640538E-01 -3.263153010562E-06 -3.975097441743E-03  5.442162896504E-20 -1.578366186260E-20  8.083128111820E-20 -3.871419009220E-03
  1.200000000000E+02  1.220000000000E+02  1.567842827442E+01  1.398842644727E-14 -1.134948006846E-02  2.473461647350E+02  3.551469322087E-01  5.064786840268E-01 -2.962528996371E-01  1.040381420587E-03 -1.678418160294E-01  2.857476514894E+00  1.649058416412E-02 -7.713972309835E-02  6.064913893410E-02 -6.093354195722E-02  4.239593276063E-04 -1.414695373456E-06  2.349422389638E-06 -3.803322963632E-06  2.228939740677E-01  1.414695381823E-06 -4.062704283985E-03  8.855928833855E-20  7.283174448320E-22  9.191258831891E-20 -3.751235094951E-03
  1.240000000000E+02  1.260000000000E+02  1.573352090330E+01  1.450811982125E-14 -1.249533587485E-02  2.490721635807E+02  3.536674149120E-01  5.041341823809E-01 -2.946841159836E-01  1.250903631578E-03 -1.858653373733E-01  2.821400419979E+00  1.606106720187E-02 -7.523969162019E-02  5.917862441919E-02 -5.898927093908E-02  4.081887275779E-04 -5.110008361098E-06  1.097780833580E-06  3.951535876685E-06  2.173094336088E-01  5.110008391041E-06 -4.218414342839E-03  7.895988768032E-20 -1.905922611929E-20  7.034320320470E-20 -3.626622049620E-03
  1.280000000000E+02  1.300000000000E+02  1.578709600942E+01  1.514568707719E-14 -1.345702955535E-02  2.507547176507E+02  3.521154656677E-01  5.018227297779E-01 -2.931116148104E-01  1.440943896023E-03 -2.013162061667E-01  2.784036968933E+00  1.537373434980E-02 -7.334455081238E-02  5.797081646180E-02 -5.707857962282E-02  3.438119475139E-04 -3.300756455309E-06 -3.853638620309E-08  9.183744560094E-06  2.103210757402E-01  3.300756405585E-06 -3.682396593881E-03  8.768470741212E-20 -2.845532849208E-21  1.036618955334E-19 -3.489370531763E-03
  1.320000000000E+02  1.340000000000E+02  1.583869507986E+01  1.518687172547E-14 -1.434657943105E-02  2.523808258018E+02  3.505082290190E-01  4.997153045004E-01 -2.915852344382E-01  1.676632120481E-03 -2.164525122525E-01  2.748575747644E+00  1.468168544381E-02 -7.169478233195E-02  5.701309688704E-02 -5.454724721973E-02  2.174685662043E-04  8.625174027734E-06 -1.238801035089E-06  7.178284892658E-06  2.033931715852E-01 -8.625173985039E-06 -3.136693432111E-03  5.750242936262E-20 -8.338217150645E-21  8.472848636120E-20 -3.348898462490E-03
  1.360000000000E+02  1.380000000000E+02  1.588881202823E+01  1.646581944866E-14 -1.503842103282E-02  2.539649004279E+02  3.488253397354E-01  4.976629175283E-01 -2.899963172478E-01  1.873022512503E-03 -2.285147470037E-01  2.717286379851E+00  1.417979139811E-02 -7.027497137996E-02  5.609517998210E-02 -5.256780892001E-02 -7.040272920020E-05  3.116017578497E-06 -3.229462583032E-06  5.228724491747E-06  1.979650763967E-01 -3.116017614393E-06 -2.289922505944E-03  9.035749999373E-20 -1.134878158218E-20  8.261840234008E-20 -3.229100111789E-03
  1.400000000000E+02  1.420000000000E+02  1.593764212320E+01  1.822170192511E-14 -1.548702530268E-02  2.555134787735E+02  3.471603356916E-01  4.947819817073E-01 -2.884934767186E-01  2.100112393720E-03 -2.372108580920E-01  2.687841632201E+00  1.365744675069E-02 -6.886759980123E-02  5.521015304963E-02 -5.085406215938E-02 -2.348042205702E-04 -6.591121769821E-06 -4.156623761723E-06  8.220161310927E-06  1.932814423896E-01  6.591121844621E-06 -1.642379493252E-03  9.410204853701E-20  1.162241244073E-22  6.467574320642E-20 -3.126294348301E-03
  1.440000000000E+02  1.460000000000E+02  1.598539520175E+01  1.861587547886E-14 -1.584939426613E-02  2.570335131393E+02  3.455448597555E-01  4.918369649960E-01 -2.869416365018E-01  2.271507772657E-03 -2.449005647561E-01  2.657170718231E+00  1.304770279275E-02 -6.734331545165E-02  5.429561266027E-02 -4.915954751573E-02 -2.115050074270E-04  4.564435122662E-06 -3.426630119244E-06  6.838030679123E-06  1.886625606970E-01 -4.564435114794E-06 -1.471083308295E-03  8.194927106991E-20 -1.536982705257E-20  7.993087845476E-20 -3.023478835653E-03
  1.480000000000E+02  1.500000000000E+02  1.603196437157E+01  1.890875852885E-14 -1.621577193926E-02  2.585204543025E+02  3.439498783161E-01  4.893639999536E-01 -2.854073541611E-01  2.487853544325E-03 -2.527716845492E-01  2.627351345078E+00  1.259167529181E-02 -6.597861963798E-02  5.338694434622E-02 -4.762174878863E-02 -3.221093894293E-04  1.652607476915E-05 -2.484762460687E-06  5.154952142853E-07  1.843426872270E-01 -1.652607472786E-05 -1.134047694794E-03  1.010729126245E-19 -1.467933139755E-20  8.960517074096E-20 -2.936990541302E-03
  1.520000000000E+02  1.540000000000E+02  1.607756951540E+01  1.941147821187E-14 -1.641507214281E-02  2.599804813252E+02  3.424221833060E-01  4.870261120692E-01 -2.839003749684E-01  2.640926078816E-03 -2.577459619604E-01  2.600258362508E+00  1.224177690778E-02 -6.478416785557E-02  5.254239094765E-02 -4.645976706613E-02 -3.979752959027E-04  1.341298263898E-05 -1.390506049322E-06 -3.258286418857E-07  1.811593992765E-01 -1.341298263156E-05 -1.031505487246E-03  1.276252636389E-19 -1.645802200801E-20  5.784623705834E-20 -2.861835185033E-03
  1.560000000000E+02  1.580000000000E+02  1.612251578846E+01  1.950823038989E-14 -1.673032853306E-02  2.614220015208E+02  3.410663833294E-01  4.846590308479E-01 -2.824144854989E-01  2.824656685243E-03 -2.642879402340E-01  2.573424914075E+00  1.189820443784E-02 -6.349047909628E-02  5.159227465769E-02 -4.518005684885E-02 -1.289336923515E-04  5.336786689624E-06  5.114647927566E-07  1.776372876635E-06  1.775996116756E-01 -5.336786648030E-06 -1.715686826148E-03  1.077027231084E-19 -2.059492933160E-20  7.029010757616E-20 -2.777246801722E-03
  1.600000000000E+02  1.620000000000E+02  1.616634610833E+01  1.921729442245E-14 -1.725723516129E-02  2.628313096590E+02  3.398705284573E-01  4.821929904645E-01 -2.808989710304E-01  2.979014297138E-03 -2.745740842360E-01  2.544841530509E+00  1.146294085032E-02 -6.204604333508E-02  5.058310248452E-02 -4.373242114455E-02 -6.291938579479E-05  1.411951952653E-05  2.859332050205E-06 -2.534527830523E-06  1.721012430576E-01 -1.411951954825E-05 -1.855512592365E-03  8.983381616774E-20 -1.664621460535E-20  6.996610238925E-20 -2.684086556636E-03
  1.640000000000E+02  1.660000000000E+02  1.620857151041E+01  1.860167662265E-14 -1.764217202286E-02  2.641918163847E+02  3.387732143575E-01  4.793652959312E-01 -2.794551984758E-01  3.137343242985E-03 -2.822857959669E-01  2.516302565171E+00  1.111380554700E-02 -6.075493607808E-02  4.964113053110E-02 -4.212948497031E-02 -1.415148038217E-04  1.196732476081E-05  4.255926590160E-06 -1.794539251798E-06  1.676957332357E-01 -1.196732476348E-05 -9.359177453867E-04  1.530649610810E-19 -8.941171715288E-21  5.181413650574E-20 -2.602582334793E-03
  1.680000000000E+02  1.700000000000E+02  1.625018957996E+01  1.795142246658E-14 -1.771118236051E-02  2.655356484086E+02  3.378361039974E-01  4.762289596141E-01 -2.779445736432E-01  3.268285045684E-03 -2.848141293703E-01  2.489043666080E+00  1.074986934337E-02 -5.945158775151E-02  4.870171840847E-02 -4.106100685466E-02 -2.948285364231E-04 -3.345418232009E-06  4.870613135773E-06  2.401151137011E-07  1.635863390443E-01  3.345418222934E-06 -2.586717577710E-04  1.134337861366E-19 -6.049447698392E-21  7.445560899260E-20 -2.520104494228E-03
  1.720000000000E+02  1.740000000000E+02  1.629036732549E+01  1.804474032580E-14 -1.773988253031E-02  2.668358904477E+02  3.370158496951E-01  4.727159788235E-01 -2.765089760582E-01  3.391908550767E-03 -2.868324222984E-01  2.459408638991E+00  1.029257559633E-02 -5.801857000304E-02  4.772599440646E-02 -3.954100970995E-02 -1.746960028595E-04  3.794579471654E-06  5.352687301091E-06 -5.055083744157E-07  1.588002560449E-01 -3.794579453916E-06  2.566203499683E-04  1.173481573828E-19 -7.507544915951E-22  8.173000562327E-20 -2.430224205095E-03
  1.760000000000E+02  1.780000000000E+02  1.632962005601E+01  1.829070243065E-14 -1.754992613819E-02  2.681094061219E+02  3.361821363947E-01  4.694712758332E-01 -2.750098754600E-01  3.514983696137E-03 -2.848745051589E-01  2.434666081537E+00  1.005167656184E-02 -5.691146962322E-02  4.685979306163E-02 -3.815207870587E-02 -1.996563208746E-04  1.014014746709E-05  5.305252622233E-06 -8.777556833311E-06  1.544679521437E-01 -1.014014746521E-05  3.490757827868E-04  1.211119274023E-19 -8.966683054213E-21  6.449906510306E-20 -2.339487019377E-03
  1.800000000000E+02  1.820000000000E+02  1.636761622174E+01  1.800318386846E-14 -1.755004769874E-02  2.693448067384E+02  3.353328161902E-01  4.670008067549E-01 -2.736079166612E-01  3.612806022804E-03 -2.861058305546E-01  2.409205762821E+00  9.774196775240E-03 -5.590793936078E-02  4.613374258505E-02 -3.678519376122E-02 -1.443123916074E-04  5.062711159967E-07  5.072425446379E-06 -1.380337588090E-05  1.502416229003E-01 -5.062710878605E-07  2.669358565173E-04  1.184043689896E-19 -4.040275358257E-21  7.360208030052E-20 -2.260777556900E-03
  1.840000000000E+02  1.860000000000E+02  1.640474509978E+01  1.789752800535E-14 -1.742016074985E-02  2.705546600560E+02  3.345218601226E-01  4.647415501410E-01 -2.720874223507E-01  3.717907223382E-03 -2.853839223448E-01  2.384346773780E+00  9.445916870481E-03 -5.480048405778E-02  4.535456718732E-02 -3.553711160978E-02 -2.193813575998E-04  2.881855277810E-06  4.528391657837E-06 -4.460817631663E-06  1.456016671618E-01 -2.881855271991E-06  8.198390698197E-04  1.086469510384E-19 -1.984598535610E-20  8.239363095785E-20 -2.182410170094E-03
  1.880000000000E+02  1.900000000000E+02  1.644040858943E+01  1.813241231064E-14 -1.714031534431E-02  2.717185789689E+02  3.337445939502E-01  4.625738643992E-01 -2.706482855858E-01  3.789649648723E-03 -2.821642942316E-01  2.360976857866E+00  9.184607499276E-03 -5.373318369541E-02  4.454857619680E-02 -3.429414151554E-02 -2.682167174175E-04  1.235649768505E-07  3.687484326300E-06  5.503578210215E-06  1.413965544723E-01 -1.235649527806E-07  6.329937244126E-04  1.322005015159E-19 -2.544403830481E-20  6.172102433730E-20 -2.118606945621E-03
  1.920000000000E+02  1.940000000000E+02  1.647541949035E+01  1.794711558187E-14 -1.709462110490E-02  2.728632090834E+02  3.329816870349E-01  4.600999734012E-01 -2.690893340464E-01  3.852811062595E-03 -2.827304961110E-01  2.335316898065E+00  8.901865166549E-03 -5.271620180136E-02  4.381433663494E-02 -3.346996801582E-02 -1.681592437004E-04  2.477412076215E-06  3.283189481285E-06  6.363310387505E-06  1.376845143500E-01 -2.477412082395E-06 -2.178199437613E-04  6.548801342763E-20 -5.225330350505E-24  7.574013852718E-20 -2.053900788507E-03
  1.960000000000E+02  1.980000000000E+02  1.650923893793E+01  1.691656594897E-14 -1.725584879136E-02  2.739713060813E+02  3.322658354303E-01  4.581948646522E-01 -2.676901174884E-01  3.914905707710E-03 -2.865243952177E-01  2.313293147108E+00  8.564471553995E-03 -5.178686114585E-02  4.322238959216E-02 -3.226263338657E-02 -1.521209038807E-04  1.993652469894E-06  2.848003743609E-06  8.126377816203E-07  1.346655447913E-01 -1.993652485885E-06 -8.071623460923E-04  1.075330241720E-19 -7.299765077434E-21  4.679874337198E-20 -1.985558720505E-03
  2.000000000000E+02  2.020600000000E+02  1.654274473741E+01  1.569524863086E-14 -1.752871819846E-02  2.750703497566E+02  3.314468254561E-01  4.558692520960E-01 -2.661109458023E-01  3.958346179124E-03 -2.913282906701E-01  2.293809531846E+00  7.986427081025E-03 -5.015688023295E-02  4.217045315134E-02 -3.148262835658E-02  2.369608337787E-04 -6.245998989322E-06  2.309537360482E-06 -5.907903417502E-06  1.309492448773E-01  6.245998967395E-06 -9.664571979433E-04  9.956271047036E-20 -1.059675584110E-20  3.936775637242E-20 -1.949732548830E-03
  2.041200000000E+02  2.062418000000E+02  1.657666916010E+01  1.531797157288E-14 -1.779737762597E-02  2.761854499584E+02  3.305585791274E-01  4.536922668855E-01 -2.645472680916E-01  4.016671060287E-03 -2.961312293149E-01  2.278572303845E+00  7.353305684744E-03 -4.864326782461E-02  4.128996214057E-02 -3.087023790990E-02  1.328350967284E-04 -1.722757985354E-06  2.226973379572E-06 -5.537052262555E-06  1.274014204699E-01  1.722758056631E-06 -1.281522189072E-03  1.294170999366E-19 -9.889750721598E-21  6.242873796207E-20 -1.903447593281E-03
  2.083636000000E+02  2.105490540000E+02  1.661031063012E+01  1.562025508939E-14 -1.823163427169E-02  2.772919501383E+02  3.296042608336E-01  4.506616095689E-01 -2.628908132135E-01  4.036228947286E-03 -3.032364057717E-01  2.258804573298E+00  6.500701027490E-03 -4.674649467125E-02  4.024579364364E-02 -3.003626556984E-02  2.463101251198E-04  5.885737106582E-06  2.620628089802E-06 -1.034540059847E-07  1.237081903080E-01 -5.885737225159E-06 -1.885822836689E-03  1.081994695421E-19 -2.386708146872E-21  5.394163925491E-20 -1.857531843124E-03
  2.127345080000E+02  2.149855256200E+02  1.664424585542E+01  1.599181861875E-14 -1.881998246159E-02  2.784093404994E+02  3.285860785425E-01  4.474374177305E-01 -2.612235787628E-01  4.058765552614E-03 -3.131373446782E-01  2.241395843068E+00  5.806922099325E-03 -4.493296448371E-02  3.912604238435E-02 -2.943894315420E-02  3.264086054727E-04  5.915017014352E-06  3.010032268108E-06  5.301017207919E-07  1.201463672653E-01 -5.915016917973E-06 -2.040024002789E-03  8.273421015234E-20  2.524318261815E-21  4.069406139362E-20 -1.813303133269E-03
  2.172365432400E+02  2.195550913886E+02  1.667792620032E+01  1.569285955523E-14 -1.938582392298E-02  2.795196388845E+02  3.275369539225E-01  4.436462324287E-01 -2.594534996316E-01  4.054065639587E-03 -3.224591272867E-01  2.225358035162E+00  5.310614786723E-03 -4.316522810970E-02  3.785461332343E-02 -2.860668971327E-02  4.137627660269E-04  9.678713162444E-06  2.832594436764E-06 -4.275655183172E-06  1.160880562126E-01 -9.678713196811E-06 -2.130443294741E-03  5.324260694206E-20 -1.875515194171E-20  5.314637922823E-20 -1.767578987603E-03
  2.218736395372E+02  2.242617441303E+02  1.671154759570E+01  1.541193677309E-14 -2.008508770626E-02  2.806285890374E+02  3.265764669651E-01  4.401927759710E-01 -2.576501983956E-01  4.085472913850E-03 -3.344514515007E-01  2.209564674449E+00  4.707463559420E-03 -4.132308524887E-02  3.661562168920E-02 -2.790714892917E-02  5.750023643592E-04  7.190218483306E-06  2.083941604508E-06 -5.326248499518E-06  1.116013836778E-01 -7.190218446104E-06 -2.457111978422E-03  9.415010168233E-20 -1.706779034456E-20  3.385744075706E-20 -1.716566784985E-03
  2.266498487233E+02  2.291095964542E+02  1.674455589988E+01  1.607203895434E-14 -2.087543510424E-02  2.817179671922E+02  3.257627691217E-01  4.365837641898E-01 -2.557663119763E-01  4.103183961986E-03 -3.479955393818E-01  2.189625602666E+00  3.839997014174E-03 -3.933786799735E-02  3.549787098280E-02 -2.702166685543E-02  6.723318056043E-04  5.666055658605E-06  1.506210521147E-06 -6.570644862797E-06  1.070333797950E-01 -5.666055688158E-06 -1.987722633207E-03  5.378462726222E-20 -2.217045522596E-20  6.121857965134E-20 -1.669353003081E-03
  2.315693441850E+02  2.341028843478E+02  1.677736643358E+01  1.692145252044E-14 -2.132544014475E-02  2.828013582793E+02  3.249806963113E-01  4.331934865495E-01 -2.538151297049E-01  4.097884664908E-03 -3.554877806454E-01  2.175397302007E+00  3.070157365946E-03 -3.748453500136E-02  3.441437763529E-02 -2.634502212647E-02  4.578380819637E-04  9.158891356102E-06  1.256312608463E-06 -6.231699215468E-06  1.039130983831E-01 -9.158891341196E-06 -1.282198101125E-03  7.894058064636E-20 -3.105086025320E-20  3.524753071893E-20 -1.633832331362E-03
  2.366364245106E+02  2.392459708782E+02  1.681038225241E+01  1.734202813182E-14 -2.169469682935E-02  2.838936197796E+02  3.241816567341E-01  4.303660237191E-01 -2.518190744690E-01  4.109139757892E-03 -3.619562201442E-01  2.161650046149E+00  2.241356275210E-03 -3.566263072665E-02  3.342127445140E-02 -2.592322250753E-02  4.628026459178E-04  2.278970940595E-06  1.221666196931E-06 -2.978612944465E-06  1.011038122088E-01 -2.278970911341E-06 -7.169407936151E-04  1.131700735160E-19 -5.697620579281E-21  5.186460233190E-20 -1.601693616359E-03
  2.418555172459E+02  2.445433500046E+02  1.684332364634E+01  1.705670992178E-14 -2.178744211778E-02  2.849835176569E+02  3.233930406459E-01  4.280921327042E-01 -2.497081008368E-01  4.133754329103E-03 -3.634511132343E-01  2.148753393644E+00  1.637874913097E-03 -3.394210344335E-02  3.230422853001E-02 -2.539910332207E-02  4.057512986050E-04  1.465041204553E-06  1.769438131710E-06 -4.855659424395E-06  9.774343670416E-02 -1.465041198946E-06 -7.100469009816E-04  9.891465615077E-20 -2.130401904839E-20  3.244929344830E-20 -1.571592167089E-03
  2.472311827633E+02  2.499996505047E+02  1.687607779730E+01  1.657706480765E-14 -2.217491839348E-02  2.860695927307E+02  3.226178501659E-01  4.258184559118E-01 -2.475828156497E-01  4.130642605752E-03 -3.702203653192E-01  2.137736004801E+00  8.990711425254E-04 -3.202265986669E-02  3.112358872509E-02 -2.485685253175E-02  5.772835738669E-04 -2.309172559440E-06  2.170695828081E-06 -3.589622504159E-06  9.485764896212E-02  2.309172540982E-06 -1.109112992706E-03  9.426534635173E-20  2.673436468064E-21  1.870917834919E-20 -1.539932355024E-03
  2.527681182462E+02  2.556196400198E+02  1.690900740106E+01  1.669646611362E-14 -2.255432528962E-02  2.871641326842E+02  3.219052638400E-01  4.234511322159E-01 -2.454009037143E-01  4.120710487603E-03 -3.767267494422E-01  2.125225575381E+00  1.672159527354E-04 -2.992971868663E-02  2.976250273392E-02 -2.437995198176E-02  6.038126751756E-04 -5.270301199692E-06  1.547610810718E-06 -2.164226470096E-06  9.198975523446E-02  5.270301228141E-06 -9.996924963829E-04  6.332369773301E-20 -1.573904166175E-20  1.677808536800E-20 -1.506880253996E-03
  2.584711617935E+02  2.614082292204E+02  1.694167344791E+01  1.719130480332E-14 -2.286340161500E-02  2.882507032817E+02  3.211488323653E-01  4.209481999098E-01 -2.431739835436E-01  4.154292716911E-03 -3.823814957569E-01  2.115553592824E+00 -4.630596492638E-04 -2.795997599825E-02  2.842303564810E-02 -2.389197027429E-02  5.415357662825E-04 -3.035417232856E-06  4.841156882241E-07 -1.697670370809E-06  8.784994468214E-02  3.035417226001E-06 -1.319579766232E-03  7.823281450455E-20 -7.547158404747E-21  3.269066888752E-20 -1.472067500023E-03
  2.643452966473E+02  2.673704760971E+02  1.697352283501E+01  1.721970771991E-14 -2.348594989688E-02  2.893121245847E+02  3.202334180780E-01  4.180918837947E-01 -2.408823138302E-01  4.151800325650E-03 -3.941559139225E-01  2.106244180643E+00 -1.173621683039E-03 -2.589898712339E-02  2.707260880644E-02 -2.321582092959E-02  5.731856850951E-04 -2.220886663759E-07 -1.277710175109E-07  7.859371295652E-07  8.463765278672E-02  2.220886666337E-07 -1.735306668745E-03  8.273455652836E-20 -1.832065961753E-20  3.279267164730E-20 -1.434449302394E-03
  2.703956555468E+02  2.735115903800E+02  1.700568339765E+01  1.610979954760E-14 -2.414234985583E-02  2.903862498711E+02  3.191751216491E-01  4.142827199432E-01 -2.385280866477E-01  4.202318229132E-03 -4.069748747211E-01  2.092536259501E+00 -1.832306111404E-03 -2.387559794678E-02  2.570790405810E-02 -2.270019520968E-02  5.351102117303E-04 -3.190083839643E-06 -5.783919249863E-08  5.374519076683E-07  8.128933236260E-02  3.190083811930E-06 -2.062635302135E-03  6.555349350816E-20 -2.055816208500E-20  2.190339028519E-20 -1.396987003605E-03
  2.766275252132E+02  2.798369380914E+02  1.703684259463E+01  1.455263918630E-14 -2.506586698792E-02  2.914287332061E+02  3.180335258511E-01  4.102264590096E-01 -2.360915189193E-01  4.209750455225E-03 -4.230499075089E-01  2.083258135708E+00 -2.460337549363E-03 -2.184157082942E-02  2.430190837867E-02 -2.202994734192E-02  8.074958301957E-04 -3.878378891530E-06  7.005944070655E-07 -2.358541860603E-06  7.820997851509E-02  3.878378863086E-06 -1.775630555946E-03  7.471251063164E-20 -1.896835424687E-20  2.583980489854E-20 -1.370674312486E-03
  2.830463509696E+02  2.863520462341E+02  1.706843893895E+01  1.401182916800E-14 -2.555266453588E-02  2.924871245017E+02  3.168604209983E-01  4.069180636198E-01 -2.335999595207E-01  4.234439905592E-03 -4.316494057340E-01  2.074608786860E+00 -3.179860302744E-03 -1.978155518265E-02  2.296141548553E-02 -2.181190416202E-02  6.364639385904E-04  3.807144329317E-07  1.086074092606E-06 -3.052673741108E-06  7.584342372007E-02 -3.807144275376E-07 -5.679366200196E-04  6.746663116866E-20 -1.576651514480E-20  4.090145198918E-20 -1.344037201733E-03
  2.896577414987E+02  2.930626076211E+02  1.709951847940E+01  1.419519518568E-14 -2.552973132082E-02  2.935284489159E+02  3.154973825391E-01  4.043784130463E-01 -2.311110369740E-01  4.243477659017E-03 -4.312335246275E-01  2.070402873640E+00 -3.670714995830E-03 -1.784450692880E-02  2.151522192491E-02 -2.122231672787E-02  3.376349999080E-04  3.619292291996E-06  9.359422316948E-07 -2.283033239657E-06  7.335869327004E-02 -3.619292299381E-06 -6.193710288959E-04  8.667960797834E-20 -1.446935732083E-20  4.010649395745E-20 -1.319245920434E-03
  2.964674737436E+02  2.999744858498E+02  1.713088035089E+01  1.402482665593E-14 -2.608792102795E-02  2.945797576678E+02  3.141235876637E-01  4.028335234120E-01 -2.284614929624E-01  4.239682699373E-03 -4.403442638369E-01  2.065350144015E+00 -4.281004469010E-03 -1.579431808474E-02  2.007532255367E-02 -2.098988535830E-02  4.557414751896E-04  3.555565524584E-06  4.284948287694E-07 -2.693344368624E-06  7.047739584859E-02 -3.555565531138E-06 -1.798163730849E-03  5.286893621747E-20 -2.142736652699E-20  3.692812632716E-20 -1.292922179140E-03
  3.034814979559E+02  3.070937204253E+02  1.716131633629E+01  1.338532563507E-14 -2.711820016999E-02  2.955985069365E+02  3.126740452612E-01  4.011737381340E-01 -2.258185481559E-01  4.149144497260E-03 -4.574352884240E-01  2.064809860415E+00 -4.991773174135E-03 -1.377139124350E-02  1.876316441778E-02 -2.037607159984E-02  5.750590885760E-04  3.711039863364E-06 -1.184390929958E-06 -4.411595015007E-06  6.758720738284E-02 -3.711039871736E-06 -1.974984270974E-03  6.672806463567E-20 -1.911825561843E-20  2.223437886457E-20 -1.256563163013E-03
  3.107059428946E+02  3.144265320380E+02  1.719191428162E+01  1.223290734117E-14 -2.787930172861E-02  2.966257618407E+02  3.109586082802E-01  4.003276971391E-01 -2.230760659918E-01  4.128738056570E-03 -4.706626085758E-01  2.067011255774E+00 -5.500679929639E-03 -1.196370073766E-02  1.746438066733E-02 -1.986548817069E-02  5.579802982730E-04  2.289598080008E-06 -3.079552680197E-06 -7.737262863139E-06  6.487427199766E-02 -2.289598099522E-06 -1.359141859966E-03  5.847262227487E-20 -7.651757899778E-21  5.179544943299E-21 -1.223672439978E-03
  3.181471211814E+02  3.219793279992E+02  1.722164696450E+01  1.005255402213E-14 -2.839298938546E-02  2.976241032571E+02  3.089335870962E-01  3.993337864619E-01 -2.202241502647E-01  4.021811495593E-03 -4.803037756162E-01  2.068664789043E+00 -5.958514172842E-03 -9.979913243507E-03  1.593842741624E-02 -1.931305478874E-02  5.265875320546E-04  3.848831210486E-06 -4.341556218506E-06 -4.445756664441E-06  6.156754882805E-02 -3.848831245200E-06 -4.618153076457E-04  1.005815454480E-19 -9.978923994920E-21  3.509762329208E-21 -1.195266544064E-03
  3.258115348169E+02  3.297587078391E+02  1.725087746633E+01  7.499883996539E-15 -2.833360823233E-02  2.986065783436E+02  3.066212543019E-01  3.983874952656E-01 -2.173727910395E-01  3.983772059391E-03 -4.800597600737E-01  2.067237894151E+00 -6.706058192000E-03 -7.846627581164E-03  1.455268577307E-02 -1.890475247650E-02  4.976814933669E-04  3.348961027894E-06 -5.460047103467E-06 -4.452425952706E-06  5.913830605529E-02 -3.348961017419E-06 -2.777794368417E-04  6.604899918198E-20  3.785013057946E-21  1.476491835065E-21 -1.172389754399E-03
  3.337058808614E+02  3.377714690743E+02  1.727997964886E+01  5.277651868770E-15 -2.867454072376E-02  2.995868000157E+02  3.041479156327E-01  3.955929746754E-01 -2.143683535762E-01  3.851660198230E-03 -4.872694014736E-01  2.073362363181E+00 -7.249988542847E-03 -5.926008139789E-03  1.317599668269E-02 -1.861508567938E-02  5.158480988692E-04  1.306034506964E-06 -6.889127167810E-06 -2.188142463675E-06  5.687672120936E-02 -1.306034527874E-06 -2.061809831727E-04  7.575507271697E-20 -3.687970717312E-21 -1.486251517140E-20 -1.147981877280E-03
  3.418370572872E+02  3.460246131465E+02  1.730868110143E+01  3.914775404887E-15 -2.853825992931E-02  3.005550136121E+02  3.014362088428E-01  3.925171302252E-01 -2.113486165465E-01  3.830670536288E-03 -4.863833657601E-01  2.082173902817E+00 -7.674049050932E-03 -4.121083751123E-03  1.179513280187E-02 -1.812803951496E-02  3.847553676167E-04  3.349409722349E-06 -6.996767223890E-06  5.512801848173E-06  5.439561625506E-02 -3.349409725531E-06  5.516730651499E-04  8.556857071322E-20 -2.314814914344E-20  7.841657936756E-21 -1.118061446487E-03
  3.502121690058E+02  3.545253515409E+02  1.733694403017E+01  3.529147388099E-15 -2.810430510287E-02  3.015109805948E+02  2.986132018408E-01  3.902403470694E-01 -2.082209655943E-01  3.790675701562E-03 -4.793066147176E-01  2.092685404113E+00 -8.069580523959E-03 -2.165061296735E-03  1.023464182071E-02 -1.768574325914E-02  2.811862449229E-04  1.204446139315E-06 -5.331454869956E-06  7.384999789328E-06  5.258707577644E-02 -1.204446146560E-06  9.368258218712E-04  7.186167535474E-20 -7.989330781761E-21  3.003583335402E-20 -1.101445924362E-03
  3.588385340760E+02  3.632811120872E+02  1.736539983253E+01  3.413246392701E-15 -2.754613458701E-02  3.024745114924E+02  2.958316563597E-01  3.888808780134E-01 -2.050640914808E-01  3.791676357451E-03 -4.713296816081E-01  2.102221272011E+00 -8.722285731898E-03 -2.818290651379E-04  9.004114797031E-03 -1.759032691826E-02  1.754752844872E-04  1.407024796620E-06 -3.940457356799E-06  7.623550283426E-06  5.240436056350E-02 -1.407024802604E-06  2.646166215558E-04  7.495971468446E-20  1.644819808689E-20  5.825973002645E-21 -1.102087256971E-03
  3.677236900983E+02  3.722995454498E+02  1.739514389792E+01  3.470514096012E-15 -2.783823677082E-02  3.034854485120E+02  2.929193000625E-01  3.877583506540E-01 -2.017321307831E-01  3.932756684734E-03 -4.769214249365E-01  2.118554402585E+00 -9.252387229560E-03  1.551410620977E-03  7.700976608988E-03 -1.772117405891E-02  4.400822018727E-04  2.090374682346E-06 -3.294324918421E-06  4.019264620065E-06  5.294560922417E-02 -2.090374679491E-06  9.358601156239E-04  1.074563776546E-19 -1.804086343936E-21  7.320689534189E-21 -1.115867277970E-03
  3.768754008012E+02  3.815885318133E+02  1.742596676653E+01  3.183545007474E-15 -2.652176880746E-02  3.045357258795E+02  2.899250942555E-01  3.854208347763E-01 -1.985159799449E-01  4.056363087687E-03 -4.545804897610E-01  2.133814043185E+00 -9.817866177234E-03  3.427044297205E-03  6.390821880225E-03 -1.806746544877E-02 -1.246725817549E-04 -2.120476560628E-06 -2.872871483939E-06  2.824967469631E-06  5.343105336079E-02  2.120476563214E-06  2.015189385688E-03  8.762167803562E-20 -1.067589978113E-20 -9.267736004494E-21 -1.142470948167E-03
  3.863016628253E+02  3.911561877677E+02  1.745808659101E+01  1.818081420366E-15 -2.550094310593E-02  3.056365713730E+02  2.867986672974E-01  3.841510516657E-01 -1.949942819542E-01  4.329719430926E-03 -4.359231084261E-01  2.153766581104E+00 -1.027546239719E-02  5.226487152122E-03  5.048975244654E-03 -1.846514213802E-02  4.498060394500E-05 -3.811488669469E-06 -1.899763517202E-06 -2.092580865405E-06  5.331438436532E-02  3.811488659237E-06  1.196783962032E-03  9.511995233320E-20 -2.398715245602E-21 -4.135405181385E-21 -1.160387371405E-03
  3.960107127100E+02  4.010108734007E+02  1.749064982218E+01  5.976780124058E-16 -2.509416744275E-02  3.067554839541E+02  2.833536335072E-01  3.812194375170E-01 -1.918026470699E-01  4.737688840219E-03 -4.287696679110E-01  2.176264913087E+00 -1.077543864375E-02  6.934799783309E-03  3.840638860299E-03 -1.857951938065E-02  7.237764661562E-05 -4.129138937981E-06 -8.333480715604E-07 -1.065436501575E-05  5.390624400820E-02  4.129138927565E-06  1.727644402652E-03  7.604888687459E-20 -1.555200293841E-20 -1.485907261881E-20 -1.168266076515E-03
  4.060110340913E+02  4.111611996027E+02  1.752546100368E+01  1.155953660339E-15 -2.335627495817E-02  3.079580020890E+02  2.798992865295E-01  3.784805376557E-01 -1.882527771424E-01  5.132220862277E-03 -3.975074628552E-01  2.200116321920E+00 -1.129805223608E-02  8.675030972994E-03  2.623021262968E-03 -1.885158459194E-02 -2.371931271132E-04 -1.167566058021E-06 -7.048542213316E-07 -1.322521392782E-05  5.417545302067E-02  1.167566072188E-06  1.090352200409E-03  7.251455994677E-20 -1.323762389205E-20 -1.041007350226E-21 -1.179860536363E-03
  4.163113651141E+02  4.216160355908E+02  1.756039662807E+01  2.537021085112E-15 -2.367582443510E-02  3.091634711172E+02  2.765795869187E-01  3.735812584479E-01 -1.848400322885E-01  5.649749430675E-03 -4.021329743939E-01  2.223848795224E+00 -1.160704824633E-02  1.035634250231E-02  1.250705743512E-03 -1.898420341769E-02  4.685537273750E-04  1.952079681336E-06 -8.033318334759E-07 -6.937015190975E-06  5.472586918116E-02 -1.952079683752E-06 -1.202151169965E-04  7.010735206071E-20 -1.423666152200E-20 -8.473672159197E-21 -1.204455055347E-03
  4.269207060675E+02  4.323845166585E+02  1.759804677421E+01  3.918396567863E-15 -2.349548446166E-02  3.104664420866E+02  2.731187625093E-01  3.699681010109E-01 -1.811616243791E-01  6.215286783543E-03 -4.002421152849E-01  2.250727405340E+00 -1.215421862582E-02  1.209086727079E-02  6.335135508375E-05 -1.949219378002E-02  3.842027192764E-04  5.374210483440E-07  2.437701847740E-07 -2.060018489950E-06  5.562581127076E-02 -5.374210241444E-07  6.944625922706E-04  8.205345535776E-20 -6.625813972177E-21  6.393493898055E-21 -1.220282990572E-03
  4.378483272495E+02  4.434760521583E+02  1.763640230808E+01  5.734554324455E-15 -2.271962409672E-02  3.117987474674E+02  2.695316300583E-01  3.661343984613E-01 -1.776402893537E-01  6.646041423714E-03 -3.884298513751E-01  2.283229367966E+00 -1.267866971844E-02  1.365061142471E-02 -9.719417061626E-04 -1.963583899754E-02  3.596429306730E-04  1.629132991839E-06  2.471964881230E-06  4.205805199165E-06  5.784880742390E-02 -1.629132992625E-06  2.562606269690E-03  8.303552078140E-20 -1.938899595982E-20 -1.144370477079E-20 -1.270636580183E-03
  4.491037770670E+02  4.549003337230E+02  1.767946132936E+01  7.465958696181E-15 -1.986494582960E-02  3.132990618588E+02  2.658021496069E-01  3.602391635337E-01 -1.735506399421E-01  7.160188347768E-03 -3.414443823466E-01  2.324873020123E+00 -1.290580182315E-02  1.514196592894E-02 -2.236164105608E-03 -2.105873107612E-02 -2.449867965590E-04  1.498318773286E-07  4.354770880742E-06  8.368394950328E-06  5.847611708079E-02 -1.498318532616E-07  3.587474480076E-03  8.318668455904E-20 -1.585326236800E-20 -4.626190653655E-21 -1.310126887847E-03
  4.606968903790E+02  4.666673437347E+02  1.772114940149E+01  7.987269555245E-15 -1.748878142188E-02  3.147546336395E+02  2.620754127091E-01  3.550488748520E-01 -1.698197906098E-01  7.366738489202E-03 -3.042721057962E-01  2.366091123899E+00 -1.332069613186E-02  1.666121318201E-02 -3.340517050268E-03 -2.093238148097E-02 -5.574815389085E-04 -4.682154615917E-06  5.901492093698E-06  9.426117825216E-06  5.882291493790E-02  4.682154627379E-06  2.378576026651E-03  5.044687065883E-20  1.162720144774E-20  1.159632528285E-21 -1.344999652901E-03
  4.726377970904E+02  4.787873640468E+02  1.776724914295E+01  6.375901109162E-15 -1.630485439134E-02  3.163680333051E+02  2.581613491483E-01  3.510208373331E-01 -1.655674054485E-01  7.886994741000E-03 -2.855381912728E-01  2.418098435249E+00 -1.383617491759E-02  1.837173545185E-02 -4.535560534369E-03 -2.223072595776E-02 -2.026214418701E-04 -5.304420588117E-06  6.368228449168E-06  9.381761993481E-06  6.011088072553E-02  5.304420571950E-06  8.986074236915E-04  5.542985248827E-20 -2.147869576590E-22 -1.039812872354E-20 -1.397394945218E-03
  4.849369310031E+02  4.912709849682E+02  1.781356331069E+01  3.479178316973E-15 -1.611989145238E-02  3.179965281931E+02  2.537986393844E-01  3.466402296464E-01 -1.616799752715E-01  8.090074839882E-03 -2.832074357975E-01  2.468794522441E+00 -1.432299732869E-02  1.962482507693E-02 -5.301827748592E-03 -2.237248497077E-02  1.477242471243E-04 -2.762778257145E-06  6.326887276354E-06  7.121676553884E-06  5.930002983884E-02  2.762778263563E-06  6.174085775700E-04  5.521806028209E-20 -1.109879324092E-20 -1.477810973482E-20 -1.413527455991E-03
  4.976050389332E+02  5.041291145172E+02  1.786115896035E+01 -3.720595879997E-16 -1.535178199347E-02  3.196705985624E+02  2.490990863192E-01  3.402205090544E-01 -1.572328379641E-01  8.484765612268E-03 -2.718795330798E-01  2.516504869312E+00 -1.470122997781E-02  2.127992889761E-02 -6.578698919705E-03 -2.286598275234E-02  6.602022845107E-05 -4.825298608953E-06  4.239973571743E-06 -1.661987167422E-06  5.830548824873E-02  4.825298582457E-06  1.986805021417E-04  5.616241193742E-20 -4.385542403037E-21 -1.230124636863E-20 -1.417029118750E-03
  5.106531901012E+02  5.173729879527E+02  1.790865695629E+01 -3.500575552808E-15 -1.581226663904E-02  3.213490406406E+02  2.442887104143E-01  3.331162328780E-01 -1.531031949484E-01  8.570904148479E-03 -2.842432110779E-01  2.576102592148E+00 -1.502719218810E-02  2.253362197758E-02 -7.506429789468E-03 -2.253373211323E-02  2.965677475948E-05 -1.407224034429E-06  2.660259797924E-07 -3.281291946279E-06  5.889744758694E-02  1.407224028085E-06  1.299266027721E-04  1.231862243924E-20 -8.559291548187E-21 -3.687687401443E-20 -1.433848297201E-03
  5.240927858042E+02  5.310141775913E+02  1.796007659549E+01 -4.001776340856E-15 -1.514012507055E-02  3.231721239788E+02  2.397386484631E-01  3.261780728641E-01 -1.485053814614E-01  8.893266153029E-03 -2.762811846704E-01  2.629402860378E+00 -1.499340116303E-02  2.333718695489E-02 -8.343785791716E-03 -2.348831805863E-02 -2.464768512882E-04 -2.730622530232E-06 -1.650259482050E-06 -4.715834736970E-07  6.137712223565E-02  2.730622533996E-06  1.544335439046E-03  2.740039785447E-20 -1.035231667266E-20 -3.188178018688E-20 -1.491563256299E-03
  5.379355693784E+02  5.450646029190E+02  1.801484677192E+01 -3.754196967766E-15 -1.312901840011E-02  3.251219425402E+02  2.358828491205E-01  3.185675944974E-01 -1.441355345637E-01  9.051842038599E-03 -2.418489880945E-01  2.688245986163E+00 -1.535744220470E-02  2.472780142826E-02 -9.370359223266E-03 -2.430636911725E-02 -8.209343892894E-04 -7.855778079711E-07 -2.989492370815E-06  1.517699468418E-06  6.277347998440E-02  7.855778129257E-07  1.653868132875E-03  2.550900769756E-20  1.952454953311E-20 -3.609348079238E-20 -1.537462185628E-03
  5.521936364597E+02  5.595365410066E+02  1.807197852895E+01 -4.886419394112E-15 -1.216288774013E-02  3.271616890718E+02  2.323655548248E-01  3.126280331945E-01 -1.394443542177E-01  9.177439151335E-03 -2.239098179559E-01  2.753207972343E+00 -1.541474476738E-02  2.594088246508E-02 -1.052613769753E-02 -2.491247731011E-02 -6.527112928730E-04  3.356264979747E-06 -3.906634245151E-06  9.197320608729E-07  6.350812158383E-02 -3.356264982595E-06  2.349493497506E-03  1.538218337365E-20  5.080357991920E-21 -1.005587824052E-20 -1.583393557340E-03
  5.668794455535E+02  5.743794455535E+02  1.813143328857E+01 -6.661362000199E-15 -8.803426302746E-03  3.292919124050E+02  2.287527901815E-01  3.045889652023E-01 -1.347416089553E-01  9.099758012728E-03 -1.604775715685E-01  2.786749625620E+00 -1.503370311766E-02  2.615886774938E-02 -1.112516463194E-02 -2.548431556973E-02 -1.188280027145E-03  3.548840253704E-06 -3.833766402732E-06  5.649552007858E-06  6.445017473407E-02 -3.548840253761E-06  1.047409802523E-03  1.075265637965E-20 -5.164089851541E-22 -2.016185972752E-20 -1.618210480979E-03
  5.818794455535E+02  5.893794455535E+02  1.819280986693E+01 -7.783890068960E-15 -1.021313335851E-02  3.314951786582E+02  2.250550592153E-01  2.987950605393E-01 -1.300582976142E-01  8.767241979356E-03 -1.824913990073E-01  2.752164188890E+00 -1.445912850778E-02  2.556476802895E-02 -1.110563952151E-02 -2.595001707816E-02  1.028083386106E-04  1.620395318152E-06 -3.948983269404E-06  3.508699368651E-06  6.431510667104E-02 -1.620395321660E-06 -3.232947456927E-03  1.118526996306E-20  3.177328313469E-21 -3.222411170037E-20 -1.591525141569E-03
  5.968794455535E+02  6.043794455535E+02  1.825201535032E+01 -8.563668582133E-15 -1.487475365926E-02  3.336304563929E+02  2.213485767551E-01  2.935549021811E-01 -1.252456453768E-01  8.351765544799E-03 -2.648021805460E-01  2.730474441428E+00 -1.443528486761E-02  2.529899383886E-02 -1.086370897144E-02 -2.504674687936E-02  1.158114639888E-03 -1.794449834341E-06 -3.154314326695E-06  2.825158123162E-06  6.403209069183E-02  1.794449834450E-06 -5.160982926271E-03 -8.459728925903E-21  1.028979251688E-20 -2.869507368810E-20 -1.568663674500E-03
  6.118794455535E+02  6.193794455535E+02  1.831286465708E+01 -9.554673530953E-15 -1.987934676305E-02  3.358318384110E+02  2.177889303689E-01  2.899511171733E-01 -1.207058033546E-01  7.730196838259E-03 -3.561518268507E-01  2.697206913571E+00 -1.402828500547E-02  2.437865295848E-02 -1.035036795250E-02 -2.502243562006E-02  1.150165221150E-03 -2.350496722324E-06 -7.720173080399E-07  5.670750894335E-07  6.345062856699E-02  2.350496722664E-06 -5.104460130961E-03 -1.434615325377E-20  1.149474619260E-20 -7.611144990164E-21 -1.537699238593E-03
  6.268794455535E+02  6.343794455535E+02  1.837100917875E+01 -9.858434236778E-15 -2.444870246873E-02  3.379471455617E+02  2.140664611518E-01  2.840136274709E-01 -1.163575972909E-01  7.338820596135E-03 -4.414561658062E-01  2.654941955318E+00 -1.365177449366E-02  2.376849291689E-02 -1.011671842340E-02 -2.410479616690E-02  9.829046332679E-04 -1.363642560100E-06  2.512619944930E-06  1.265898243320E-06  6.311352235629E-02  1.363642554689E-06 -4.590701725993E-03  4.267233444523E-21  8.225394445448E-21 -1.253087953242E-20 -1.506930102154E-03
  6.418794455535E+02  6.493794455535E+02  1.843123315245E+01 -8.972194226002E-15 -2.850583198786E-02  3.401476404540E+02  2.094894781809E-01  2.768925273964E-01 -1.119706560679E-01  6.620743765168E-03 -5.191978124992E-01  2.619186537756E+00 -1.341476593265E-02  2.340439575569E-02 -9.989629822893E-03 -2.404350979472E-02  6.389681071986E-04  1.907981919134E-06  3.188379446365E-06  8.284374510909E-06  6.287091087353E-02 -1.907981907027E-06 -2.233815579618E-03 -2.111244295100E-20  1.427477453567E-20 -2.754070516111E-20 -1.468395463439E-03
  6.568794455535E+02  6.643794455535E+02  1.848888419997E+01 -8.404142399360E-15 -2.863048810015E-02  3.422631737471E+02  2.045394054691E-01  2.662891636281E-01 -1.076367508715E-01  6.292629032792E-03 -5.233038869405E-01  2.601888219573E+00 -1.325335135196E-02  2.313290976461E-02 -9.879558412393E-03 -2.300619086490E-02 -1.511857067926E-04  3.172272210720E-06  4.263038149520E-07  1.224392558750E-05  6.017323833903E-02 -3.172272215440E-06 -5.103649902534E-04 -1.912625172051E-20 -3.090142773502E-21 -3.084150726338E-20 -1.416725612718E-03
  6.718794455535E+02  6.793794455535E+02  1.854403972348E+01 -8.865339163009E-15 -2.942908227207E-02  3.442910623188E+02  1.995724266434E-01  2.540376383927E-01 -1.034153241421E-01  5.356842839960E-03 -5.383623132848E-01  2.570368595478E+00 -1.328605939606E-02  2.274060260744E-02 -9.454543211417E-03 -2.221646950631E-02  2.727795898797E-05  3.056343040759E-06 -1.661982343041E-06  8.393219197098E-06  5.840824686086E-02 -3.056343029445E-06 -9.453614539212E-04 -1.872471012269E-20 -7.926692268564E-22 -2.938420662328E-20 -1.350104924554E-03
  6.868794455535E+02  6.943794455535E+02  1.859840292444E+01 -8.950579282370E-15 -3.038538465987E-02  3.462947372709E+02  1.940944020362E-01  2.446840998411E-01 -9.927533824550E-02  4.804698667870E-03 -5.576651918172E-01  2.541981470403E+00 -1.277672160225E-02  2.206864167358E-02 -9.291920071414E-03 -2.109644818795E-02 -3.609259505002E-05  3.344956686938E-06 -2.958903226900E-06 -9.119507713426E-07  5.863031272568E-02 -3.344956686973E-06 -1.030758147413E-04 -1.049509843502E-20  1.235379620584E-20 -2.885421457556E-20 -1.326181929834E-03
  7.018794455535E+02  7.093794455535E+02  1.865397145866E+01 -8.218206063587E-15 -2.964481297735E-02  3.483480843005E+02  1.879307334975E-01  2.336479770326E-01 -9.507716182621E-02  3.973438157949E-03 -5.472348868197E-01  2.524903447099E+00 -1.245748579191E-02  2.150005575708E-02 -9.042569965044E-03 -2.143550630656E-02 -4.656490811561E-04  1.656862789120E-06 -3.770259698650E-06 -4.248055274712E-06  5.931679501656E-02 -1.656862780579E-06 -3.840091795833E-04 -1.948004866431E-20 -4.436334386631E-21 -1.719837832104E-20 -1.343672168243E-03
  7.168794455535E+02  7.243794455535E+02  1.870960511826E+01 -8.349727882486E-15 -3.111747763270E-02  3.504085187101E+02  1.816288847429E-01  2.208380760500E-01 -9.080721645314E-02  3.262920050489E-03 -5.776765802491E-01  2.472496004603E+00 -1.183123190207E-02  2.076214816244E-02 -8.930916260217E-03 -2.127662636495E-02  6.842002125066E-05  1.480762157059E-06 -3.647928035254E-06 -2.904004527148E-06  5.872153813473E-02 -1.480762163418E-06 -6.162358884719E-04 -1.238893658168E-20  1.277754659273E-20 -2.247670352101E-20 -1.300202769705E-03
  7.318794455535E+02  7.393794455535E+02  1.876406254501E+01 -8.594736033984E-15 -3.077863138357E-02  3.524327904819E+02  1.749851582397E-01  2.091672802082E-01 -8.635919077917E-02  2.440134152983E-03 -5.722583207602E-01  2.436890389564E+00 -1.165376184247E-02  2.042823738663E-02 -8.774475544221E-03 -2.055782411738E-02 -1.009338304089E-04 -1.228023912423E-06 -2.701688500959E-06 -1.373973268538E-06  5.863935071918E-02  1.228023918056E-06 -1.006976970554E-03 -6.490434748413E-21  1.574009297873E-20 -1.780515809762E-20 -1.272353337722E-03
  7.468794455535E+02  7.543794455535E+02  1.881955185171E+01 -8.244635443105E-15 -3.299079161167E-02  3.545033918002E+02  1.678740493200E-01  1.972815674395E-01 -8.190112191386E-02  1.652339493912E-03 -6.141077996613E-01  2.390718180474E+00 -1.124261823511E-02  1.937641932906E-02 -8.133801093927E-03 -2.001709713901E-02  4.226313934012E-04 -3.572666326482E-06 -1.241879090591E-06 -2.027055512371E-06  5.759545081408E-02  3.572666323144E-06 -2.736473413948E-03 -1.804815000611E-20 -5.491720473242E-21 -1.973480485624E-20 -1.220499845032E-03
  7.618794455535E+02  7.693794455535E+02  1.887205002758E+01 -7.872298010229E-15 -3.592339768553E-02  3.564670554259E+02  1.600504698912E-01  1.884367105832E-01 -7.735431093224E-02  1.111078420724E-03 -6.704866604667E-01  2.330955401340E+00 -1.074013987301E-02  1.863268410237E-02 -7.892544229297E-03 -1.898508867185E-02  4.415368437167E-04 -5.792504723470E-06 -8.568790074039E-07 -3.656462685602E-06  5.546034922530E-02  5.792504725497E-06 -1.339271030481E-03 -2.568786550550E-20 -1.535987477416E-21 -3.216052074430E-20 -1.163542543083E-03
  7.768794455535E+02  7.843794455535E+02  1.892354996563E+01 -6.905902932841E-15 -3.552583599090E-02  3.583994301299E+02  1.518758661543E-01  1.787222731041E-01 -7.272892435924E-02  3.052916455450E-04 -6.615832865964E-01  2.271569375177E+00 -1.016612359223E-02  1.799273177478E-02 -7.826608182480E-03 -1.828362656359E-02 -2.755566326193E-04 -5.881160345544E-07 -1.628094520932E-06 -2.193435929246E-06  5.357646560733E-02  5.881160402766E-07  1.981856976178E-04 -1.107736105865E-20 -8.893140531868E-23 -3.603458620133E-20 -1.113269974075E-03
  7.918794455535E+02  7.993794455535E+02  1.897252018960E+01 -5.840519907985E-15 -3.555563623474E-02  3.602422440713E+02  1.436814560073E-01  1.689522147922E-01 -6.794617303352E-02 -2.498438823380E-04 -6.624849962524E-01  2.218808518625E+00 -9.622454902112E-03  1.731766073053E-02 -7.695205828450E-03 -1.728731056833E-02 -1.263772681280E-04 -1.534937897430E-07 -2.480842341830E-06 -4.654137153109E-06  5.191290221480E-02  1.534937882093E-07 -5.340051144006E-04 -2.166015386448E-20 -8.073150001819E-22 -2.619430701949E-20 -1.062033492613E-03
  8.068794455535E+02  8.143794455535E+02  1.902087292330E+01 -5.001489818366E-15 -3.651312112727E-02  3.620689609803E+02  1.353150852141E-01  1.607334993998E-01 -6.329346999659E-02 -9.659387184384E-04 -6.816423082635E-01  2.161410355408E+00 -9.476977847619E-03  1.684310649941E-02 -7.366128651889E-03 -1.651358967324E-02 -1.314048337209E-04 -1.634635835432E-07 -2.214933721609E-06 -4.036695488295E-06  4.777772956109E-02  1.634635987144E-07 -2.514671218907E-03 -1.370266490645E-20 -2.596706429620E-21 -2.603015615374E-20 -9.726675471585E-04
  8.218794455535E+02  8.293794455535E+02  1.906209050234E+01 -3.742338470364E-15 -4.025811984543E-02  3.636261713948E+02  1.267823908548E-01  1.548023397361E-01 -5.833934990647E-02 -1.496799436998E-03 -7.534653455090E-01  2.107949808672E+00 -9.153842895943E-03  1.610317424805E-02 -6.949331352107E-03 -1.465190480046E-02  6.935975376265E-04  1.832110729593E-06 -1.115060293547E-06 -5.517711348217E-06  4.446876713104E-02 -1.832110724899E-06 -4.771316042848E-03  9.501809870637E-22  6.765219220222E-22 -2.913290506605E-20 -8.942532803927E-04
  8.368794455535E+02  8.443794455535E+02  1.910425755745E+01 -2.985786458932E-15 -4.546381422305E-02  3.652217686984E+02  1.180412281653E-01  1.492310768907E-01 -5.343253874628E-02 -1.836687097749E-03 -8.537457052565E-01  2.059777980616E+00 -8.867384519310E-03  1.551388418181E-02 -6.646499662537E-03 -1.394824000494E-02  1.076895572070E-03 -2.148830420758E-07  7.814982982753E-08 -3.446028229021E-06  4.340708407640E-02  2.148830521458E-07 -2.632835994088E-03  2.490201140280E-21 -3.503340390189E-21 -5.129471234526E-20 -8.339100405640E-04
  8.518794455535E+02  8.593794455535E+02  1.914347791476E+01 -3.225630121802E-15 -4.520585018302E-02  3.667075929267E+02  1.092253134451E-01  1.442914770471E-01 -4.842107350042E-02 -2.160958563212E-03 -8.486167466772E-01  2.013765807168E+00 -8.680432028315E-03  1.508146693081E-02 -6.401034902259E-03 -1.280861780049E-02  1.960484230687E-04 -1.194151929373E-06  4.985760915603E-07 -3.426050856326E-06  4.091771072383E-02  1.194151929667E-06  9.899346775077E-04 -1.728670121984E-20  1.380076264947E-22 -2.281469387311E-20 -7.689826582612E-04
  8.668794455535E+02  8.743794455535E+02  1.918097030717E+01 -3.668947235145E-15 -4.361715444854E-02  3.681313251116E+02  1.004994111876E-01  1.396657082441E-01 -4.334602270284E-02 -2.491727418583E-03 -8.172203646992E-01  1.969928095217E+00 -8.230293223855E-03  1.444127317536E-02 -6.210979951527E-03 -1.186275481516E-02  1.058022031151E-04 -1.697615391593E-06  4.331113121019E-08 -4.345128334167E-06  4.018556486782E-02  1.697615395806E-06 -6.361851345262E-04 -1.472427157297E-20  2.281870155290E-21 -3.202365679942E-20 -7.314552690136E-04
  8.818794455535E+02  8.893794455535E+02  1.921881765203E+01 -3.570672909547E-15 -4.640792196404E-02  3.695723643548E+02  9.200608543560E-02  1.358911913233E-01 -3.836866840664E-02 -2.896023415338E-03 -8.726707186000E-01  1.926173745658E+00 -7.828971166135E-03  1.374945342201E-02 -5.920482256030E-03 -1.149277767730E-02  6.570713313723E-04 -1.261124417360E-06 -6.523999732625E-07 -1.665725027248E-06  3.893175815298E-02  1.261124418296E-06 -3.059315544781E-03 -8.341543812536E-21 -6.086881758810E-21 -1.290424048357E-20 -6.862179338649E-04
  8.968794455535E+02  9.043794455535E+02  1.925395916886E+01 -3.400362565305E-15 -4.935262441927E-02  3.709149296352E+02  8.341276587853E-02  1.330797905657E-01 -3.328775175984E-02 -2.952841117802E-03 -9.317565399602E-01  1.866552501060E+00 -7.434445638664E-03  1.296185068952E-02 -5.527405050608E-03 -1.043638519362E-02  5.745142358474E-04 -2.217103172189E-06 -1.020484605029E-06 -7.321772082858E-08  3.755365139574E-02  2.217103180915E-06 -2.138452443819E-03 -1.514758366555E-20 -5.066790046067E-21 -2.454057681128E-20 -6.453599385316E-04
  9.118794455535E+02  9.193794455535E+02  1.928923262660E+01 -3.727381865254E-15 -5.040496949601E-02  3.722677581854E+02  7.432679640044E-02  1.289935206652E-01 -2.824207437724E-02 -3.015014802817E-03 -9.563623274146E-01  1.818774708381E+00 -6.992339257477E-03  1.226324511388E-02 -5.270905856471E-03 -1.021194980955E-02  2.204539972712E-04 -3.992353196952E-06 -6.985361359338E-07 -4.567375956082E-07  3.586067760473E-02  3.992353192060E-06 -1.027675877367E-03 -1.568972124544E-20 -3.065027321394E-21 -1.287031105775E-20 -6.089401589540E-04
  9.268794455535E+02  9.343794455535E+02  1.932120612299E+01 -4.052185525784E-15 -5.126897185011E-02  3.734974884378E+02  6.445329325659E-02  1.261161167966E-01 -2.303831352827E-02 -2.723176142248E-03 -9.762378780422E-01  1.758982109044E+00 -6.779324052491E-03  1.169787805440E-02 -4.918554001923E-03 -9.060491049163E-03 -1.126385299492E-05 -4.702214668208E-06 -6.909716043340E-07 -3.465721853968E-06  3.269906475503E-02  4.702214677305E-06 -1.523249755248E-04 -1.836806050984E-20 -4.437404729666E-22 -2.170798373263E-20 -5.332019771672E-04
  9.418794455535E+02  9.493794455535E+02  1.935053689064E+01 -3.936682739774E-15 -5.069845489699E-02  3.746280695373E+02  5.343915753704E-02  1.233005299778E-01 -1.787881031780E-02 -2.292246857499E-03 -9.685812608803E-01  1.723772160449E+00 -6.458420698594E-03  1.122322587711E-02 -4.764805178299E-03 -8.174793744614E-03 -9.974066805362E-05 -4.986887570949E-07 -7.443727784927E-07 -3.767956920680E-06  3.241517691215E-02  4.986887535842E-07  1.861147882035E-03 -1.397332643502E-20 -1.037463293996E-22 -1.846175515509E-20 -5.042481915057E-04
  9.568794455535E+02  9.643794455535E+02  1.938196869703E+01 -3.393171395625E-15 -4.779127238661E-02  3.758440619428E+02  4.049336620902E-02  1.192980208588E-01 -1.255113201236E-02 -1.721122623371E-03 -9.158898710694E-01  1.738548038104E+00 -6.459992500482E-03  1.100002627282E-02 -4.540033772150E-03 -8.091954124955E-03 -4.119186352622E-04 -1.685278316058E-07  2.366155667895E-07 -2.114057364275E-06  3.550464006884E-02  1.685278457455E-07  4.770248260433E-03 -5.884601055902E-21 -3.167974328748E-21 -1.722617372672E-20 -5.338417897010E-04
  9.718794455535E+02  9.793794455535E+02  1.941709732639E+01 -2.189856468541E-15 -4.175555582618E-02  3.772043605227E+02  2.459353608191E-02  1.191210521712E-01 -7.216647185931E-03 -1.057601426554E-03 -8.013466982392E-01  1.840120075225E+00 -6.564047432413E-03  1.198451010287E-02 -5.420462670598E-03 -9.186254810967E-03 -1.302336959759E-03 -1.223351504230E-06  1.196045790560E-06 -4.390874331666E-06  4.203939101921E-02  1.223351506549E-06  8.311099666992E-03 -1.086734776100E-20 -3.166335784752E-21 -2.100956901992E-21 -6.566505694276E-04
  9.868794455535E+02  9.943794455535E+02  1.946078712621E+01 -6.493433133134E-16 -3.219885601029E-02  3.789070684070E+02  4.970858834544E-03  1.330454553981E-01 -1.991831361901E-03 -3.884905674100E-04 -6.204103720257E-01  1.823053622455E+00 -7.160287863954E-03  1.263540742220E-02 -5.475119557696E-03 -1.062735634490E-02 -1.670100846103E-03  9.070730088330E-07  6.260347971844E-07  2.578859359028E-06  2.330286176257E-02 -9.070729963034E-07  5.092637327612E-03 -5.660649051463E-21  1.691238548456E-21 -6.468462386216E-21 -3.050293195736E-04
