                   y                  ym                   U                   V                   W                 U^2                 V^2                 W^2                  UV                  VW                  UW                VISC               SFSxx               SFSyy               SFSzz               SFSxy               SFSyz                dUdX                dVdX                dWdX                dUdY                dVdY                dWdY                dUdZ                dVdZ                dWdZ              SFSxym
 -4.000000000000E+00 -2.000000000000E+00  0.000000000000E+00  0.000000000000E+00  0.000000000000E+00  0.000000000000E+00  0.000000000000E+00  0.000000000000E+00  0.000000000000E+00  0.000000000000E+00  0.000000000000E+00  0.000000000000E+00  0.000000000000E+00  0.000000000000E+00  0.000000000000E+00  0.000000000000E+00  0.000000000000E+00  0.000000000000E+00  0.000000000000E+00  0.000000000000E+00  0.000000000000E+00  0.000000000000E+00  0.000000000000E+00  0.000000000000E+00  0.000000000000E+00  0.000000000000E+00  0.000000000000E+00
  2.220446049250E-16  2.000000000000E+00  6.784139763730E+00  7.622644558382E-16 -1.594055281235E-01  4.898800827996E+01  7.300052554369E-02  9.752589781746E-01 -2.265545667297E-01 -2.151048589433E-03 -1.087074203846E+00  2.596993318323E+00 -4.940243189549E-03  2.882906371690E-02 -2.388882052734E-02 -9.316114200049E+00  1.438698359815E-01 -1.907839942539E-03 -1.605665083403E-04  8.217816086287E-05  3.277354240490E+01  1.907839942562E-03 -6.947733056295E-01  3.185766241157E-20 -1.572972054510E-21  4.038890166399E-20 -5.542432128526E-02
  4.000000000000E+00  6.000000000000E+00  9.603387615799E+00  2.398288237564E-15 -1.881450732717E-01  9.703870806407E+01  3.045555330474E-01  1.258860716305E+00 -5.718986903322E-01 -2.665990272742E-04 -1.833312135636E+00  7.305690205402E+00  6.536957938335E-01 -4.468943550963E-01 -2.068014387247E-01 -3.434337851990E+00 -7.508447189855E-03  3.496979002436E-04 -2.709836915113E-04  3.267083422840E-05  7.212426601506E+00 -3.496979002942E-04 -6.300257364709E-02 -1.402446978127E-20 -8.405824995630E-21  1.615030253975E-20 -2.039333091647E-01
  8.000000000000E+00  1.000000000000E+01  1.038952025350E+01  3.234888648184E-15 -1.907218565698E-01  1.119352335087E+02  4.202904820288E-01  1.239425032215E+00 -5.457404179445E-01 -5.388760916059E-04 -2.002137030787E+00  8.071751377886E+00  2.880826126006E-01 -6.000587900965E-01  3.119761774956E-01 -1.421802316235E+00 -5.064365472357E-02  4.474874675684E-04 -1.646212422201E-04  1.731113635323E-05  3.041113030566E+00 -4.474874675125E-04 -3.688467268231E-03  3.569126695233E-20 -7.091932957878E-21  8.155006778056E-20 -8.667971863893E-02
  1.200000000000E+01  1.400000000000E+01  1.112347615159E+01  2.686275825623E-15 -1.900268973097E-01  1.277184002627E+02  4.876410628938E-01  1.233956470327E+00 -6.009330077869E-01  3.170668523109E-04 -2.129628056904E+00  8.018680338629E+00  2.709256590543E-01 -5.588677975827E-01  2.879421385303E-01 -1.370200509985E+00 -1.741286568137E-03  2.318206629818E-04 -7.664342340971E-05 -1.338407071901E-05  2.483483851543E+00 -2.318206631147E-04  6.863987016676E-03 -1.296419795405E-20  7.482191328037E-21  1.017286718029E-19 -7.346652754889E-02
  1.600000000000E+01  1.800000000000E+01  1.163168147742E+01  4.627469559158E-15 -1.872555420389E-01  1.391046513858E+02  5.347210859418E-01  1.225013515199E+00 -6.008534446335E-01  1.202073463227E-04 -2.188452711672E+00  7.608582882550E+00  2.244695139212E-01 -5.140781334438E-01  2.896086195248E-01 -9.596859789460E-01 -3.501357386089E-03  2.255625510547E-04 -3.447248945556E-05 -1.716460301018E-05  1.886031814240E+00 -2.255625510122E-04  7.984929041616E-03 -1.196424218726E-20 -1.136142621491E-20  1.371812328567E-19 -5.492720307152E-02
  2.000000000000E+01  2.200000000000E+01  1.206690618244E+01  9.913128477812E-15 -1.859846300191E-01  1.493543881886E+02  5.717277385259E-01  1.222059815674E+00 -6.166521278180E-01  2.097590113153E-04 -2.250473416005E+00  7.310585156654E+00  1.997281083428E-01 -4.733258327711E-01  2.735977244263E-01 -8.106399548675E-01 -1.971804987498E-03  1.064405862333E-04 -2.360391256310E-05  1.715626334419E-05  1.568029219130E+00 -1.064405862399E-04  3.898146223501E-03 -2.672798020229E-20 -1.827562550287E-21  1.480824103311E-19 -4.555017317548E-02
  2.400000000000E+01  2.600000000000E+01  1.241574388319E+01  1.479263109574E-14 -1.853273210791E-01  1.578157467459E+02  6.014613647979E-01  1.216439726707E+00 -6.180416349102E-01  1.701810452851E-04 -2.301234483684E+00  6.985319494906E+00  1.731452965719E-01 -4.337596278954E-01  2.606143313251E-01 -6.489857907528E-01 -1.471282756604E-03  6.310817557077E-05 -2.240766396919E-05  3.941055443172E-05  1.313314085729E+00 -6.310817550972E-05  1.261446472407E-03 -1.833956708235E-20  1.678135933995E-20  1.797788622838E-19 -3.766940723016E-02
  2.800000000000E+01  3.000000000000E+01  1.272330289667E+01  2.044403130582E-14 -1.853731535854E-01  1.655052386652E+02  6.251435546311E-01  1.212760022023E+00 -6.234529296378E-01  1.248404670559E-04 -2.352784202238E+00  6.716908967298E+00  1.540187503060E-01 -4.006239559798E-01  2.466052056813E-01 -5.621463407126E-01 -1.224451326638E-03  9.255738642533E-05 -1.567107800434E-05  1.659757774209E-06  1.146405886905E+00 -9.255738652638E-05 -2.484162673602E-04 -2.707697445351E-20 -1.087657206954E-20  1.617507997171E-19 -3.261738690043E-02
  3.200000000000E+01  3.400000000000E+01  1.298877577800E+01  2.835703344593E-14 -1.855043269973E-01  1.722915634793E+02  6.439808545223E-01  1.207860224586E+00 -6.237626651604E-01  2.726338032277E-04 -2.400525877926E+00  6.457637478091E+00  1.377739701161E-01 -3.707103498962E-01  2.329363797758E-01 -4.828917221641E-01 -6.838102303847E-04  7.683379619529E-05 -5.027025818823E-06 -3.841980681452E-05  1.010882164039E+00 -7.683379597552E-05  8.947188077730E-04  1.496903297192E-20 -2.219415045062E-20  1.754020576448E-19 -2.851855211285E-02
  3.600000000000E+01  3.800000000000E+01  1.322881763824E+01  3.720081100805E-14 -1.850609594890E-01  1.785639188848E+02  6.587115532740E-01  1.203313800505E+00 -6.253570156415E-01  2.866986311218E-04 -2.437556078676E+00  6.236924980455E+00  1.249309588431E-01 -3.461073691354E-01  2.211764102932E-01 -4.311515903924E-01 -1.436250133377E-03  4.141710821127E-05  8.512605488633E-07  2.934826305224E-05  9.104238053538E-01 -4.141710824678E-05  1.361868458505E-03  3.272932935991E-20 -2.428129939471E-20  1.693244949758E-19 -2.546933787362E-02
  4.000000000000E+01  4.200000000000E+01  1.344403733667E+01  4.567809021652E-14 -1.847685466189E-01  1.842875521275E+02  6.699526144655E-01  1.199395330526E+00 -6.248577566243E-01  3.007210516611E-04 -2.472504000350E+00  6.038784815188E+00  1.141376050079E-01 -3.254923179544E-01  2.113547129467E-01 -3.848486839240E-01 -1.059493124528E-03  5.186031064971E-06  3.214171018536E-06  6.091926959496E-05  8.261369675550E-01 -5.186030802795E-06  1.214733941085E-03  4.165010014675E-20  7.095982263992E-21  1.566091484301E-19 -2.293437862427E-02
  4.400000000000E+01  4.600000000000E+01  1.364200328663E+01  5.180883846934E-14 -1.842731355203E-01  1.896369952588E+02  6.784956141375E-01  1.195035122894E+00 -6.246809001497E-01  3.196994032638E-04 -2.501155762868E+00  5.851212536911E+00  1.049780132650E-01 -3.063378602474E-01  2.013598469847E-01 -3.494733136276E-01 -1.494326529480E-03  4.297498145055E-05  2.502953037579E-06  6.233033493647E-06  7.609152846289E-01 -4.297498143595E-05  1.864596626320E-03  2.984386149436E-20  2.661379868906E-20  1.749534259438E-19 -2.091030172200E-02
  4.800000000000E+01  5.000000000000E+01  1.382454931736E+01  5.773783794821E-14 -1.838816544519E-01  1.946405519375E+02  6.849526004245E-01  1.188848887571E+00 -6.237157636828E-01  2.898269479674E-04 -2.528208380717E+00  5.673662243719E+00  9.652444898998E-02 -2.885364468712E-01  1.920119978841E-01 -3.194900272497E-01 -1.312018493872E-03 -5.183057953086E-06 -3.289142023734E-07 -2.461113614755E-05  7.068850640377E-01  5.183057976606E-06  1.886691281072E-03  2.766876201950E-20  6.958817234974E-21  2.050390628019E-19 -1.917111300424E-02
  5.200000000000E+01  5.400000000000E+01  1.399531009045E+01  6.512586650520E-14 -1.834825177204E-01  1.993805183018E+02  6.895634954297E-01  1.181764501403E+00 -6.228156095637E-01  3.079640741784E-04 -2.552966677189E+00  5.513790772515E+00  8.949919121192E-02 -2.732538437837E-01  1.837546525672E-01 -2.946135114574E-01 -1.361951249593E-03  3.766874898131E-06  1.639794818037E-06  1.767980019508E-05  6.599636848677E-01 -3.766874678729E-06  1.854141344267E-03  7.290098962908E-20  1.654858614566E-20  1.893696887655E-19 -1.770617148391E-02
  5.600000000000E+01  5.800000000000E+01  1.415454940221E+01  7.198186549133E-14 -1.829836190590E-01  2.038518426204E+02  6.926220424704E-01  1.174838502327E+00 -6.213533242400E-01  3.597812795421E-04 -2.574932536330E+00  5.370542596777E+00  8.339008520043E-02 -2.601167122457E-01  1.767266270439E-01 -2.720916995432E-01 -1.204602100108E-03  6.410856311583E-05  3.514569599219E-06  3.391559009358E-05  6.178677900238E-01 -6.410856308006E-05  2.131104085416E-03  4.596046809831E-20 -6.477698514481E-21  1.586365538214E-19 -1.643845961537E-02
  6.000000000000E+01  6.200000000000E+01  1.430440642703E+01  7.280980563832E-14 -1.824051425280E-01  2.081056803696E+02  6.945496872945E-01  1.167878876744E+00 -6.200288281110E-01  3.576771099790E-04 -2.595791789933E+00  5.241409361008E+00  7.873501521481E-02 -2.482385684983E-01  1.695035532849E-01 -2.537726821653E-01 -1.139971766627E-03  5.218636104843E-05 -1.251136426150E-07  2.657465628207E-05  5.823706554178E-01 -5.218636149060E-05  2.589265271175E-03  1.238760334027E-19 -2.305446859964E-20  1.512784695236E-19 -1.534057772461E-02
  6.400000000000E+01  6.600000000000E+01  1.444572925532E+01  7.310205970649E-14 -1.817417556788E-01  2.121573227715E+02  6.956415915834E-01  1.159353999794E+00 -6.183230806734E-01  3.693442376687E-04 -2.614090483201E+00  5.116684432754E+00  7.387295516718E-02 -2.369900700800E-01  1.631171149127E-01 -2.375400656214E-01 -1.390315258377E-03 -3.126057900684E-05 -3.221682223968E-06  5.517219747029E-06  5.502915325259E-01  3.126057913034E-05  2.899305352522E-03  8.564672854663E-20  3.649656935571E-21  1.277264454678E-19 -1.435530913800E-02
  6.800000000000E+01  7.000000000000E+01  1.457938631585E+01  7.544987782696E-14 -1.810390611433E-01  2.160251173907E+02  6.960394540746E-01  1.149952542018E+00 -6.167341848078E-01  3.690052808443E-04 -2.630108040795E+00  4.997061887567E+00  6.906668171838E-02 -2.266497906226E-01  1.575831089033E-01 -2.222154835200E-01 -1.392883662578E-03 -1.720047675538E-05 -9.915281648096E-07 -1.559524554788E-05  5.206903669997E-01  1.720047662663E-05  1.638765301943E-03  8.276804586273E-20 -7.107590882923E-21  1.590628641710E-19 -1.345695526794E-02
  7.200000000000E+01  7.400000000000E+01  1.470601841967E+01  8.104668903589E-14 -1.809909618462E-01  2.197209107180E+02  6.958556239917E-01  1.139831054047E+00 -6.149034816134E-01  3.068088216342E-04 -2.655354900603E+00  4.882653761805E+00  6.483460188377E-02 -2.171256159199E-01  1.522910140382E-01 -2.082126761517E-01 -6.374916744825E-04  5.850676852915E-05  3.410640284350E-06  1.215270666877E-05  4.930446941342E-01 -5.850676848089E-05 -3.282486746030E-04  4.813537448595E-20 -1.154824021883E-20  1.492522611546E-19 -1.264128618609E-02
  7.600000000000E+01  7.800000000000E+01  1.482607393680E+01  9.416931933311E-14 -1.810899160201E-01  2.232521194363E+02  6.951725235828E-01  1.128689804449E+00 -6.131532000191E-01  3.502357589991E-04 -2.681681614115E+00  4.773099574255E+00  6.170501335659E-02 -2.082381234907E-01  1.465331101344E-01 -1.962866602405E-01  3.862171590439E-06  2.817888836543E-05  1.859308400177E-06  7.375289157709E-05  4.678878928931E-01 -2.817888816756E-05 -6.528375509531E-04  8.682506577664E-20 -5.337010370887E-21  1.410256798674E-19 -1.190159670167E-02
  8.000000000000E+01  8.200000000000E+01  1.494003165444E+01  1.026896021920E-13 -1.811072714612E-01  2.266289057006E+02  6.939678088042E-01  1.117123867175E+00 -6.111794441912E-01  3.471361954523E-04 -2.705983623097E+00  4.671994755364E+00  5.827411702420E-02 -1.998272549454E-01  1.415531379207E-01 -1.850300404100E-01 -5.399545948421E-05 -2.992573106828E-05 -3.729784360822E-06  8.105093776618E-05  4.459173966352E-01  2.992573087873E-05 -3.365366907733E-04  2.941237773444E-20  3.197469224893E-21  1.572215281588E-19 -1.124052889821E-02
  8.400000000000E+01  8.600000000000E+01  1.504886929386E+01  1.111631550699E-13 -1.811770232351E-01  2.298775835658E+02  6.922547871960E-01  1.105601242236E+00 -6.093315700243E-01  3.449894915483E-04 -2.729639850556E+00  4.575534461613E+00  5.485771417779E-02 -1.922901449581E-01  1.374324307779E-01 -1.751550742674E-01 -3.216876645147E-04 -1.202989301190E-05 -2.900032361336E-06  2.481554379843E-05  4.264552072797E-01  1.202989316568E-05  6.782765765438E-04  9.962297598302E-20 -1.835363118157E-20  1.156320901803E-19 -1.065205001040E-02
  8.800000000000E+01  9.000000000000E+01  1.515321940597E+01  1.284947663318E-13 -1.808046889370E-01  2.330109102789E+02  6.901914587762E-01  1.094030898155E+00 -6.072489252400E-01  4.132349704719E-04 -2.746685464581E+00  4.482974636520E+00  5.167530771002E-02 -1.851691259219E-01  1.334938182123E-01 -1.658663733369E-01 -8.236918376821E-04  2.638322419484E-05  3.300717430402E-07 -3.887526723309E-06  4.103349981051E-01 -2.638322418286E-05  2.364619456998E-03  1.248637106455E-19 -7.297817768714E-21  1.493302357786E-19 -1.011292542706E-02
  9.200000000000E+01  9.400000000000E+01  1.525413279188E+01  1.394107855777E-13 -1.800267359140E-01  2.360613064858E+02  6.878582816910E-01  1.081875347390E+00 -6.053759727466E-01  4.386430785451E-04 -2.757249146653E+00  4.395601657069E+00  4.932083717875E-02 -1.782953108451E-01  1.289744736666E-01 -1.578720442137E-01 -1.160353109614E-03  3.312088280651E-06 -1.143249185957E-06  5.409296239637E-05  3.963054186266E-01 -3.312088171590E-06  3.158728373844E-03  7.292583394677E-20 -8.017635793795E-21  1.670899298649E-19 -9.635217081082E-03
  9.600000000000E+01  9.800000000000E+01  1.535138095805E+01  1.433864560650E-13 -1.791552416365E-01  2.390170471277E+02  6.853680920707E-01  1.069486814236E+00 -6.032885646516E-01  4.023322306329E-04 -2.766408244463E+00  4.311912378804E+00  4.693597183485E-02 -1.721648179044E-01  1.252288460693E-01 -1.502129042654E-01 -1.070806423568E-03  6.995311959479E-06 -3.427104252460E-06  6.722434173747E-05  3.799976316595E-01 -6.995311981684E-06  3.302044420505E-03  4.686845578600E-20 -1.053672468249E-20  1.761636566692E-19 -9.134221245980E-03
  1.000000000000E+02  1.020000000000E+02  1.544406382661E+01  1.538428776732E-13 -1.783408686233E-01  2.418485399433E+02  6.828643064279E-01  1.058047227345E+00 -6.013308919789E-01  3.773266277927E-04 -2.775634024712E+00  4.232249043194E+00  4.476386412116E-02 -1.663871981780E-01  1.216233340566E-01 -1.422222795480E-01 -1.009093358955E-03  3.801408097359E-05 -3.281225471040E-06  3.217140533312E-05  3.631446104842E-01 -3.801408084422E-05  3.899084595373E-03  1.112953103234E-19  1.907474748621E-20  1.609622114625E-19 -8.648586997705E-03
  1.040000000000E+02  1.060000000000E+02  1.553291928558E+01  1.586031601192E-13 -1.772439831209E-01  2.445759699955E+02  6.803861264114E-01  1.046806555766E+00 -5.992997227953E-01  4.127357128227E-04 -2.779811830193E+00  4.149344654665E+00  4.221688108413E-02 -1.604960364225E-01  1.182791553371E-01 -1.346426696411E-01 -1.167874576418E-03  4.153352849285E-05 -3.795912504839E-06  3.365380900012E-05  3.471355402940E-01 -4.153352861970E-05  5.568570064651E-03  1.071226462644E-19 -1.332832689416E-20  1.040681876705E-19 -8.183657212272E-03
  1.080000000000E+02  1.100000000000E+02  1.561766070225E+01  1.554796089330E-13 -1.755436518120E-01  2.471910183509E+02  6.778555186223E-01  1.035473863204E+00 -5.971645412069E-01  4.075129453852E-04 -2.772819869537E+00  4.074850827640E+00  4.026360626457E-02 -1.553232780493E-01  1.150596717843E-01 -1.274342990019E-01 -1.515816803514E-03 -9.271482565031E-06 -6.312037399599E-06  2.424102031933E-05  3.322113071705E-01  9.271482653336E-06  7.203686602074E-03  1.455702573408E-19  3.576052283129E-21  1.097992702412E-19 -7.772742418789E-03
  1.120000000000E+02  1.140000000000E+02  1.569900936884E+01  1.585183309847E-13 -1.736680869039E-01  2.497126230888E+02  6.752331325213E-01  1.023745636871E+00 -5.951373929589E-01  3.825126368479E-04 -2.761525164399E+00  4.003698084063E+00  3.840965716979E-02 -1.502390992683E-01  1.118294420987E-01 -1.213609781897E-01 -1.735216727033E-03  1.626214478719E-06 -6.224425674226E-06  7.491602296727E-06  3.182933588334E-01 -1.626214593958E-06  7.575314074321E-03  1.339032138400E-19  1.401443485839E-21  1.214146463360E-19 -7.396893498299E-03
  1.160000000000E+02  1.180000000000E+02  1.577676750674E+01  1.601216728653E-13 -1.717958438727E-01  2.521319102644E+02  6.725023294171E-01  1.012391348070E+00 -5.930153208689E-01  3.382179894617E-04 -2.748769649885E+00  3.938107896233E+00  3.663238532383E-02 -1.458985039825E-01  1.092661186570E-01 -1.152927620814E-01 -1.687555114863E-03  1.823750977701E-05 -3.083291802578E-06  3.076547915906E-05  3.042497554001E-01 -1.823750962731E-05  7.112354846998E-03  8.351856387279E-20  3.244227073495E-20  1.157283107591E-19 -7.027288421671E-03
  1.200000000000E+02  1.220000000000E+02  1.585109760250E+01  1.574753024739E-13 -1.700733826175E-01  2.544541600898E+02  6.697152243109E-01  1.000762478133E+00 -5.909514864949E-01  3.213511392893E-04 -2.737038842667E+00  3.871283591744E+00  3.484220788849E-02 -1.416831063666E-01  1.068408984749E-01 -1.093842288679E-01 -1.496349671899E-03  2.656673486243E-05  5.928246589967E-07  2.254896071515E-05  2.906353952726E-01 -2.656673482207E-05  6.545175731020E-03  3.563138867440E-20 -1.160082277836E-20  1.318451103671E-19 -6.656058443797E-03
  1.240000000000E+02  1.260000000000E+02  1.592212182900E+01  1.602952169148E-13 -1.685532768007E-01  2.566820548786E+02  6.668850311844E-01  9.887682721092E-01 -5.888120362539E-01  3.010768025136E-04 -2.727595130370E+00  3.806246095925E+00  3.318413646163E-02 -1.377173469456E-01  1.045332104838E-01 -1.035512570341E-01 -1.467883865256E-03  2.151610194826E-05  2.029934909111E-06  9.752129814392E-06  2.776566955266E-01 -2.151610177481E-05  5.833058352370E-03  1.073521155758E-19 -1.902167242669E-20  9.353882608289E-20 -6.307748287977E-03
  1.280000000000E+02  1.300000000000E+02  1.598998110699E+01  1.618820991608E-13 -1.671895144254E-01  2.588178723052E+02  6.641065097192E-01  9.771529602999E-01 -5.866893175831E-01  2.907299092521E-04 -2.719742024641E+00  3.746596029250E+00  3.157799946123E-02 -1.339857395515E-01  1.024077400903E-01 -9.839508948346E-02 -1.343596312405E-03 -9.649250466518E-06  1.655694000172E-06  9.442579380618E-06  2.657853717323E-01  9.649250285926E-06  5.697645196868E-03  7.861108145130E-20  1.582132723209E-20  1.529444695122E-19 -5.995580031326E-03
  1.320000000000E+02  1.340000000000E+02  1.605495796666E+01  1.588304696098E-13 -1.656740820471E-01  2.608692699087E+02  6.615084236192E-01  9.652474445285E-01 -5.845392656211E-01  3.033331346916E-04 -2.708423223624E+00  3.690122013049E+00  3.028251550431E-02 -1.305309744839E-01  1.002484589786E-01 -9.361036408341E-02 -1.336180993057E-03 -1.148722846881E-07  3.037976732233E-06  7.468812825507E-06  2.546038535962E-01  1.148724767923E-07  6.315767721154E-03  1.700508641964E-19 -5.107789321781E-22  1.324441921314E-19 -5.712935869183E-03
  1.360000000000E+02  1.380000000000E+02  1.611729763541E+01  1.665844528292E-13 -1.640251916181E-01  2.628443069808E+02  6.591382636564E-01  9.530433541949E-01 -5.823604102587E-01  2.819577854873E-04 -2.694594971256E+00  3.633441591536E+00  2.907807930862E-02 -1.270673747471E-01  9.798929543839E-02 -8.928508186770E-02 -1.437988871361E-03  2.067179363472E-05  2.433543004264E-06  8.941674654794E-06  2.437139087232E-01 -2.067179380558E-05  6.816506350551E-03  1.423594206287E-19  4.386152527403E-21  1.224768979550E-19 -5.443095055475E-03
  1.400000000000E+02  1.420000000000E+02  1.617691754918E+01  1.763183921782E-13 -1.622776174331E-01  2.647381788747E+02  6.570161014268E-01  9.410069610022E-01 -5.801739942265E-01  2.960401237117E-04 -2.679003287141E+00  3.578817798223E+00  2.788992007710E-02 -1.235987263955E-01  9.570880631886E-02 -8.475145216146E-02 -1.424633786600E-03 -2.463031763273E-05 -2.810433527179E-06 -9.598065261875E-06  2.332855253633E-01  2.463031798975E-05  6.740147766384E-03  1.647303710031E-19  1.989601870373E-20  1.421523361456E-19 -5.147489973264E-03
  1.440000000000E+02  1.460000000000E+02  1.623384690968E+01  1.762759990059E-13 -1.607043758699E-01  2.665508613850E+02  6.550107970741E-01  9.293297111560E-01 -5.780315957279E-01  2.918669270695E-04 -2.666235948817E+00  3.524158903337E+00  2.647942271670E-02 -1.201388405257E-01  9.365941781053E-02 -8.036158222493E-02 -1.251786857140E-03 -3.953908771153E-05 -3.533268391921E-06 -1.233461427538E-05  2.226642254568E-01  3.953908770877E-05  6.472667036143E-03  1.052142667395E-19  1.229690136811E-20  8.579792498520E-20 -4.884653770893E-03
  1.480000000000E+02  1.500000000000E+02  1.628813357630E+01  1.784938684126E-13 -1.590991972641E-01  2.682856022366E+02  6.531220331149E-01  9.182308937878E-01 -5.758527190529E-01  3.073361213481E-04 -2.652498224358E+00  3.470980124667E+00  2.520561761060E-02 -1.167790725134E-01  9.157345490411E-02 -7.583660600307E-02 -1.414481312160E-03  3.551673499924E-05  2.959840378673E-07  7.697640609159E-06  2.114155393431E-01 -3.551673485589E-05  7.164018432255E-03  1.172389325817E-19  2.986088835842E-22  9.531947703458E-20 -4.632502584301E-03
  1.520000000000E+02  1.540000000000E+02  1.633965943378E+01  1.801882063696E-13 -1.571024769483E-01  2.699370354880E+02  6.513308485050E-01  9.070744528506E-01 -5.736192961808E-01  3.107020881714E-04 -2.630963782105E+00  3.421410783411E+00  2.407446550442E-02 -1.136295191217E-01  8.955505361627E-02 -7.212771411457E-02 -1.697771687823E-03  3.882471648538E-05 -1.075732493414E-06  6.331695304478E-06  2.008449689737E-01 -3.882471653367E-05  7.932104240226E-03  1.511216702321E-19  3.221508550954E-20  9.442062403491E-20 -4.398686998387E-03
  1.560000000000E+02  1.580000000000E+02  1.638867649177E+01  1.778628240060E-13 -1.550852708208E-01  2.715132538711E+02  6.495390478910E-01  8.969320725562E-01 -5.714742938396E-01  2.999079496549E-04 -2.607997558272E+00  3.374877576960E+00  2.343125307034E-02 -1.110304757752E-01  8.759922270407E-02 -6.858586639187E-02 -1.912221930136E-03  3.845087431793E-06 -6.586803051061E-06 -4.974401900899E-06  1.918537785535E-01 -3.845087308991E-06  8.401871343724E-03  1.509578465500E-19  1.341742511950E-20  1.054338157465E-19 -4.180802108943E-03
  1.600000000000E+02  1.620000000000E+02  1.643557770831E+01  1.784625635927E-13 -1.529183878199E-01  2.730247202356E+02  6.478317552149E-01  8.876621639441E-01 -5.692223922349E-01  2.877960482176E-04 -2.581527955746E+00  3.329808574412E+00  2.259534678143E-02 -1.083216033409E-01  8.572625656154E-02 -6.530245120637E-02 -1.811843509160E-03 -1.391887365790E-05 -1.134630061039E-05  5.079927261497E-06  1.849976086684E-01  1.391887358290E-05  9.693834160241E-03  1.804544636091E-19  4.590815723798E-21  1.144197728227E-19 -3.985904169557E-03
  1.640000000000E+02  1.660000000000E+02  1.648103377020E+01  1.769674886955E-13 -1.502574858131E-01  2.744937528204E+02  6.462448075365E-01  8.786947153720E-01 -5.670778253269E-01  2.508757270220E-04 -2.546279481630E+00  3.290089092410E+00  2.179683883054E-02 -1.057593699189E-01  8.396253108849E-02 -6.236228736913E-02 -2.032351518051E-03 -1.732276367119E-05 -1.231153107096E-05  4.267503405769E-06  1.787111872309E-01  1.732276366449E-05  1.089665904067E-02  2.143182461168E-19 -1.583617069837E-20  1.078491280432E-19 -3.804192167966E-03
  1.680000000000E+02  1.700000000000E+02  1.652479003067E+01  1.720759576496E-13 -1.474342046285E-01  2.759102114172E+02  6.447778873402E-01  8.695528988616E-01 -5.647944429238E-01  2.269983199381E-04 -2.506783324670E+00  3.249161337480E+00  2.082230699777E-02 -1.034505413127E-01  8.262823431484E-02 -5.947777604187E-02 -2.046033819433E-03  1.262376498882E-05 -8.841836765111E-06 -9.461648681951E-06  1.700986158799E-01 -1.262376504219E-05  1.194197728538E-02  1.522465982130E-19  1.368328267525E-20  1.334309501250E-19 -3.614897775154E-03
  1.720000000000E+02  1.740000000000E+02  1.656612914606E+01  1.730779073302E-13 -1.442931748818E-01  2.772521629102E+02  6.434279977614E-01  8.599767915513E-01 -5.626821265632E-01  1.597907333083E-04 -2.460424643954E+00  3.210862310646E+00  1.998008080714E-02 -1.012226442317E-01  8.124256342442E-02 -5.628720087325E-02 -2.177772327281E-03  3.194696132436E-05 -7.311258092633E-06 -2.069601024248E-05  1.623618719194E-01 -3.194696127174E-05  1.256736196738E-02  1.642399453834E-19  1.602853419285E-21  1.091107984728E-19 -3.451806908580E-03
  1.760000000000E+02  1.780000000000E+02  1.660606051373E+01  1.735036859555E-13 -1.412409859733E-01  2.785510126005E+02  6.422651302949E-01  8.496051295693E-01 -5.604020914718E-01  1.059130152242E-04 -2.414621920432E+00  3.172029158772E+00  1.919805923540E-02 -9.900011542748E-02  7.980205619193E-02 -5.386864304561E-02 -1.808204152766E-03  9.446922778909E-06 -9.626373268291E-06 -4.633197542927E-06  1.559064872110E-01 -9.446922779271E-06  1.250619981549E-02  1.601774849147E-19 -2.550044650309E-20  8.017174689184E-20 -3.283718748230E-03
  1.800000000000E+02  1.820000000000E+02  1.664403755046E+01  1.686617298371E-13 -1.380998869762E-01  2.797881609349E+02  6.413017968632E-01  8.395509478810E-01 -5.582861749943E-01  8.298441244426E-05 -2.366528072645E+00  3.136039721276E+00  1.843297323055E-02 -9.690151105803E-02  7.846853782773E-02 -5.114910231523E-02 -1.892033798327E-03  3.038938766205E-06 -1.084470662356E-05  1.084320247492E-05  1.479970637925E-01 -3.038938700761E-06  1.232688026011E-02  1.626763216575E-19 -4.214803787521E-21  9.624197060781E-20 -3.112958874386E-03
  1.840000000000E+02  1.860000000000E+02  1.667999620781E+01  1.677443742359E-13 -1.350806967019E-01  2.809601248487E+02  6.404925092706E-01  8.299360350078E-01 -5.560019939410E-01  1.849718068628E-05 -2.319925391935E+00  3.099803947825E+00  1.758137571196E-02 -9.464624144567E-02  7.706486573318E-02 -4.847377925888E-02 -2.043252706724E-03  2.361546443761E-05 -9.865120031144E-06  2.875149477401E-06  1.404023533816E-01 -2.361546443937E-05  1.214502810261E-02  1.574009341323E-19 -5.559233938434E-21  1.039849412203E-19 -2.953678302439E-03
  1.880000000000E+02  1.900000000000E+02  1.671425329461E+01  1.684795679704E-13 -1.320208265777E-01  2.820785856116E+02  6.397688217886E-01  8.208810895287E-01 -5.539160237003E-01 -3.306169163224E-05 -2.272667585643E+00  3.065589946161E+00  1.695061733424E-02 -9.259603005298E-02  7.564541271987E-02 -4.611963092430E-02 -2.115524626428E-03  2.230434464066E-05 -9.175280288505E-06 -6.364775351748E-06  1.342523734208E-01 -2.230434462831E-05  1.202192723657E-02  1.639102255223E-19 -2.940168670553E-21  1.005423017930E-19 -2.824565997287E-03
  1.920000000000E+02  1.940000000000E+02  1.674716705539E+01  1.648330040169E-13 -1.290713716945E-01  2.831541993934E+02  6.390520843698E-01  8.117506888004E-01 -5.515605175725E-01 -1.207539470577E-04 -2.226756692163E+00  3.029858338437E+00  1.623270805520E-02 -9.056320012333E-02  7.433049206971E-02 -4.412825965408E-02 -2.044335660127E-03 -2.778701849530E-06 -8.915087672864E-06 -8.304714842662E-06  1.287375978684E-01  2.778701823210E-06  1.182708746431E-02  1.893080397004E-19 -6.942635361855E-21  8.878649627983E-20 -2.697292599674E-03
  1.960000000000E+02  1.980000000000E+02  1.677862054503E+01  1.604825962514E-13 -1.261525384831E-01  2.841858847262E+02  6.383967519530E-01  8.038376934167E-01 -5.495285875592E-01 -1.671383616611E-04 -2.181063954408E+00  3.000896784445E+00  1.571677028309E-02 -8.874107668265E-02  7.302430639910E-02 -4.225868137415E-02 -2.139904555436E-03 -7.138004054081E-06 -7.886425742738E-06 -7.846984072588E-06  1.239783640817E-01  7.138003986572E-06  1.148642400380E-02  2.019045460569E-19 -4.753965882098E-21  9.522142854398E-20 -2.580105516102E-03
  2.000000000000E+02  2.020600000000E+02  1.680910239467E+01  1.564970190474E-13 -1.233743804298E-01  2.851862939636E+02  6.376159084653E-01  7.956785692385E-01 -5.471807610153E-01 -2.142174415623E-04 -2.137242079597E+00  2.973083292959E+00  1.455493622194E-02 -8.581656700872E-02  7.126163078636E-02 -4.055378389319E-02 -1.628356301177E-03  4.253005405145E-06 -5.443034098662E-06  1.933453839347E-06  1.172416586923E-01 -4.253005428349E-06  1.054407056799E-02  1.735303282773E-19 -1.157466442230E-20  8.627027041718E-20 -2.489298737864E-03
  2.041200000000E+02  2.062418000000E+02  1.683895790889E+01  1.513410386594E-13 -1.206917953728E-01  2.861686402744E+02  6.368203307386E-01  7.879127796103E-01 -5.449956665740E-01 -2.580046696554E-04 -2.094336178871E+00  2.950337886627E+00  1.343140118011E-02 -8.291763530111E-02  6.948623412057E-02 -3.905771668695E-02 -1.565802671320E-03  1.139297952799E-05 -1.474508591961E-06  8.547003455636E-06  1.112367562458E-01 -1.139297941522E-05  9.698553676621E-03  1.873767748428E-19  2.897876552549E-21  1.076318730153E-19 -2.393425402007E-03
  2.083636000000E+02  2.105490540000E+02  1.686814314320E+01  1.476432595973E-13 -1.181734140506E-01  2.871295112894E+02  6.360279184865E-01  7.796640101163E-01 -5.425694864856E-01 -2.651023490260E-04 -2.054283858652E+00  2.923411116127E+00  1.224442461002E-02 -7.970695452131E-02  6.746252991177E-02 -3.753766550149E-02 -1.459432294029E-03  3.579866500324E-06  1.347805375545E-06  9.374978345642E-06  1.052717929469E-01 -3.579866847102E-06  9.024727407107E-03  2.084499163462E-19  1.256137200350E-20  8.385317197656E-20 -2.299377408369E-03
  2.127345080000E+02  2.149855256200E+02  1.689655130470E+01  1.448229499286E-13 -1.157355585157E-01  2.880657712297E+02  6.352465132104E-01  7.721660757007E-01 -5.402203425717E-01 -2.899447155478E-04 -2.015266363747E+00  2.898619057010E+00  1.114346223903E-02 -7.656739228919E-02  6.542393005112E-02 -3.593186367721E-02 -1.266308068118E-03 -1.199560826096E-05  1.533073267206E-06  9.749299686780E-06  9.977532685089E-02  1.199560842530E-05  8.433194694800E-03  1.655328828389E-19 -8.411967374159E-21  4.140032309797E-20 -2.197304906904E-03
  2.172365432400E+02  2.195550913886E+02  1.692430538271E+01  1.413105697271E-13 -1.133912407858E-01  2.889811334696E+02  6.344566518499E-01  7.655997806192E-01 -5.377090279613E-01 -2.867706921342E-04 -1.977402894059E+00  2.875196707402E+00  9.998310506500E-03 -7.341652088533E-02  6.341821037919E-02 -3.441453763615E-02 -1.073876905617E-03 -2.343210249783E-05  1.509743098720E-06 -2.766673616204E-06  9.533076450476E-02  2.343210238120E-05  8.807279998049E-03  1.730977823855E-19 -1.232420760519E-20  5.634773503658E-20 -2.109136735864E-03
  2.218736395372E+02  2.242617441303E+02  1.695175284908E+01  1.393119323604E-13 -1.106012622379E-01  2.898886591424E+02  6.336394696185E-01  7.588249044269E-01 -5.352100152665E-01 -2.920716389763E-04 -1.931263968582E+00  2.854375562751E+00  8.656739675485E-03 -7.036953319892E-02  6.171279352332E-02 -3.323517476857E-02 -1.277285215277E-03 -1.378921839636E-05  3.370115817485E-06 -1.802638890853E-05  9.137549879101E-02  1.378921850692E-05  9.665313987434E-03  1.623247964182E-19 -1.567481361462E-20  5.249454807198E-20 -2.032940761759E-03
  2.266498487233E+02  2.291095964542E+02  1.697885591582E+01  1.399778094361E-13 -1.076337265548E-01  2.907856621741E+02  6.329283810865E-01  7.514295276577E-01 -5.325713253034E-01 -2.863157240893E-04 -1.882284890354E+00  2.832071148563E+00  7.282453188707E-03 -6.712816898394E-02  5.984571579502E-02 -3.183641294364E-02 -1.277404115453E-03  3.035348365894E-06  4.620637855927E-06 -1.331221852768E-05  8.692255828323E-02 -3.035348453060E-06  9.937518334095E-03  1.724085410743E-19 -1.861769584058E-20  8.041382828006E-20 -1.949602242040E-03
  2.315693441850E+02  2.341028843478E+02  1.700525670936E+01  1.416756405479E-13 -1.044970324461E-01  2.916586865336E+02  6.322722865227E-01  7.435263082325E-01 -5.298925076312E-01 -3.217021994678E-04 -1.830606681229E+00  2.810857281672E+00  6.282274481423E-03 -6.402092711358E-02  5.773865263267E-02 -3.049497615328E-02 -1.371993508513E-03 -8.728742975414E-06  2.910400631507E-06 -4.482107053495E-06  8.287800611243E-02  8.728743009579E-06  1.001687299060E-02  1.458347705451E-19 -1.585288030719E-20  3.463331841742E-20 -1.875238702018E-03
  2.366364245106E+02  2.392459708782E+02  1.703134575958E+01  1.418209774155E-13 -1.012788252555E-01  2.925201863612E+02  6.316209304060E-01  7.363219993228E-01 -5.270894136800E-01 -3.350431210138E-04 -1.777527172159E+00  2.791830672631E+00  5.189405505498E-03 -6.080175236037E-02  5.561234685585E-02 -2.955553419965E-02 -1.202756491360E-03 -1.373637043218E-05  1.634958229751E-06 -7.439018627263E-06  7.893835243251E-02  1.373637051091E-05  1.055182201388E-02  1.715940641477E-19  6.173489233753E-21  6.096215583277E-20 -1.811060281769E-03
  2.418555172459E+02  2.445433500046E+02  1.705672845566E+01  1.400657367867E-13 -9.760716564412E-02  2.933583383073E+02  6.309725661630E-01  7.298241840896E-01 -5.242181162331E-01 -3.439188914890E-04 -1.716160821788E+00  2.774170312339E+00  3.976526508244E-03 -5.753025545686E-02  5.355372894760E-02 -2.851322270355E-02 -1.506551845993E-03 -3.250635802389E-06  3.143395785636E-06 -3.055066063899E-06  7.364976548320E-02  3.250635815218E-06  1.107020962636E-02  1.638384019612E-19 -3.245230097591E-21  6.039343423734E-20 -1.736985839579E-03
  2.472311827633E+02  2.499996505047E+02  1.708084462533E+01  1.387320524663E-13 -9.383413087445E-02  2.941555061587E+02  6.303393135135E-01  7.237429697316E-01 -5.213416306198E-01 -4.343576020208E-04 -1.652056706409E+00  2.759374451532E+00  2.757346816923E-03 -5.437390943508E-02  5.161656261740E-02 -2.705415491288E-02 -1.560965215465E-03 -4.691214643269E-06  4.226092230855E-06 -8.766270690139E-06  6.889119374268E-02  4.691214585219E-06  1.107934808667E-02  1.165927076612E-19 -1.621045482381E-20  6.857164564378E-20 -1.655697070081E-03
  2.527681182462E+02  2.556196400198E+02  1.710440635481E+01  1.395572968530E-13 -8.994978792686E-02  2.949345996623E+02  6.297930249744E-01  7.187532995313E-01 -5.182473027098E-01 -4.553869351470E-04 -1.586085845285E+00  2.746694529265E+00  1.400765772751E-03 -5.107308924703E-02  4.967232347348E-02 -2.597749308850E-02 -1.604397282014E-03 -1.152010587116E-05  3.950958892114E-06 -2.028522757957E-05  6.549983304232E-02  1.152010595426E-05  1.087767178955E-02  1.662438395867E-19 -1.588362279236E-20  1.017697560328E-19 -1.590283368316E-03
  2.584711617935E+02  2.614082292204E+02  1.712753776639E+01  1.410103266791E-13 -8.610080285537E-02  2.957002914558E+02  6.292720795431E-01  7.139653239069E-01 -5.152288927590E-01 -5.569488270584E-04 -1.521112738059E+00  2.735019351057E+00  2.339046565707E-04 -4.780624842582E-02  4.757234376954E-02 -2.499646155914E-02 -1.578441933774E-03 -7.061114187242E-07  3.746562081397E-06 -4.374753352684E-06  6.278547177299E-02  7.061113778800E-07  1.046640458460E-02  1.310294715057E-19 -3.297686630047E-20  5.634351677228E-20 -1.545412442362E-03
  2.643452966473E+02  2.673704760971E+02  1.715055133040E+01  1.406402320991E-13 -8.222223980484E-02  2.964658119203E+02  6.286391132703E-01  7.103448501639E-01 -5.120297360253E-01 -5.775500907348E-04 -1.455448007462E+00  2.724116098682E+00 -9.845750061252E-04 -4.463037081061E-02  4.561494581697E-02 -2.438247071851E-02 -1.731102631299E-03 -1.828491412041E-06  2.812592809498E-06  1.325932181505E-06  6.040403412935E-02  1.828491387929E-06  9.500173084846E-03  1.245878581390E-19 -1.670017363657E-20  4.630563228962E-20 -1.494234204863E-03
  2.703956555468E+02  2.735115903800E+02  1.717325234636E+01  1.370599947194E-13 -7.883727518026E-02  2.972216943871E+02  6.278587262636E-01  7.080455434012E-01 -5.088739483238E-01 -6.595080389618E-04 -1.396741852319E+00  2.715825194744E+00 -2.271346099803E-03 -4.139798197797E-02  4.366932807782E-02 -2.343027605237E-02 -1.610257357576E-03 -4.965232431847E-06  1.854290583742E-06 -1.580139144203E-05  5.866970741139E-02  4.965232357346E-06  9.151600282457E-03  1.035910537279E-19 -1.462995330068E-20  3.169397968410E-20 -1.451622702392E-03
  2.766275252132E+02  2.798369380914E+02  1.719625539933E+01  1.326109771762E-13 -7.508516044331E-02  2.979886116462E+02  6.268693867986E-01  7.053672026327E-01 -5.055243017840E-01 -6.229574417098E-04 -1.331918075988E+00  2.711613859521E+00 -3.739679335688E-03 -3.780118476503E-02  4.154086410103E-02 -2.305410737480E-02 -1.797475880743E-03 -4.989368212885E-06  1.414590364005E-06 -1.568816456513E-05  5.720611905851E-02  4.989368114175E-06  1.000317406957E-02  1.295944864309E-19 -4.959115127882E-21  4.677936530402E-20 -1.426683041702E-03
  2.830463509696E+02  2.863520462341E+02  1.721917098416E+01  1.313078742959E-13 -7.081653763768E-02  2.987558742046E+02  6.257258822050E-01  7.029035282750E-01 -5.021659270769E-01 -6.164648873877E-04 -1.258163706458E+00  2.708779710069E+00 -4.754607620907E-03 -3.452594506517E-02  3.928055268625E-02 -2.272385128291E-02 -1.891057320993E-03  7.048045203592E-06 -2.904940595084E-07  4.404047427830E-06  5.509115884892E-02 -7.048045165534E-06  9.932743039349E-03  8.025961116141E-20 -2.159524103188E-20  8.137903489913E-20 -1.407753834091E-03
  2.896577414987E+02  2.930626076211E+02  1.724180172248E+01  1.316405618771E-13 -6.682754423255E-02  2.995144333941E+02  6.246928034133E-01  7.004700726415E-01 -4.986654807060E-01 -5.863209420271E-04 -1.190265631956E+00  2.706077416769E+00 -5.786091102570E-03 -3.139352761660E-02  3.717961872005E-02 -2.223666813819E-02 -1.798783108379E-03 -6.301794671660E-08 -2.328868364892E-06  2.639378669878E-06  5.284643462598E-02  6.301790000867E-08  9.062584503251E-03  1.634482537517E-19 -7.975041148116E-21  3.070415715029E-20 -1.371691190185E-03
  2.964674737436E+02  2.999744858498E+02  1.726414879612E+01  1.307776722563E-13 -6.307311958161E-02  3.002670153776E+02  6.237798191603E-01  6.988531790321E-01 -4.950894491227E-01 -5.564953690878E-04 -1.125818195044E+00  2.705191251388E+00 -6.887805111880E-03 -2.805528474554E-02  3.494308985644E-02 -2.172116378386E-02 -1.676919834360E-03 -3.150276636485E-06 -2.415226402959E-06 -1.410487339956E-05  5.238870372386E-02  3.150276640380E-06  9.455308042855E-03  1.490798387535E-19  7.605392768263E-25  7.462837187347E-22 -1.363538608371E-03
  3.034814979559E+02  3.070937204253E+02  1.728773949252E+01  1.287957252423E-13 -5.855255959520E-02  3.010633660387E+02  6.227559651838E-01  6.977970509378E-01 -4.912879309013E-01 -5.309327855238E-04 -1.048368326049E+00  2.712216729622E+00 -8.299034263168E-03 -2.455582517983E-02  3.285485944268E-02 -2.201422875469E-02 -1.999417886836E-03 -3.427268444146E-06 -1.984879784765E-06 -1.462129077791E-05  5.261790967973E-02  3.427268374791E-06  1.051289618971E-02  1.170891111310E-19 -1.638246093570E-20  1.326855069980E-20 -1.378391053362E-03
  3.107059428946E+02  3.144265320380E+02  1.731165354928E+01  1.239196511608E-13 -5.359368686834E-02  3.018717316828E+02  6.214447589136E-01  6.969108643683E-01 -4.874450147900E-01 -4.922337200674E-04 -9.630225804647E-01  2.723486675230E+00 -9.532730990914E-03 -2.118593140480E-02  3.071866239506E-02 -2.207590366801E-02 -2.369874502383E-03 -4.950626080338E-07 -1.608113364859E-06 -1.428120554094E-05  5.216567042127E-02  4.950625795384E-07  1.138887501950E-02  1.750838384317E-19 -1.996695294399E-20  1.445042833703E-20 -1.383613796545E-03
  3.181471211814E+02  3.219793279992E+02  1.733623252958E+01  1.144781104403E-13 -4.797234094246E-02  3.027055253022E+02  6.198584813292E-01  6.968781631590E-01 -4.834606748837E-01 -4.934517133199E-04 -8.656605085363E-01  2.733145573709E+00 -1.058331593250E-02 -1.810403194916E-02  2.868734788231E-02 -2.226718880880E-02 -2.765629864162E-03  1.572947225465E-08 -6.710726676697E-07 -1.182866578209E-05  5.212437196884E-02 -1.572964655669E-08  1.234339305019E-02  1.306413314742E-19 -3.173975638891E-20  2.237654857180E-20 -1.399006097252E-03
  3.258115348169E+02  3.297587078391E+02  1.736158610999E+01  1.041529258672E-13 -4.178980937060E-02  3.035663226113E+02  6.181108572596E-01  6.986468542507E-01 -4.793036625921E-01 -4.918235355546E-04 -7.596241241050E-01  2.742286652812E+00 -1.162239034422E-02 -1.498821803094E-02  2.661060837512E-02 -2.244603017026E-02 -3.045799002434E-03 -1.489993264087E-06 -6.484978919734E-07 -1.346964468448E-05  5.051664836454E-02  1.489993298660E-06  1.277444699623E-02  1.397016947006E-19 -2.977570685040E-20  1.672316211820E-20 -1.380836400205E-03
  3.337058808614E+02  3.377714690743E+02  1.738607652495E+01  9.408301394898E-14 -3.539417134282E-02  3.043991931389E+02  6.162160524152E-01  7.000609831952E-01 -4.750668175938E-01 -6.157187186163E-04 -6.488167333865E-01  2.757337560033E+00 -1.290440084983E-02 -1.181495701239E-02  2.471935786260E-02 -2.169171385270E-02 -3.289908097047E-03 -2.156770414637E-06 -8.827552285747E-07 -2.348216505239E-05  4.878024666713E-02  2.156770314280E-06  1.327268857482E-02  1.263548125967E-19 -1.952750384191E-20  2.351659385770E-20 -1.359081264258E-03
  3.418370572872E+02  3.460246131465E+02  1.741114713383E+01  8.601385691661E-14 -2.832683236811E-02  3.052534834952E+02  6.140460356024E-01  7.014810080167E-01 -4.704176018323E-01 -6.089039526144E-04 -5.262571866758E-01  2.775968036803E+00 -1.406481573461E-02 -8.619292507301E-03  2.268410824206E-02 -2.188350518335E-02 -3.542271196397E-03  5.624694660725E-07 -9.222736956854E-07 -2.595700658128E-05  4.872530355687E-02 -5.624694673170E-07  1.287967286868E-02  1.267847732442E-19 -1.318002051248E-20 -1.669063143796E-21 -1.369955517044E-03
  3.502121690058E+02  3.545253515409E+02  1.743706591562E+01  8.155307794818E-14 -2.192795293584E-02  3.061353061352E+02  6.117982256488E-01  7.026679876069E-01 -4.659356173522E-01 -8.997345857976E-04 -4.137333920461E-01  2.792946478245E+00 -1.502842486104E-02 -5.386337746038E-03  2.041476260771E-02 -2.201180630379E-02 -3.282698583585E-03  5.476352148107E-06 -7.389952621558E-07 -2.176982250814E-05  4.782704497934E-02 -5.476352204941E-06  1.285439338224E-02  5.111121858245E-20 -2.679413873060E-20  9.160973615883E-21 -1.374736481663E-03
  3.588385340760E+02  3.632811120872E+02  1.746271799667E+01  7.865865655580E-14 -1.447575774892E-02  3.070079532078E+02  6.091891560417E-01  7.041062406196E-01 -4.609015773479E-01 -8.138739264596E-04 -2.809127473353E-01  2.808501278899E+00 -1.614835182140E-02 -2.201124140006E-03  1.834947596117E-02 -2.198080153773E-02 -3.560771280176E-03  5.880197903833E-06  1.239537454961E-07 -1.615202736882E-05  4.771967183592E-02 -5.880197925704E-06  1.295370984806E-02  6.212648407041E-20 -2.777750022740E-20 -3.202772192781E-20 -1.390244537064E-03
  3.677236900983E+02  3.722995454498E+02  1.749005460703E+01  7.794943857053E-14 -7.522516952610E-03  3.079382059571E+02  6.059008382270E-01  7.048228943847E-01 -4.562263881166E-01 -9.552835470806E-04 -1.573932600033E-01  2.836400304280E+00 -1.720451088666E-02  1.073901729725E-03  1.613060915714E-02 -2.275524183152E-02 -3.323102755183E-03  6.488956168695E-06  1.231725905721E-06 -1.501981461955E-05  5.047364203704E-02 -6.488956165489E-06  1.157907319149E-02  1.072855999441E-19  1.442057491192E-20  1.539689461719E-20 -1.459073579071E-03
  3.768754008012E+02  3.815885318133E+02  1.752045111137E+01  7.752857210386E-14 -1.168647592225E-03  3.089792373545E+02  6.018307790724E-01  7.048085678474E-01 -4.506900465524E-01 -8.687333669838E-04 -4.319761093234E-02  2.869101398260E+00 -1.821035351855E-02  4.360436325576E-03  1.384991719326E-02 -2.369609280903E-02 -2.895226184671E-03  1.978026008423E-06  1.598478883820E-06 -1.624113716955E-05  5.134444562201E-02 -1.978025978123E-06  9.989909818207E-03  9.276277247167E-20 -9.400031043388E-21 -3.014350541661E-20 -1.471826030005E-03
  3.863016628253E+02  3.911561877677E+02  1.755058485280E+01  7.315371456743E-14  4.308107031333E-03  3.100122237263E+02  5.971211701824E-01  7.054931591029E-01 -4.455000343293E-01 -9.554442842709E-04  5.454464777486E-02  2.902132060383E+00 -1.903361740327E-02  7.639579101302E-03  1.139403830157E-02 -2.350044498326E-02 -2.576898397189E-03  2.342898738982E-06  7.380111040500E-08 -1.357425453776E-05  5.173636898830E-02 -2.342898783140E-06  1.064686676750E-02  9.881857019226E-20 -1.370874371658E-20 -3.050828668300E-20 -1.496491204268E-03
  3.960107127100E+02  4.010108734007E+02  1.758326727841E+01  6.859807513693E-14  1.177720242709E-02  3.111352405646E+02  5.918101337555E-01  7.073346144503E-01 -4.395867949291E-01 -6.616117328754E-04  1.887080970263E-01  2.934408033049E+00 -1.968313700733E-02  1.075034111455E-02  8.932795892404E-03 -2.455859006962E-02 -3.614718815614E-03  2.454855228332E-07 -1.996497397256E-06 -1.125700750332E-05  5.410103577367E-02 -2.454855580013E-07  1.042850921011E-02  7.100040163565E-20 -1.437094983368E-20 -1.668084321204E-20 -1.566405605821E-03
  4.060110340913E+02  4.111611996027E+02  1.761822759155E+01  7.020080928603E-14  1.732619531646E-02  3.123376793731E+02  5.857914507544E-01  7.085228857918E-01 -4.336356328544E-01 -6.642417896777E-04  2.888757552714E-01  2.972458927754E+00 -2.048182137599E-02  1.378769382632E-02  6.694127548747E-03 -2.546387967648E-02 -3.046282342463E-03  1.811192452234E-06 -3.504198118415E-06 -7.727814194847E-06  5.601668690468E-02 -1.811192414671E-06  8.195190362262E-03  9.242148802351E-20 -3.837338584540E-20 -1.555741544171E-20 -1.628649122295E-03
  4.163113651141E+02  4.216160355908E+02  1.765541787155E+01  7.390251373825E-14  2.226778077890E-02  3.136204573149E+02  5.789846514599E-01  7.081845481998E-01 -4.272167560292E-01 -4.090359226726E-04  3.809635031736E-01  3.017149970966E+00 -2.133727797355E-02  1.706066409472E-02  4.276613879155E-03 -2.666059039742E-02 -2.661888243110E-03  1.283763818908E-06 -5.999210271665E-06 -7.651405497964E-06  5.726199079926E-02 -1.283763824021E-06  7.366747483959E-03  7.668341629613E-20 -3.424482376770E-20 -3.397776642258E-20 -1.692082487904E-03
  4.269207060675E+02  4.323845166585E+02  1.769419250304E+01  7.672221538635E-14  2.701233642321E-02  3.149629463107E+02  5.715963324662E-01  7.048869712566E-01 -4.206750298674E-01 -3.337589465868E-04  4.689051322993E-01  3.054297109415E+00 -2.207351573216E-02  2.004814755814E-02  2.025368173893E-03 -2.741695833270E-02 -2.732980375507E-03 -1.546649911559E-06 -9.256134273966E-06 -4.065363490945E-06  5.812905455552E-02  1.546649967427E-06  7.932057358988E-03  6.281405177888E-20 -1.075256202487E-21 -4.754991808803E-20 -1.738785948417E-03
  4.378483272495E+02  4.434760521583E+02  1.773484619833E+01  8.118276999721E-14  3.304304897975E-02  3.163750717574E+02  5.638992578655E-01  7.021081969248E-01 -4.137483637906E-01 -1.236336025222E-04  5.795156883386E-01  3.102331801098E+00 -2.306119767987E-02  2.302939299107E-02  3.180468896477E-05 -2.826908144245E-02 -3.002528224634E-03 -1.824775046913E-06 -1.307407221094E-05 -6.010070470165E-06  5.953096822109E-02  1.824775016705E-06  7.284285863130E-03  3.202931765865E-20 -1.112134201053E-20 -5.884396445903E-20 -1.802455526782E-03
  4.491037770670E+02  4.549003337230E+02  1.777796679320E+01  8.557102653776E-14  3.726276662980E-02  3.178774676035E+02  5.558593028716E-01  6.974335072674E-01 -4.064091121288E-01 -2.525649363378E-04  6.564805819677E-01  3.150911063315E+00 -2.358888153976E-02  2.604412964772E-02 -2.455248107092E-03 -2.941322734862E-02 -2.744757745958E-03  3.819662810652E-06 -1.691659778668E-05 -8.921177516724E-06  6.156759433987E-02 -3.819662730744E-06  6.886648695991E-03  3.057303603588E-20 -3.925769919907E-20 -1.724479254484E-20 -1.880234930766E-03
  4.606968903790E+02  4.666673437347E+02  1.782404269239E+01  8.597786603041E-14  4.306878661053E-02  3.194868184482E+02  5.475027293370E-01  6.945362188970E-01 -3.986730372625E-01 -1.511470890865E-04  7.647229426539E-01  3.205233237356E+00 -2.413968979353E-02  2.919089122145E-02 -5.051201427993E-03 -3.094857295284E-02 -2.842566351158E-03  2.683642483582E-06 -1.760268556571E-05 -6.703362337507E-06  6.459530989342E-02 -2.683642455072E-06  5.685162707389E-03  1.187666753551E-20 -2.986175417387E-20 -2.042054228930E-20 -1.991557298523E-03
  4.726377970904E+02  4.787873640468E+02  1.787434727193E+01  7.891738420159E-14  4.580437408979E-02  3.212532712565E+02  5.391862584601E-01  6.888757515903E-01 -3.905975331005E-01 -2.944109772335E-04  8.142010543968E-01  3.259035035812E+00 -2.441088749666E-02  3.165694918936E-02 -7.246061692619E-03 -3.274001858475E-02 -1.737738995156E-03  5.182214868786E-07 -1.585172740598E-05  5.392609780949E-06  6.690325302520E-02 -5.182215395690E-07  4.978112970436E-03  4.970299691394E-20 -5.465032658345E-20 -4.272000490842E-20 -2.100581229610E-03
  4.849369310031E+02  4.912709849682E+02  1.792688942608E+01  6.552082372028E-14  5.076186944781E-02  3.230971710962E+02  5.314939197086E-01  6.823989563677E-01 -3.820475714678E-01 -2.472190381945E-04  9.031890287746E-01  3.316242230205E+00 -2.507691702006E-02  3.400044403493E-02 -8.923527014832E-03 -3.398228112585E-02 -2.470995839959E-03  3.400732704424E-06 -1.416159740673E-05  1.085892051950E-05  6.541885770595E-02 -3.400732703740E-06  4.336460018232E-03  4.881622318112E-20 -2.771412814189E-20 -5.799882149246E-20 -2.084922056415E-03
  4.976050389332E+02  5.041291145172E+02  1.797796538881E+01  4.575761297643E-14  5.266680043832E-02  3.248947399128E+02  5.239405726985E-01  6.737096926126E-01 -3.730969736757E-01 -5.200769284835E-04  9.369081865910E-01  3.375520913153E+00 -2.606670946285E-02  3.688354511620E-02 -1.081683565267E-02 -3.326383064719E-02 -1.419340320690E-03  2.655815761229E-06 -1.336476557756E-05  1.006446617392E-05  6.685401475169E-02 -2.655815868300E-06  3.342936414041E-03  7.004832085409E-20 -2.169640436312E-20 -4.413235053295E-20 -2.161936912704E-03
  5.106531901012E+02  5.173729879527E+02  1.803589478308E+01  2.970295421660E-14  5.619713230396E-02  3.269369578122E+02  5.164110072717E-01  6.605631016160E-01 -3.640069591192E-01 -4.057589963525E-04  1.003852436333E+00  3.444647351644E+00 -2.698616344014E-02  3.976211471001E-02 -1.277595126997E-02 -3.606510103408E-02 -2.056431035113E-03  7.790284419188E-06 -1.046085204179E-05  1.263989276317E-05  6.798084478274E-02 -7.790284460547E-06  5.875958409972E-03  2.748839707342E-20 -1.837910680489E-20 -5.061130494237E-20 -2.249077835288E-03
  5.240927858042E+02  5.310141775913E+02  1.809209222449E+01  2.564704236023E-14  6.253253958388E-02  3.289199911408E+02  5.089404209638E-01  6.516217288554E-01 -3.541277060497E-01 -5.161250402005E-04  1.123480105475E+00  3.518266778171E+00 -2.779939279065E-02  4.190786421919E-02 -1.410847142829E-02 -3.586970405816E-02 -2.868149300045E-03  2.230642719856E-06 -6.765207906901E-06  7.965692368227E-06  6.722628488839E-02 -2.230642717968E-06  6.245777110962E-03  1.164172500146E-20 -8.470910871849E-21 -5.054071486436E-20 -2.282309480254E-03
  5.379355693784E+02  5.450646029190E+02  1.815223238020E+01  2.463222334437E-14  6.703055920782E-02  3.310444594263E+02  5.010999020530E-01  6.406350067713E-01 -3.442157716039E-01 -1.794613276435E-04  1.213068030602E+00  3.586330483163E+00 -2.837197318021E-02  4.422845303735E-02 -1.585647985709E-02 -3.731169984231E-02 -2.161614108607E-03 -1.579827019741E-06 -5.757409541038E-06  5.170146652763E-06  6.751786591529E-02  1.579827026613E-06  3.795384018550E-03  4.383715515592E-20 -2.297255389671E-20 -5.746941067520E-20 -2.331917063524E-03
  5.521936364597E+02  5.595365410066E+02  1.821246179322E+01  1.857432032256E-14  6.934289807937E-02  3.331814596672E+02  4.930007417716E-01  6.303649373666E-01 -3.335875981601E-01  3.934792620426E-05  1.261697124871E+00  3.641166251853E+00 -2.859946103558E-02  4.515809274999E-02 -1.655863171462E-02 -3.697718908148E-02 -1.038273915065E-03 -6.326658302546E-07 -6.020811792574E-06 -1.962873163704E-06  6.717021904873E-02  6.326658105101E-07  1.347971693885E-03  1.154671041509E-20 -3.880617073424E-20 -4.863100149224E-20 -2.323173496913E-03
  5.668794455535E+02  5.743794455535E+02  1.827548923939E+01  1.046280307763E-14  6.951929359761E-02  3.354321244588E+02  4.844354169367E-01  6.176591677837E-01 -3.224750007870E-01  2.968513584718E-04  1.272406216663E+00  3.670695755457E+00 -2.845003476934E-02  4.560240716159E-02 -1.715237239245E-02 -3.721477075557E-02 -7.442929445606E-04 -8.210377860316E-06 -4.730147535993E-06 -7.249563110485E-06  6.603969793459E-02  8.210377843116E-06  4.335167947271E-05  8.239592103081E-21 -3.728101660607E-21 -2.041423137098E-20 -2.299392802827E-03
  5.818794455535E+02  5.893794455535E+02  1.833622570180E+01  5.684136032228E-15  6.941579255826E-02  3.376055064289E+02  4.754894005281E-01  6.032868688797E-01 -3.113075335014E-01  5.910313355885E-04  1.276466128507E+00  3.624942649362E+00 -2.763177507353E-02  4.423500380901E-02 -1.660322873453E-02 -3.578344015770E-02 -8.017890945670E-04 -6.744248418942E-06 -1.734686596391E-07 -1.047438313744E-05  6.360713666601E-02  6.744248405934E-06 -5.089262996331E-04  1.648309021698E-20 -1.395441117619E-20 -5.803403176747E-20 -2.191017963158E-03
  5.968794455535E+02  6.043794455535E+02  1.839476557383E+01  2.017337685789E-15  6.853436751532E-02  3.397063193191E+02  4.662304162211E-01  5.873472802937E-01 -3.000535151525E-01  9.162861671963E-04  1.270509537628E+00  3.585675666314E+00 -2.743312641940E-02  4.341106552583E-02 -1.597793910616E-02 -3.445334843417E-02 -6.756888910320E-04 -5.742682345464E-07  1.097777304069E-06 -1.258426357120E-05  6.251183413703E-02  5.742682287636E-07 -2.748420791290E-03  3.246214840161E-20 -1.093651042023E-20 -7.209950146629E-20 -2.141033863289E-03
  6.118794455535E+02  6.193794455535E+02  1.845346748149E+01 -3.617282399541E-15  6.423242115209E-02  3.418222156576E+02  4.574535265520E-01  5.709592933363E-01 -2.889803352181E-01  1.246626386779E-03  1.198502359134E+00  3.541561441398E+00 -2.719420035397E-02  4.268190363101E-02 -1.548770327675E-02 -3.386624962620E-02  5.924110088218E-04 -1.071463314092E-06 -6.267177282534E-07 -1.457838240788E-05  6.105077779978E-02  1.071463308032E-06 -5.593874051770E-03  1.317368647041E-20 -1.315647669779E-20 -7.649226452441E-20 -2.068381832077E-03
  6.268794455535E+02  6.343794455535E+02  1.850921733026E+01 -7.250750347354E-15  5.804718749541E-02  3.438330173906E+02  4.491229209918E-01  5.588358944049E-01 -2.775622072078E-01  1.460180599836E-03  1.088115314312E+00  3.512750166780E+00 -2.664632807139E-02  4.230077254760E-02 -1.565444447665E-02 -3.226965075535E-02  1.263197254194E-03 -5.788862957786E-07 -8.560809979920E-07 -8.642798590444E-06  5.952545763126E-02  5.788862849889E-07 -5.566036994994E-03  2.880201602402E-20 -5.293491196304E-20 -7.605379717471E-20 -1.999354942868E-03
  6.418794455535E+02  6.493794455535E+02  1.856506537690E+01 -5.946476528777E-15  5.376389410709E-02  3.458490223060E+02  4.410913610687E-01  5.502443254385E-01 -2.663314067063E-01  1.574007478262E-03  1.017271864063E+00  3.459853248683E+00 -2.605498278750E-02  4.129846027929E-02 -1.524347749245E-02 -3.141992895901E-02  1.045294766199E-03  2.201885932178E-06 -1.886926581316E-06 -1.914360188100E-06  5.610867425705E-02 -2.201885897204E-06 -6.100222694451E-03 -1.586718414918E-21 -4.280090389623E-20 -2.734056132933E-20 -1.878285376353E-03
  6.568794455535E+02  6.643794455535E+02  1.861444729721E+01 -4.988895292250E-15  4.654855034033E-02  3.476282675970E+02  4.325549730569E-01  5.402241831735E-01 -2.553195142893E-01  1.804713282810E-03  8.897100416109E-01  3.409553987486E+00 -2.544203744977E-02  4.037000566852E-02 -1.492796821932E-02 -2.876885215486E-02  1.931523232361E-03 -2.125220125937E-08 -2.185306090789E-06 -2.368610780885E-06  5.310129152793E-02  2.125218673936E-08 -7.806755676071E-03 -7.454076560548E-21 -1.423094868806E-20 -7.312950253483E-20 -1.763593941345E-03
  6.718794455535E+02  6.793794455535E+02  1.866462812675E+01 -7.612077056648E-15  3.911234068511E-02  3.494448117512E+02  4.234174659875E-01  5.347514250422E-01 -2.441004739513E-01  1.615101000776E-03  7.591168813337E-01  3.372598842592E+00 -2.468531238664E-02  3.961730721650E-02 -1.493199482935E-02 -2.794070409293E-02  2.310993043187E-03  4.490357196169E-06  5.589723374741E-07 -6.394163950462E-06  5.184044579523E-02 -4.490357173408E-06 -8.779860505113E-03 -2.357637569561E-20 -2.267045117261E-20 -5.230149891937E-20 -1.714438202061E-03
  6.868794455535E+02  6.943794455535E+02  1.871163020828E+01 -8.786536891588E-15  3.011786167311E-02  3.511519664421E+02  4.142208760217E-01  5.253419700084E-01 -2.332997074503E-01  1.591998343302E-03  5.968388206136E-01  3.328453973025E+00 -2.466155097040E-02  3.904378313865E-02 -1.438223216821E-02 -2.643978290265E-02  2.548028113847E-03  4.268947160500E-06  4.220964590259E-06 -7.378976464624E-06  4.621408878009E-02 -4.268947158855E-06 -1.008594152194E-02 -5.195447152543E-21 -2.213778458636E-20 -5.900185019433E-20 -1.549461255938E-03
  7.018794455535E+02  7.093794455535E+02  1.875130357066E+01 -6.623229164190E-15  2.023817417236E-02  3.525905211856E+02  4.049552598145E-01  5.193419464157E-01 -2.219630009849E-01  1.057768382858E-03  4.207594051329E-01  3.274176781130E+00 -2.441467344650E-02  3.821663852547E-02 -1.380196507946E-02 -2.291661293600E-02  3.601613575962E-03  2.801407343795E-07  4.841715798766E-06 -1.535990450195E-06  3.924874099933E-02 -2.801407128395E-07 -1.189634692444E-02 -3.729446498179E-21 -1.461239017841E-20 -3.239221908097E-20 -1.325717045153E-03
  7.168794455535E+02  7.243794455535E+02  1.878524261013E+01 -8.208280698659E-15  7.832549784977E-03  3.538190507733E+02  3.960071117840E-01  5.105668376466E-01 -2.110654632503E-01  6.152882751579E-04  1.887773074581E-01  3.221523032592E+00 -2.388722190322E-02  3.692957319023E-02 -1.304235128719E-02 -1.956759716017E-02  4.302332251101E-03 -5.121589747380E-06  4.148859263349E-06  5.237478111063E-06  3.261544101934E-02  5.121589724633E-06 -1.235514032469E-02  6.852482507514E-21 -2.202914260897E-20 -4.708662735345E-20 -1.115230471287E-03
  7.318794455535E+02  7.393794455535E+02  1.881243071154E+01 -1.157160767669E-14 -2.903742131925E-03  3.548014004108E+02  3.862184014758E-01  5.027279139785E-01 -1.998264662521E-01  1.585796650604E-04 -1.397188915143E-02  3.178007123004E+00 -2.375680987566E-02  3.614701762764E-02 -1.239020775234E-02 -1.666195093730E-02  3.495854514698E-03 -5.828354523427E-06  3.985809451843E-06  1.697480020865E-06  3.048892029626E-02  5.828354541171E-06 -1.098588971205E-02  6.859147545886E-21 -9.876803462695E-21 -3.037478437390E-20 -1.046495404688E-03
  7.468794455535E+02  7.543794455535E+02  1.884239153805E+01 -1.421903624936E-14 -1.275149785244E-02  3.558936800462E+02  3.753580402702E-01  4.923912296608E-01 -1.887884354761E-01 -2.169903750699E-04 -2.021747366128E-01  3.156160925257E+00 -2.330575052267E-02  3.601429011675E-02 -1.270853959433E-02 -1.713527115983E-02  3.568864333739E-03 -2.808311712974E-06  3.970327967638E-06  2.579192790847E-07  3.087913627348E-02  2.808311688691E-06 -9.853427029638E-03  2.078675659498E-20 -2.394675706635E-20 -4.524209889169E-20 -1.061548863867E-03
  7.618794455535E+02  7.693794455535E+02  1.887032333549E+01 -1.611622409599E-14 -2.140599607426E-02  3.569136368641E+02  3.642463762576E-01  4.808292248734E-01 -1.774103633046E-01 -6.085063808094E-04 -3.676910042008E-01  3.128534853562E+00 -2.284380125644E-02  3.538074566976E-02 -1.253694441350E-02 -1.633564235066E-02  3.203577832521E-03  2.585737161468E-07  4.472033637252E-06  2.433632296370E-08  2.938115349433E-02 -2.585737049306E-07 -9.039069396127E-03 -8.375177868049E-21 -1.685582582902E-20 -3.849104543532E-20 -9.776186961024E-04
  7.768794455535E+02  7.843794455535E+02  1.889748959701E+01 -1.449107847606E-14 -2.972733382907E-02  3.579086994591E+02  3.524047500400E-01  4.707568893996E-01 -1.664757014552E-01 -7.236913084409E-04 -5.313131213250E-01  3.092460862353E+00 -2.267207606523E-02  3.497022453272E-02 -1.229814846766E-02 -1.524014295252E-02  2.928589505566E-03  2.850340250099E-07  4.871450609388E-06  2.064689223874E-06  2.794820136101E-02 -2.850340077047E-07 -6.988109435781E-03 -1.028485277049E-20 -1.169802754211E-20 -3.320625279663E-20 -9.416945484486E-04
  7.918794455535E+02  7.993794455535E+02  1.892276770683E+01 -1.204024119988E-14 -3.449900424043E-02  3.588342500676E+02  3.393685066389E-01  4.563839393521E-01 -1.553074078251E-01 -8.963406924494E-04 -6.275863217811E-01  3.051166914241E+00 -2.258672857479E-02  3.424308957665E-02 -1.165636100134E-02 -1.461133973201E-02  2.002291166038E-03 -3.897749429771E-06  3.117102988066E-06  8.285661072291E-06  2.549305245071E-02  3.897749417504E-06 -6.836509430272E-03 -3.226299752435E-20 -9.364528908764E-21 -1.843775550877E-20 -8.551936148574E-04
  8.068794455535E+02  8.143794455535E+02  1.894531269880E+01 -1.042143657250E-14 -4.253004808522E-02  3.596591244784E+02  3.253692423305E-01  4.466313838982E-01 -1.442447824454E-01 -1.231112798740E-03 -7.829648034877E-01  3.028948279498E+00 -2.199239362508E-02  3.345947931222E-02 -1.146708568727E-02 -1.304798287857E-02  2.260884820199E-03 -3.677407570407E-06 -1.401789873434E-06  9.114510706514E-06  2.489214033014E-02  3.677407606922E-06 -7.898372936361E-03 -2.875321580565E-20 -8.717595156164E-21 -4.606081053919E-20 -8.186001651670E-04
  8.218794455535E+02  8.293794455535E+02  1.896942745318E+01 -7.360876376021E-15 -4.928188108589E-02  3.605501280287E+02  3.100281426447E-01  4.392739541391E-01 -1.333798568421E-01 -1.155681439600E-03 -9.167781913043E-01  2.996518971417E+00 -2.131695914175E-02  3.280300148321E-02 -1.148604234129E-02 -1.305651490416E-02  2.490092324536E-03 -2.015866684659E-06 -4.985428835011E-06  3.601975727170E-06  2.502226765537E-02  2.015866695178E-06 -9.059953038467E-03 -2.388529462813E-20 -1.319124869247E-20 -2.486348401761E-20 -8.162354255483E-04
  8.368794455535E+02  8.443794455535E+02  1.899222439000E+01 -6.372072574451E-15 -5.948854780972E-02  3.613921108514E+02  2.937379530132E-01  4.339410782529E-01 -1.220647942283E-01 -1.291813660726E-03 -1.116406667120E+00  2.980045606307E+00 -2.107295894293E-02  3.292686227769E-02 -1.185390333416E-02 -1.300791106588E-02  3.144818505596E-03  1.712282290084E-06 -4.422209338550E-06 -2.883397204060E-06  2.334864242459E-02 -1.712282265519E-06 -8.484138472470E-03 -2.015491963266E-20 -1.929147170991E-20 -4.682797294069E-20 -7.973111886799E-04
  8.518794455535E+02  8.593794455535E+02  1.901321060853E+01 -9.273859313587E-15 -6.518501149181E-02  3.621688674038E+02  2.767658403135E-01  4.291037481738E-01 -1.107156879366E-01 -9.105102434099E-04 -1.232101712408E+00  2.948556226346E+00 -2.075797834630E-02  3.262225742625E-02 -1.186427907955E-02 -1.236994279535E-02  1.774562396650E-03 -2.914948633672E-06 -1.253979025154E-06 -2.283663030770E-07  2.227636857492E-02  2.914948630053E-06 -6.882266682890E-03 -3.101249828974E-20 -2.033213893421E-20 -2.044642291748E-20 -7.515493260898E-04
  8.668794455535E+02  8.743794455535E+02  1.903398372168E+01 -1.242157013822E-14 -7.239486518406E-02  3.629397644492E+02  2.587317084989E-01  4.243524806778E-01 -9.915328321077E-02 -7.924098534008E-04 -1.375748652025E+00  2.925796092501E+00 -1.996017233328E-02  3.194110432286E-02 -1.198093198972E-02 -1.206991868490E-02  1.774774162905E-03 -3.311435803902E-06  1.943882333821E-06  4.629646587081E-06  2.280351831970E-02  3.311435825964E-06 -7.541321598175E-03 -2.551126382672E-20 -2.117564393284E-20 -9.153207073931E-21 -7.703718164603E-04
  8.818794455535E+02  8.893794455535E+02  1.905595920644E+01 -1.280682706874E-14 -7.933928526147E-02  3.637597626054E+02  2.396709109409E-01  4.251196674053E-01 -8.773633076400E-02 -3.893759415853E-04 -1.514258054105E+00  2.881811700664E+00 -1.940805940194E-02  3.107378200308E-02 -1.166572260090E-02 -1.229406177543E-02  1.513662705397E-03 -2.189888692988E-06  4.497356853907E-06 -2.367031092067E-06  2.164177169015E-02  2.189888694943E-06 -8.878317494959E-03 -1.101349607022E-20 -8.809476783292E-21  2.292331534643E-21 -7.332448225316E-04
  8.968794455535E+02  9.043794455535E+02  1.907456591335E+01 -1.238749800075E-14 -8.907243460170E-02  3.644558455008E+02  2.194791872083E-01  4.269946044456E-01 -7.588067795134E-02 -1.481549632952E-04 -1.704284174095E+00  2.847056187150E+00 -1.883304089970E-02  3.027857844166E-02 -1.144553754217E-02 -1.106806385729E-02  2.297508902012E-03  2.930512806096E-06  6.062866101850E-06 -1.152213304133E-06  2.243976544008E-02 -2.930512771285E-06 -6.985715386767E-03 -2.301739518445E-20 -1.521267764982E-20 -2.004972874825E-21 -7.047508877908E-04
  9.118794455535E+02  9.193794455535E+02  1.909804825848E+01 -1.349947309608E-14 -9.244420452071E-02  3.653373500014E+02  1.973568051287E-01  4.333213337402E-01 -6.430534907405E-02 -1.257797037762E-04 -1.774063981859E+00  2.822884137973E+00 -1.859364647252E-02  2.982404470712E-02 -1.123039823463E-02 -1.157340515782E-02  3.891954045633E-04  1.290892813106E-06  6.922755171096E-06  4.017734184497E-06  2.361771380343E-02 -1.290892828981E-06 -3.936228232978E-03 -2.046306490527E-20  4.622464379858E-21  2.938514192281E-22 -6.981026799558E-04
  9.268794455535E+02  9.343794455535E+02  1.911884729125E+01 -1.487305981498E-14 -9.642485896025E-02  3.661203561603E+02  1.724655377577E-01  4.352131022135E-01 -5.255732181458E-02  8.968173826341E-05 -1.850097024616E+00  2.807422930173E+00 -1.830011378425E-02  2.912251288604E-02 -1.082239910148E-02 -1.073781614749E-02  6.763201890645E-04 -2.932693232590E-06  7.880865714129E-06  4.887924544438E-06  2.401300156409E-02  2.932693258890E-06 -2.427711224214E-03 -2.665854991467E-20 -4.609067023610E-21 -1.438648292023E-20 -6.812989088657E-04
  9.418794455535E+02  9.493794455535E+02  1.914305391007E+01 -1.448421771700E-14 -9.697426116421E-02  3.670321287249E+02  1.435320723803E-01  4.452661642560E-01 -4.065274159560E-02 -6.109412772476E-05 -1.866563549450E+00  2.807241171085E+00 -1.777065578398E-02  2.897697101563E-02 -1.120631523217E-02 -1.131659065160E-02 -4.523461440105E-04  2.155426916880E-07  7.946396826520E-06  4.951913282359E-07  2.913838421362E-02 -2.155427054233E-07 -1.060665224073E-03 -1.492133484397E-20 -8.527858819407E-21  3.038488225574E-20 -7.601459404148E-04
  9.568794455535E+02  9.643794455535E+02  1.917349772242E+01 -1.202696268676E-14 -9.841173103079E-02  3.681865280365E+02  1.093838373658E-01  4.547117770666E-01 -2.891386594526E-02 -3.434468236122E-06 -1.898167834706E+00  2.846665183518E+00 -1.753165054843E-02  2.896551467898E-02 -1.143386413003E-02 -1.327296450693E-02 -2.328442635536E-04  3.861949038326E-06  5.029674741099E-06 -1.372011864267E-06  3.809178962996E-02 -3.861948986997E-06 -1.115639735463E-03 -1.093562909916E-20  6.792072645984E-21 -5.340118833202E-21 -9.539399294718E-04
  9.718794455535E+02  9.793794455535E+02  1.921450798144E+01 -7.446221662992E-15 -9.905413252970E-02  3.697684143306E+02  6.756570755787E-02  4.774508923792E-01 -1.659715939820E-02 -6.733246972696E-05 -1.916383142248E+00  3.041501304389E+00 -1.850536129606E-02  3.146281454489E-02 -1.295745324841E-02 -1.752010730696E-02 -2.063029722052E-05  9.966125967997E-07  1.487447911470E-06 -3.303152352035E-06  5.083838647603E-02 -9.966125905404E-07 -1.922051920976E-03 -2.562331623620E-20  8.477891701651E-21  2.941923681287E-20 -1.323965403354E-03
  9.868794455535E+02  9.943794455535E+02  1.926881640703E+01 -2.132740743270E-15 -1.020059942017E-01  3.719078350818E+02  1.401928049920E-02  5.420278075678E-01 -5.093745416957E-03 -5.533281440713E-06 -1.988058805807E+00  3.044882199479E+00 -2.166350223820E-02  3.378310930469E-02 -1.211960706711E-02 -2.144750463321E-02  4.656843617132E-04 -1.021344718891E-05  9.665756121758E-08 -5.520072422527E-06  2.897128892115E-02  1.021344722998E-05 -1.572054862422E-03 -2.119539276092E-20  1.958008101434E-21  4.800099026167E-20 -6.029362258959E-04
