                   y                  ym                   U                   V                   W                 U^2                 V^2                 W^2                  UV                  VW                  UW                VISC               SFSxx               SFSyy               SFSzz               SFSxy               SFSyz                dUdX                dVdX                dWdX                dUdY                dVdY                dWdY                dUdZ                dVdZ                dWdZ              SFSxym
 -4.000000000000E+00 -2.000000000000E+00  0.000000000000E+00  0.000000000000E+00  0.000000000000E+00  0.000000000000E+00  0.000000000000E+00  0.000000000000E+00  0.000000000000E+00  0.000000000000E+00  0.000000000000E+00  0.000000000000E+00  0.000000000000E+00  0.000000000000E+00  0.000000000000E+00  0.000000000000E+00  0.000000000000E+00  0.000000000000E+00  0.000000000000E+00  0.000000000000E+00  0.000000000000E+00  0.000000000000E+00  0.000000000000E+00  0.000000000000E+00  0.000000000000E+00  0.000000000000E+00  0.000000000000E+00
  2.220446049250E-16  2.000000000000E+00  9.668482105311E+00 -1.286768890225E-14 -1.355805852660E-01  9.722746660939E+01  8.979346114561E-02  1.206882720035E+00 -2.714061749660E-01 -2.659449331509E-03 -1.318723255236E+00  1.871866809101E+00 -4.944686360428E-03  2.105095641714E-02 -1.610627005487E-02 -9.422196183524E+00  9.192354735192E-02 -1.973317627590E-03 -1.844947360486E-04  6.825534895393E-05  4.356212135304E+01  1.973317627262E-03 -5.785356801882E-01  3.455573149126E-20 -4.715731741935E-21  2.540050194949E-20 -3.362931325110E-02
  4.000000000000E+00  6.000000000000E+00  1.211312177540E+01 -3.285245411937E-14 -1.537818911835E-01  1.513502036053E+02  3.615833480177E-01  1.328586833173E+00 -5.876615821551E-01 -1.764920766388E-03 -1.884147712099E+00  7.664816279345E+00  5.440747624272E-01 -4.671310807118E-01 -7.694368170321E-02 -2.748975867225E+00 -1.039027915290E-01  3.587325276157E-04 -3.008453904229E-04  8.314240309411E-05  6.349145499856E+00 -3.587325280013E-04 -3.522810124396E-02 -1.969567276140E-20  4.701572512850E-21  2.941164763578E-21 -1.799114241196E-01
  8.000000000000E+00  1.000000000000E+01  1.284232876136E+01 -4.267479638617E-14 -1.530805908551E-01  1.687619451982E+02  4.606256730960E-01  1.260819060240E+00 -5.648441161982E-01 -1.745467670692E-03 -1.988388111572E+00  8.117398372167E+00  2.676428072563E-01 -6.184068637444E-01  3.507640564902E-01 -1.326151604069E+00 -4.141280239970E-02  5.211459202525E-04 -1.762343043596E-04 -4.293034109878E-05  2.830183482291E+00 -5.211459204066E-04  1.142346191683E-02  1.974571568320E-20 -1.929406359821E-20  6.981422821924E-20 -8.043812798856E-02
  1.200000000000E+01  1.400000000000E+01  1.352827679082E+01 -4.535998414263E-14 -1.480681614913E-01  1.867864194987E+02  5.180778088254E-01  1.242556790744E+00 -6.156886190153E-01 -1.345601991095E-03 -2.025976527680E+00  8.003314237348E+00  2.548862969097E-01 -5.707851332777E-01  3.158988363711E-01 -1.269587940599E+00 -3.539624127288E-03  2.820087356253E-04 -1.032120480148E-04 -5.816532805782E-05  2.328896178147E+00 -2.820087363229E-04  2.089150571890E-02 -3.869158285729E-21 -8.096479469107E-21  7.074557260103E-20 -6.834421732088E-02
  1.600000000000E+01  1.800000000000E+01  1.400692205971E+01 -3.525422271819E-14 -1.427148662971E-01  1.997576862036E+02  5.623333335377E-01  1.230057164032E+00 -6.142565141029E-01 -1.598470685905E-03 -2.021695662086E+00  7.543682815660E+00  2.097040926622E-01 -5.139372500588E-01  3.042331573978E-01 -8.968372991742E-01 -2.086879440679E-03  1.767110838711E-04 -7.437692332458E-05 -8.407569121579E-06  1.790182218168E+00 -1.767110836259E-04  1.849472105103E-02  1.908087544089E-20  2.108932942723E-20  1.155065785586E-19 -5.161437468629E-02
  2.000000000000E+01  2.200000000000E+01  1.442308821432E+01 -1.425428980580E-14 -1.388595998519E-01  2.114935272936E+02  5.990681797212E-01  1.226141636752E+00 -6.286658349167E-01 -1.685889584907E-03 -2.023884832087E+00  7.241501133812E+00  1.871211111580E-01 -4.701322789017E-01  2.830111677415E-01 -7.683146007787E-01 -1.848572677605E-03  9.280041800097E-05 -4.917687006397E-05 -1.417140151812E-05  1.503175383934E+00 -9.280041877213E-05  1.346273740569E-02 -1.467695081441E-20 -3.293067682651E-20  6.811901182883E-20 -4.337792433298E-02
  2.400000000000E+01  2.600000000000E+01  1.475858507835E+01  5.826174684480E-15 -1.359574866263E-01  2.211790553390E+02  6.295674520491E-01  1.221944012430E+00 -6.294239223916E-01 -1.790780365550E-03 -2.026683953382E+00  6.909633756675E+00  1.628978110644E-01 -4.299334380570E-01  2.670356269917E-01 -6.193279679284E-01 -1.447386141894E-03  6.648793271043E-05 -3.203191404932E-05 -3.569324450886E-05  1.262789580049E+00 -6.648793233430E-05  1.030279010740E-02 -3.978389157347E-21  5.444319365325E-21  1.173277842493E-19 -3.609641004810E-02
  2.800000000000E+01  3.000000000000E+01  1.505455933555E+01  2.887787419493E-14 -1.336717983282E-01  2.299356630043E+02  6.545124872651E-01  1.217987810404E+00 -6.342444662065E-01 -1.761193170694E-03 -2.032032854405E+00  6.642653468352E+00  1.454736114340E-01 -3.974858759444E-01  2.520122645090E-01 -5.392417512809E-01 -1.657781421589E-03  4.305084450179E-05 -2.235728264328E-05  1.360249856703E-05  1.103854592266E+00 -4.305084454642E-05  8.121955336149E-03 -1.756772532918E-20 -1.575564149072E-20  1.288406583266E-19 -3.132809991219E-02
  3.200000000000E+01  3.400000000000E+01  1.531047974598E+01  5.784966429501E-14 -1.318295056555E-01  2.376412919171E+02  6.748184965862E-01  1.213347821243E+00 -6.341783404330E-01 -1.796945281833E-03 -2.037729421053E+00  6.391281866588E+00  1.303916605644E-01 -3.696238843430E-01  2.392322237797E-01 -4.644927737431E-01 -1.943967762839E-03  8.903453078108E-05 -1.410266627446E-05  5.008076154879E-06  9.710625197016E-01 -8.903453017656E-05  8.008287195338E-03  3.212289124339E-20 -3.678956982714E-21  7.558226604106E-20 -2.738475602635E-02
  3.600000000000E+01  3.800000000000E+01  1.554023557134E+01  8.073153069087E-14 -1.296917410647E-01  2.446799105745E+02  6.915058307575E-01  1.210250814525E+00 -6.354873736545E-01 -1.713690199550E-03 -2.035890757026E+00  6.170066991821E+00  1.185823527742E-01 -3.462033215785E-01  2.276209688058E-01 -4.130261355765E-01 -2.921884977028E-03  5.212399680576E-05 -1.288942038417E-05 -2.880766194925E-05  8.705398887678E-01 -5.212399710120E-05  9.249137255739E-03 -1.265067428023E-20 -6.960682982724E-21  9.178612683510E-20 -2.438807301995E-02
  4.000000000000E+01  4.200000000000E+01  1.574571957423E+01  9.234686554222E-14 -1.272790944075E-01  2.510626672194E+02  7.053356161334E-01  1.207085570866E+00 -6.346918280321E-01 -1.766175870940E-03 -2.025651065407E+00  5.969058030512E+00  1.074207412622E-01 -3.247056063134E-01  2.172848650548E-01 -3.681713255766E-01 -3.135072699049E-03  4.697594918067E-05 -1.358115567680E-05 -1.750690420836E-05  7.886235963757E-01 -4.697594907772E-05  9.905946987444E-03  3.668981927908E-20 -2.091935891970E-20  1.143162735799E-19 -2.196883547055E-02
  4.400000000000E+01  4.600000000000E+01  1.593444363615E+01  9.451750927064E-14 -1.247822816500E-01  2.569994337183E+02  7.167808495406E-01  1.203763319807E+00 -6.344019504760E-01 -1.700757241176E-03 -2.011881419893E+00  5.797323399838E+00  9.882064783399E-02 -3.065945828877E-01  2.077739350585E-01 -3.354285907928E-01 -3.402845635183E-03  5.351788496868E-05 -1.052438871816E-05  5.123193755202E-06  7.233418125278E-01 -5.351788522366E-05  9.953707618366E-03  5.979887009160E-20  6.582360880034E-21  1.214515878155E-19 -2.007732289743E-02
  4.800000000000E+01  5.000000000000E+01  1.610748113829E+01  1.052824445102E-13 -1.222454308913E-01  2.625053712966E+02  7.263276263483E-01  1.198966281010E+00 -6.329903452151E-01 -1.704766141254E-03 -1.995829037865E+00  5.641666178731E+00  9.221123348488E-02 -2.908039071615E-01  1.985926736780E-01 -3.069436077203E-01 -3.533938965838E-03 -1.779995837564E-05 -8.734821538589E-06 -2.778854182230E-06  6.697118956091E-01  1.779995831791E-05  1.109040693387E-02  5.964309005131E-20  1.311219534242E-20  1.184802263192E-19 -1.849696201264E-02
  5.200000000000E+01  5.400000000000E+01  1.626924347980E+01  1.382851911684E-13 -1.191909627944E-01  2.677095327036E+02  7.341448000880E-01  1.193590188491E+00 -6.317788004956E-01 -1.726189301625E-03 -1.969309729898E+00  5.498471128672E+00  8.519986876839E-02 -2.763504213234E-01  1.911505525526E-01 -2.851041166494E-01 -4.068238637886E-03 -7.932008251330E-06 -6.593888452210E-06 -3.291354529148E-05  6.276110270021E-01  7.932008698103E-06  1.182952419943E-02  7.844169095350E-20 -1.287527339303E-20  8.682419277405E-20 -1.720708848301E-02
  5.600000000000E+01  5.800000000000E+01  1.642120658275E+01  1.689155842109E-13 -1.163877361175E-01  2.726484762141E+02  7.403822810915E-01  1.187730759460E+00 -6.301299499841E-01 -1.733232230077E-03 -1.943995295209E+00  5.373677489608E+00  7.891711913324E-02 -2.638969323711E-01  1.849798132337E-01 -2.660094278365E-01 -3.745262204845E-03  2.253323266369E-05 -2.952838358518E-06 -3.314426616113E-05  5.904908705353E-01 -2.253323288797E-05  1.018198896140E-02  2.096438528815E-20 -7.029332465942E-21  9.642160148337E-20 -1.609378078948E-02
  6.000000000000E+01  6.200000000000E+01  1.656463446734E+01  1.926384173706E-13 -1.141403807016E-01  2.773541962617E+02  7.456531339736E-01  1.182071854523E+00 -6.285635625710E-01 -1.841085714078E-03 -1.925885646926E+00  5.252476455552E+00  7.399876457968E-02 -2.528463651738E-01  1.788476005976E-01 -2.489438688930E-01 -2.819146208180E-03  3.540284412440E-05 -2.285702442241E-06  9.950432201193E-06  5.570338488357E-01 -3.540284401592E-05  7.322186383690E-03  1.257737551882E-20 -6.477791429585E-21  1.467240449480E-19 -1.504723983069E-02
  6.400000000000E+01  6.600000000000E+01  1.669978478465E+01  2.139048168916E-13 -1.126729446403E-01  2.818257174629E+02  7.500794983444E-01  1.176923013922E+00 -6.266704267789E-01 -1.861579498052E-03 -1.919097907328E+00  5.135587461052E+00  6.897147677420E-02 -2.417898194209E-01  1.728183426471E-01 -2.325123039455E-01 -1.904332861439E-03  1.510431203937E-05 -1.758293833854E-06  1.584498536579E-05  5.270413104842E-01 -1.510431326087E-05  5.841194424090E-03  9.025963046833E-21  8.097213130465E-22  1.217926197107E-19 -1.409997588506E-02
  6.800000000000E+01  7.000000000000E+01  1.682810181988E+01  2.396584974744E-13 -1.111332259333E-01  2.861056851756E+02  7.535211183066E-01  1.171460914907E+00 -6.248570943091E-01 -1.852024283589E-03 -1.909002607527E+00  5.030024439776E+00  6.481027110476E-02 -2.324967388099E-01  1.676864677050E-01 -2.188108693950E-01 -2.473063379478E-03 -9.896164850739E-07  5.524274366229E-07 -3.369712886969E-06  5.011746701921E-01  9.896179112693E-07  7.567962402519E-03 -1.038367032531E-20  7.503719491853E-21  1.312354049544E-19 -1.329136457644E-02
  7.200000000000E+01  7.400000000000E+01  1.695035399976E+01  2.633293553553E-13 -1.088607047218E-01  2.902132285694E+02  7.560130652903E-01  1.166342068216E+00 -6.227850113657E-01 -1.908831983493E-03 -1.886222395559E+00  4.931805162546E+00  6.126894956058E-02 -2.241099998929E-01  1.628410503288E-01 -2.067604760220E-01 -3.108010599726E-03 -1.268529865591E-05  4.131674509384E-06 -7.421368175172E-06  4.780743176065E-01  1.268529833220E-05  1.045217333386E-02 -1.145155552240E-21  7.378032812984E-21  1.173770320099E-19 -1.258096317620E-02
  7.600000000000E+01  7.800000000000E+01  1.706716629557E+01  2.767225330535E-13 -1.059520665810E-01  2.941679300079E+02  7.576886300839E-01  1.161212394065E+00 -6.208364711489E-01 -1.959508541243E-03 -1.851049870968E+00  4.837768108038E+00  5.820361597859E-02 -2.161870715560E-01  1.579834555783E-01 -1.957367455981E-01 -3.516738933534E-03 -1.350123982608E-05  8.199636022919E-06  7.679781096807E-06  4.558940673942E-01  1.350124030006E-05  1.227920708072E-02  5.965198046441E-20 -1.184309686236E-20  1.326006640807E-19 -1.189696752889E-02
  8.000000000000E+01  8.200000000000E+01  1.717833735056E+01  2.808029782005E-13 -1.028015694544E-01  2.979571050322E+02  7.587735435499E-01  1.157765599533E+00 -6.186319093637E-01 -2.072200752236E-03 -1.810733108259E+00  4.747785468344E+00  5.507800457009E-02 -2.084551875279E-01  1.533771829580E-01 -1.849629915456E-01 -3.493745805706E-03  3.883826790375E-06  1.121582790399E-05  2.711205556532E-05  4.355552445597E-01 -3.883827027100E-06  1.279134452171E-02  2.083228187952E-20 -3.505777788523E-20  1.334509522213E-19 -1.126935636224E-02
  8.400000000000E+01  8.600000000000E+01  1.728496286376E+01  2.910827803158E-13 -9.953277801232E-02  3.016157617473E+02  7.593512818023E-01  1.155942597449E+00 -6.164944275875E-01 -2.130987197079E-03 -1.767175559654E+00  4.666668070920E+00  5.208156358440E-02 -2.017442961494E-01  1.496627325641E-01 -1.757843939694E-01 -3.648571554452E-03  7.955808757295E-06  1.313971111188E-05  7.978501867288E-06  4.171462999194E-01 -7.955808661001E-06  1.283488441079E-02  7.273266424943E-21 -2.660568984153E-20  1.033236901109E-19 -1.070485742250E-02
  8.800000000000E+01  9.000000000000E+01  1.738689292437E+01  3.277757092551E-13 -9.629637952952E-02  3.051349972305E+02  7.595442629588E-01  1.155408992432E+00 -6.141924833196E-01 -2.283428374443E-03 -1.723169793695E+00  4.589915749892E+00  4.920129398211E-02 -1.952733861747E-01  1.460720921909E-01 -1.669603410928E-01 -3.948082618989E-03  8.563132672529E-06  1.457196932393E-05  6.107558994726E-06  3.986288263668E-01 -8.563132695732E-06  1.365477530342E-02  8.296916922221E-20  1.029677374090E-20  1.624522594304E-19 -1.017019508537E-02
  9.200000000000E+01  9.400000000000E+01  1.748426119769E+01  3.487714178132E-13 -9.269298476823E-02  3.085172639995E+02  7.595735057231E-01  1.154417558575E+00 -6.119434948689E-01 -2.387060048406E-03 -1.671300977528E+00  4.516862658401E+00  4.675565101364E-02 -1.893725705707E-01  1.426169195584E-01 -1.584586298559E-01 -4.345887462874E-03  1.314983191817E-05  1.498145745243E-05  3.850522724607E-05  3.821966446688E-01 -1.314983164274E-05  1.451082906788E-02  1.154927032556E-19  1.792393504590E-20  1.505148518564E-19 -9.689403537561E-03
  9.600000000000E+01  9.800000000000E+01  1.757799765995E+01  3.592697147449E-13 -8.905960360782E-02  3.117904446171E+02  7.594284708959E-01  1.153183655950E+00 -6.095682581791E-01 -2.581435250833E-03 -1.618099872546E+00  4.446751823489E+00  4.506118234607E-02 -1.842630643869E-01  1.392018820404E-01 -1.514969189488E-01 -4.572206201702E-03  2.201052463418E-05  1.383271244651E-05  1.543244305967E-05  3.691308789770E-01 -2.201052461572E-05  1.483615569148E-02  2.469178417985E-20 -6.751616926834E-21  1.242820495652E-19 -9.264443704579E-03
  1.000000000000E+02  1.020000000000E+02  1.766878753176E+01  3.973516711338E-13 -8.533164945259E-02  3.149807802218E+02  7.591991094366E-01  1.150437990739E+00 -6.071620906967E-01 -2.737091595478E-03 -1.562346550803E+00  4.383131718148E+00  4.334670621159E-02 -1.794286061166E-01  1.360818999044E-01 -1.452721819816E-01 -4.940172876628E-03  1.906045122547E-05  1.262196875369E-05 -9.698316323742E-06  3.569341550131E-01 -1.906045109461E-05  1.560208789888E-02  3.261832987966E-20 -1.691317849942E-20  1.783170396054E-19 -8.894559036322E-03
  1.040000000000E+02  1.060000000000E+02  1.775644988429E+01  4.169461375551E-13 -8.130985111166E-02  3.180747338265E+02  7.589757956620E-01  1.146454705500E+00 -6.046508388601E-01 -2.976865589785E-03 -1.500123946407E+00  4.323187257121E+00  4.174755805387E-02 -1.749367301807E-01  1.331891721273E-01 -1.396654773050E-01 -5.204685562746E-03 -1.053058560643E-05  1.069020494335E-05  1.299924811196E-05  3.453144112650E-01  1.053058580884E-05  1.646876040693E-02  2.181978004735E-20 -2.684934743778E-20  1.484502398271E-19 -8.559297130186E-03
  1.080000000000E+02  1.100000000000E+02  1.784143119581E+01  4.057511202027E-13 -7.710381984865E-02  3.210881971620E+02  7.588340622283E-01  1.141728107973E+00 -6.022149918120E-01 -3.207231512100E-03 -1.433117130207E+00  4.262503047696E+00  3.946108034832E-02 -1.698656909996E-01  1.304046106513E-01 -1.344059986786E-01 -5.097962857382E-03 -1.700430355497E-05  8.991939303917E-06  1.848735209968E-05  3.351621940109E-01  1.700430373301E-05  1.741952392954E-02  2.840826062261E-20  7.328442549241E-23  1.622027691232E-19 -8.232281940504E-03
  1.120000000000E+02  1.140000000000E+02  1.792395997715E+01  4.100788213053E-13 -7.261305350797E-02  3.240260552572E+02  7.587513532177E-01  1.136579707163E+00 -5.997240043913E-01 -3.414910240727E-03 -1.359161379775E+00  4.200370209265E+00  3.724766619877E-02 -1.648187491737E-01  1.275710829755E-01 -1.291538927975E-01 -5.419851873308E-03  1.561749619602E-05  9.395047487178E-06  9.120980704762E-06  3.239725078537E-01 -1.561749623504E-05  1.809200401449E-02  6.002406499433E-20  1.209773616560E-21  1.373222671166E-19 -7.898087228350E-03
  1.160000000000E+02  1.180000000000E+02  1.800340142835E+01  4.107388117414E-13 -6.803891010364E-02  3.268656838654E+02  7.585895977060E-01  1.131820589469E+00 -5.972197704398E-01 -3.668036373329E-03 -1.282098443537E+00  4.141276741226E+00  3.554353223759E-02 -1.603591319111E-01  1.248155996757E-01 -1.237889776487E-01 -5.457553742976E-03  1.905423329493E-05  9.733802151719E-06  6.156973387431E-06  3.133822402205E-01 -1.905423301732E-05  1.849591481677E-02  6.582029009386E-20 -3.106561587785E-21  1.328108707157E-19 -7.599319079503E-03
  1.200000000000E+02  1.220000000000E+02  1.808067668005E+01  4.007083088374E-13 -6.334256954757E-02  3.296405161097E+02  7.581613534856E-01  1.127612062300E+00 -5.946668006680E-01 -3.973207476655E-03 -1.201975953978E+00  4.087543191398E+00  3.406767447669E-02 -1.565667140506E-01  1.224990395726E-01 -1.192922297667E-01 -5.814521200626E-03 -2.241378440648E-06  9.171320246238E-06 -1.427381540808E-05  3.039141268771E-01  2.241378497213E-06  1.830825234254E-02  5.878729468154E-20  1.200679832106E-20  1.061863287998E-19 -7.303014128298E-03
  1.240000000000E+02  1.260000000000E+02  1.815536045677E+01  4.047790913217E-13 -5.892942375311E-02  3.323333728722E+02  7.575335280791E-01  1.123800729491E+00 -5.921303395112E-01 -4.295221656738E-03 -1.125994700887E+00  4.032332507883E+00  3.242963721067E-02 -1.525853261751E-01  1.201556889631E-01 -1.145663897791E-01 -5.646910679505E-03 -1.004558577517E-05  8.190137830322E-06 -1.328146078221E-05  2.949132213225E-01  1.004558583351E-05  1.681515133781E-02  1.910638926839E-20  1.695205406015E-20  1.817247302025E-19 -7.034666128658E-03
  1.280000000000E+02  1.300000000000E+02  1.822817145571E+01  3.957403779675E-13 -5.502342536712E-02  3.349709561609E+02  7.567525652042E-01  1.120752378497E+00 -5.894200881393E-01 -4.606478370023E-03 -1.058165073976E+00  3.983500782235E+00  3.123614230874E-02 -1.490619393049E-01  1.178257969972E-01 -1.103649414512E-01 -5.415443813834E-03 -3.275459014388E-06  5.810033222276E-06  6.652855148990E-06  2.862870774851E-01  3.275458336935E-06  1.492547823037E-02  3.714038024752E-20 -1.998162236371E-20  1.389973988399E-19 -6.781189516922E-03
  1.320000000000E+02  1.340000000000E+02  1.829851007749E+01  3.760200154718E-13 -5.152249028971E-02  3.375266858947E+02  7.558479919066E-01  1.118066597454E+00 -5.868336205849E-01 -5.017979241185E-03 -9.979710328514E-01  3.937327635035E+00  3.045684494031E-02 -1.459355886409E-01  1.154787436993E-01 -1.065274813866E-01 -4.843261313979E-03 -8.787090576490E-06  4.226784623781E-06  1.678708472579E-05  2.767402203909E-01  8.787091197671E-06  1.352149530984E-02  1.704847644264E-20 -2.382523875044E-20  1.527344073980E-19 -6.531347306397E-03
  1.360000000000E+02  1.380000000000E+02  1.836646845551E+01  4.049989871825E-13 -4.823804679753E-02  3.400048515259E+02  7.547844454206E-01  1.114777249648E+00 -5.841604961083E-01 -5.430467987322E-03 -9.424571006477E-01  3.885918903996E+00  2.943537951838E-02 -1.422971502943E-01  1.128617707755E-01 -1.023971950633E-01 -4.022485360220E-03  2.864903989420E-07  5.927528362768E-06  6.579206030127E-06  2.667145508014E-01 -2.864908487585E-07  1.261277093467E-02  2.045191228043E-20 -2.086250774321E-20  1.105908421962E-19 -6.272528384174E-03
  1.400000000000E+02  1.420000000000E+02  1.843186278206E+01  4.510568625780E-13 -4.517204122296E-02  3.423991165553E+02  7.535215509163E-01  1.111055620350E+00 -5.815176698651E-01 -5.809717906538E-03 -8.909705334064E-01  3.836953562739E+00  2.850816835554E-02 -1.388567960962E-01  1.103486277391E-01 -9.823572060037E-02 -3.690217096410E-03  7.957482111800E-06  7.457165015343E-06 -2.118788012114E-05  2.570020588217E-01 -7.957480949891E-06  1.234355499483E-02  8.823811059343E-20 -7.402164748787E-21  1.301298071387E-19 -6.024614138032E-03
  1.440000000000E+02  1.460000000000E+02  1.849508217266E+01  4.633621189289E-13 -4.209460448000E-02  3.447209078268E+02  7.521009203022E-01  1.106990298087E+00 -5.788176942593E-01 -6.194802099496E-03 -8.387109625549E-01  3.789110228929E+00  2.741992303280E-02 -1.355688760593E-01  1.081489530267E-01 -9.445646248642E-02 -3.660480208296E-03  3.819953337344E-06  4.648814040224E-06 -2.481633944246E-05  2.492769865530E-01 -3.819953283827E-06  1.268495631307E-02  6.767590159176E-20 -4.159439188247E-22  1.372347176415E-19 -5.799232393358E-03
  1.480000000000E+02  1.500000000000E+02  1.855656439870E+01  4.741126241603E-13 -3.890221920391E-02  3.469860475324E+02  7.505857793694E-01  1.102793767222E+00 -5.761395163747E-01 -6.604537235122E-03 -7.836400320944E-01  3.744887379449E+00  2.654426624108E-02 -1.328234848734E-01  1.062792186329E-01 -9.107978372447E-02 -3.849750857630E-03  6.754130477578E-06  4.264150754112E-07  5.536886358283E-06  2.427406619255E-01 -6.754130082980E-06  1.233986750031E-02  7.931981451619E-21 -1.000916938057E-20  1.159293993924E-19 -5.594180824883E-03
  1.520000000000E+02  1.540000000000E+02  1.861642709442E+01  4.797457049677E-13 -3.591897799476E-02  3.491982554283E+02  7.490264183047E-01  1.097508639644E+00 -5.733911798839E-01 -7.051738906771E-03 -7.320352399969E-01  3.703278940313E+00  2.568891691132E-02 -1.300442465401E-01  1.043553296284E-01 -8.800410529134E-02 -3.723236971071E-03  6.488202675773E-06 -1.037805206752E-06  1.500023927855E-05  2.366370156590E-01 -6.488202754262E-06  1.174760440922E-02  1.174967150728E-19  1.990400045867E-20  1.564485343052E-19 -5.414154235723E-03
  1.560000000000E+02  1.580000000000E+02  1.867486030387E+01  4.684767614347E-13 -3.292971303663E-02  3.513636285548E+02  7.474647402133E-01  1.091663364476E+00 -5.706413701715E-01 -7.486696962884E-03 -6.789675277124E-01  3.662156804165E+00  2.502343839531E-02 -1.272786969624E-01  1.022552585680E-01 -8.519845451757E-02 -3.729827306805E-03  1.517802609533E-06 -1.168688243315E-06  5.937448387156E-06  2.312405515955E-01 -1.517802656724E-06  1.149594829610E-02  3.698141431923E-20  3.399056777853E-21  1.352451663539E-19 -5.251641470973E-03
  1.600000000000E+02  1.620000000000E+02  1.873202431223E+01  4.618178264572E-13 -3.008944982490E-02  3.534875118612E+02  7.458960595214E-01  1.084443742460E+00 -5.678447991027E-01 -7.929163455296E-03 -6.274566610170E-01  3.619681059522E+00  2.437075590304E-02 -1.247413496653E-01  1.003705937614E-01 -8.282694583410E-02 -3.584385457600E-03  1.341074724492E-05 -1.076273900340E-06 -4.998169737247E-06  2.258322974788E-01 -1.341074739433E-05  1.096179789172E-02  8.241582801716E-20 -4.001442123473E-21  1.077700446502E-19 -5.098462955295E-03
  1.640000000000E+02  1.660000000000E+02  1.878777223057E+01  4.432844993851E-13 -2.743612854234E-02  3.555644989908E+02  7.443408392784E-01  1.076549579204E+00 -5.650929640057E-01 -8.362717847732E-03 -5.781203411649E-01  3.578715210965E+00  2.358774276714E-02 -1.222008514683E-01  9.861310870076E-02 -8.017729082174E-02 -3.277946048466E-03  8.566474696206E-06 -8.475493328767E-07 -1.235691784025E-05  2.193950600827E-01 -8.566474907372E-06  1.037756027115E-02  3.605831610559E-20  1.093433756895E-21  1.096956172966E-19 -4.921810232557E-03
  1.680000000000E+02  1.700000000000E+02  1.884170793161E+01  4.117058609541E-13 -2.492683549265E-02  3.575781839728E+02  7.428186089783E-01  1.068474098891E+00 -5.622815003721E-01 -8.815328287353E-03 -5.308097033989E-01  3.535587858692E+00  2.276388660902E-02 -1.194187951439E-01  9.665490853564E-02 -7.730185541133E-02 -2.951143046485E-03  1.188330563882E-05  1.501518063149E-07 -4.936423839496E-06  2.123443226797E-01 -1.188330597896E-05  9.403634152680E-03  8.708775660536E-20  2.720159345443E-20  1.651497433875E-19 -4.750345500004E-03
  1.720000000000E+02  1.740000000000E+02  1.889393365903E+01  3.989801359664E-13 -2.274858697426E-02  3.595326198817E+02  7.411797760213E-01  1.060867857312E+00 -5.595085851673E-01 -9.246793466234E-03 -4.897095164863E-01  3.497236740720E+00  2.214925097017E-02 -1.170579341373E-01  9.490868316607E-02 -7.468023393139E-02 -2.610019720576E-03  1.526792641044E-05  1.274301911984E-06  6.076827602662E-06  2.071477636944E-01 -1.526792672129E-05  7.437500228356E-03  4.660047470681E-20  2.224082971646E-20  1.186786981990E-19 -4.605325011086E-03
  1.760000000000E+02  1.780000000000E+02  1.894532725339E+01  3.857942495559E-13 -2.120941799571E-02  3.614609649128E+02  7.393547908295E-01  1.053338898844E+00 -5.566448711932E-01 -9.686270565035E-03 -4.607116322656E-01  3.459353516486E+00  2.162378170640E-02 -1.147973207426E-01  9.317353903611E-02 -7.258309661321E-02 -2.022604929324E-03 -6.075230044722E-06  1.070880080363E-06  9.417306139561E-06  2.014241584858E-01  6.075229556536E-06  5.078931947919E-03  3.377708008371E-20 -2.479090322172E-20  1.587576779361E-19 -4.451779418312E-03
  1.800000000000E+02  1.820000000000E+02  1.899463743743E+01  3.549683377096E-13 -2.019022768876E-02  3.633152710864E+02  7.374846418593E-01  1.046325225826E+00 -5.538909853185E-01 -1.011449756728E-02 -4.407098942841E-01  3.423290192285E+00  2.094364746351E-02 -1.126508097178E-01  9.170716225412E-02 -6.991268558860E-02 -1.460926715191E-03 -9.603774684451E-06  2.175433620975E-06  9.678700334504E-06  1.950560111848E-01  9.603774580668E-06  3.380751295043E-03  4.280876672981E-20 -1.405707727881E-20  1.023641485941E-19 -4.302352360869E-03
  1.840000000000E+02  1.860000000000E+02  1.904281475910E+01  3.287568995971E-13 -1.946784507300E-02  3.651307766596E+02  7.357661316522E-01  1.038817785008E+00 -5.509917886670E-01 -1.054953404851E-02 -4.265861395883E-01  3.388282915658E+00  2.027175513717E-02 -1.108231649366E-01  9.055140979957E-02 -6.775479522811E-02 -1.286946919061E-03  5.606148094890E-07  5.617864694842E-06 -2.032637384335E-06  1.884407384716E-01 -5.606151705731E-07  2.482406834158E-03  1.322399135225E-19 -2.407677584451E-20  1.110667142502E-19 -4.142337175794E-03
  1.880000000000E+02  1.900000000000E+02  1.908888843477E+01  3.067088388820E-13 -1.894116724131E-02  3.668710711753E+02  7.342383749749E-01  1.031952643929E+00 -5.482565326024E-01 -1.099027267721E-02 -4.161125805834E-01  3.351936559780E+00  1.958390082131E-02 -1.088387990999E-01  8.925489827912E-02 -6.463183382140E-02 -1.159022799127E-03  1.040830276890E-05  8.524229737686E-06 -1.059467427237E-05  1.821817328034E-01 -1.040830289175E-05  1.134073784083E-03  3.866040491282E-20 -1.032786369593E-20  1.184270569940E-19 -3.972813011773E-03
  1.920000000000E+02  1.940000000000E+02  1.913394782818E+01  2.795251929227E-13 -1.892489806753E-02  3.685753940570E+02  7.328216223369E-01  1.024092901315E+00 -5.452830336716E-01 -1.147249132977E-02 -4.146018637773E-01  3.313792360708E+00  1.899586781487E-02 -1.065218864609E-01  8.752601864683E-02 -6.249876305545E-02 -4.114808537991E-04 -2.917476901985E-06  9.868565600723E-06 -7.395115075359E-06  1.776157273774E-01  2.917476957496E-06 -1.039272587610E-03  5.684451879586E-20 -1.805647775982E-20  7.660318310666E-20 -3.826338843742E-03
  1.960000000000E+02  1.980000000000E+02  1.917770132831E+01  2.586146077381E-13 -1.944335734677E-02  3.702343209122E+02  7.314381231225E-01  1.016692444922E+00 -5.426256771428E-01 -1.184955568240E-02 -4.227178609663E-01  3.284820046000E+00  1.855494049840E-02 -1.046406009678E-01  8.608566046952E-02 -6.000204476111E-02 -2.465533619526E-04 -9.117277643852E-06  1.069223815867E-05 -1.464775587054E-05  1.743827356549E-01  9.117277259635E-06 -2.619697145630E-03  6.467134679358E-20 -3.553235364083E-20  1.024831759548E-19 -3.698001342218E-03
  2.000000000000E+02  2.020600000000E+02  1.922111225567E+01  2.383423377642E-13 -2.022274558455E-02  3.718818116063E+02  7.298775373983E-01  1.009537144221E+00 -5.395814302764E-01 -1.229602214689E-02 -4.354310532226E-01  3.255551193651E+00  1.739462389398E-02 -1.013370719554E-01  8.394244806196E-02 -5.857029606644E-02  3.087392475751E-04  2.857428150162E-06  1.232473528104E-05 -1.603595698421E-05  1.693218186518E-01 -2.857428398459E-06 -3.689250092122E-03  4.545216582955E-20 -5.774638813883E-21  1.182484011028E-19 -3.625241966505E-03
  2.041200000000E+02  2.062418000000E+02  1.926487950630E+01  2.095151991714E-13 -2.134659142219E-02  3.735469978676E+02  7.283737166015E-01  1.003138668225E+00 -5.366482044846E-01 -1.270533883072E-02 -4.547842424086E-01  3.226833570896E+00  1.589075616877E-02 -9.762157029656E-02  8.173081412781E-02 -5.748027906436E-02  4.956260776909E-04  3.159148139482E-06  1.418691111209E-05 -1.369507192485E-05  1.649868463735E-01 -3.159148455641E-06 -4.410154169319E-03  2.425108729231E-20  3.661895543008E-21  1.451735985900E-19 -3.535618708024E-03
  2.083636000000E+02  2.105490540000E+02  1.930862847625E+01  1.802708908076E-13 -2.253278561326E-02  3.752131945118E+02  7.267893743815E-01  9.966202069106E-01 -5.334928831921E-01 -1.313530476735E-02 -4.746647674071E-01  3.198171560288E+00  1.430465580422E-02 -9.355415813776E-02  7.924950233343E-02 -5.581799635924E-02  6.771741660016E-04  3.133417358373E-06  1.509615439405E-05 -1.442617186639E-05  1.602588911735E-01 -3.133418189585E-06 -4.402833960761E-03  7.809132367085E-20 -2.168453461211E-20  9.993882454801E-20 -3.449641578049E-03
  2.127345080000E+02  2.149855256200E+02  1.935245722942E+01  1.410403425994E-13 -2.373270331076E-02  3.768858167309E+02  7.250336530061E-01  9.903943565228E-01 -5.303886560993E-01 -1.353564657181E-02 -4.950145912313E-01  3.173546283400E+00  1.311102251040E-02 -8.995337234874E-02  7.684234983822E-02 -5.463935695273E-02  8.125145920243E-04  8.582627942421E-06  1.488165535695E-05 -4.069291826478E-06  1.565308301968E-01 -8.582628022363E-06 -4.621672536738E-03  6.339642840843E-20 -2.038227091429E-20  7.092156793301E-20 -3.389985931189E-03
  2.172365432400E+02  2.195550913886E+02  1.939675261452E+01  1.009451012363E-13 -2.511840929575E-02  3.785784803599E+02  7.231238122178E-01  9.839439275155E-01 -5.270968775062E-01 -1.394960541071E-02 -5.194062667487E-01  3.153440755143E+00  1.220518903684E-02 -8.659891204706E-02  7.439372300953E-02 -5.389614418203E-02  1.034427658988E-03 -2.971184527815E-06  1.299793070335E-05  9.670702096838E-06  1.528082370426E-01  2.971184167442E-06 -5.127257066183E-03  4.619449813879E-20 -4.541913412759E-20  7.789766955244E-20 -3.333639513564E-03
  2.218736395372E+02  2.242617441303E+02  1.944104128871E+01  8.433928671188E-14 -2.667222644649E-02  3.802734623915E+02  7.211599353959E-01  9.772708217514E-01 -5.238011298630E-01 -1.434394953820E-02 -5.477412189342E-01  3.130145718047E+00  1.093236053097E-02 -8.294831537917E-02  7.201595484921E-02 -5.281571391938E-02  1.349898408294E-03 -9.106888769784E-06  1.045000964839E-05 -5.812618897347E-06  1.486017614701E-01  9.106889146003E-06 -4.738521664705E-03  7.484265357496E-20 -1.184929886486E-20  1.032962524128E-19 -3.263849704733E-03
  2.266498487233E+02  2.291095964542E+02  1.948546526660E+01  8.035353054233E-14 -2.796132588202E-02  3.819772141751E+02  7.192608001882E-01  9.705178671702E-01 -5.204212497048E-01 -1.469378745424E-02 -5.712964235429E-01  3.104752139459E+00  9.493294065088E-03 -7.908799375318E-02  6.959469968809E-02 -5.159839227289E-02  1.196761732243E-03  1.708525526649E-05  8.739522073189E-06 -1.022920607701E-05  1.442604991849E-01 -1.708525560295E-05 -3.604745282305E-03  1.125617758449E-20 -1.161878921887E-20  1.108564907250E-19 -3.187482439851E-03
  2.315693441850E+02  2.341028843478E+02  1.952980245183E+01  7.761265704194E-14 -2.893080626700E-02  3.836815447076E+02  7.174127370488E-01  9.636711919104E-01 -5.169373642259E-01 -1.500619288774E-02 -5.904313287055E-01  3.081383688903E+00  8.005803273499E-03 -7.510313235033E-02  6.709732907611E-02 -5.039402851679E-02  9.663431571067E-04  2.038275941393E-05  6.044124505005E-06  2.803138475205E-06  1.402748859010E-01 -2.038275926567E-05 -3.213353506376E-03  7.364698778207E-20 -2.597277109787E-20  7.985725620313E-20 -3.127168058178E-03
  2.366364245106E+02  2.392459708782E+02  1.957436422204E+01  8.103611994400E-14 -3.000578743060E-02  3.853966820432E+02  7.156192829601E-01  9.556733006296E-01 -5.134192166942E-01 -1.538245764289E-02 -6.117945434989E-01  3.059194460512E+00  6.476003090341E-03 -7.106185474427E-02  6.458585165395E-02 -4.963677169195E-02  1.112784050030E-03 -1.307769629201E-07  2.009426806915E-06  2.800220786580E-06  1.360550096159E-01  1.307769162137E-07 -3.700168643967E-03  3.388157014054E-20 -1.488228337465E-20  1.201688318086E-19 -3.051481977819E-03
  2.418555172459E+02  2.445433500046E+02  1.961856264525E+01  9.255255069285E-14 -3.135124766463E-02  3.871015475552E+02  7.137265208752E-01  9.480809798795E-01 -5.098364047882E-01 -1.568417664681E-02 -6.399823107142E-01  3.037428893996E+00  4.853364674992E-03 -6.712634481969E-02  6.227298014542E-02 -4.798341781316E-02  1.133812599473E-03 -5.917432389796E-07 -8.100617829279E-07 -6.505189201282E-06  1.320050405432E-01  5.917435358657E-07 -4.338342640682E-03  7.928851963313E-20 -3.774343346260E-20  8.102806279580E-20 -2.969392101256E-03
  2.472311827633E+02  2.499996505047E+02  1.966306497652E+01  1.083499285663E-13 -3.295504919192E-02  3.888218129107E+02  7.116208843481E-01  9.401090324780E-01 -5.061057736012E-01 -1.595533829629E-02 -6.742983548093E-01  3.017665275319E+00  3.352914934293E-03 -6.316056810559E-02  5.980765317036E-02 -4.707843445590E-02  1.272581116178E-03 -3.177286395662E-06 -1.984007112522E-06  3.051853330265E-06  1.289806899403E-01  3.177286451742E-06 -4.260093400084E-03  8.088700558993E-20 -3.306967079166E-20  7.580186368346E-20 -2.911139153061E-03
  2.527681182462E+02  2.556196400198E+02  1.970780926133E+01  1.204398716176E-13 -3.429614608802E-02  3.905560237456E+02  7.092918059682E-01  9.333938128907E-01 -5.023214975648E-01 -1.623552667909E-02 -7.033506205564E-01  3.000299759637E+00  1.997926454221E-03 -5.919537445151E-02  5.719744799663E-02 -4.621696888506E-02  1.243565272181E-03 -3.999821194211E-06 -1.597587815466E-06  1.434173999541E-05  1.258179544845E-01  3.999821540938E-06 -3.470366431309E-03  5.787617176433E-20 -1.899387503317E-20  6.412550387704E-20 -2.863280412264E-03
  2.584711617935E+02  2.614082292204E+02  1.975272495010E+01  1.235771612355E-13 -3.539654194070E-02  3.923012921343E+02  7.067684149314E-01  9.262096662856E-01 -4.984491609140E-01 -1.648535003637E-02 -7.272195971010E-01  2.982050773872E+00  4.997811483387E-04 -5.528041388351E-02  5.478063273443E-02 -4.521135823414E-02  9.598765428429E-04 -4.797660986427E-06 -1.107450609994E-06  7.380530858942E-06  1.209799072254E-01  4.797660931913E-06 -2.790045629682E-03  5.029020349524E-20 -1.035639571369E-21  2.998146973810E-20 -2.782294761065E-03
  2.643452966473E+02  2.673704760971E+02  1.979660013707E+01  1.199306030643E-13 -3.635183878778E-02  3.940113955063E+02  7.041542677886E-01  9.187624172662E-01 -4.945419575435E-01 -1.675304639019E-02 -7.485509886308E-01  2.966524913156E+00 -1.182353267510E-03 -5.107805088330E-02  5.226040415082E-02 -4.380430679153E-02  8.898683625866E-04 -5.006661911314E-06 -1.239516950494E-06  8.725802864543E-06  1.160065538770E-01  5.006662024312E-06 -1.894711996743E-03  5.890056701571E-20 -1.660254894778E-20  7.249323593658E-20 -2.703156580036E-03
  2.703956555468E+02  2.735115903800E+02  1.984039851619E+01  1.142807521069E-13 -3.684155473520E-02  3.957208697482E+02  7.014559927260E-01  9.122565538766E-01 -4.905725443490E-01 -1.690143542092E-02 -7.605150055411E-01  2.946598089037E+00 -2.748229371794E-03 -4.674529149810E-02  4.949352086949E-02 -4.278172113400E-02  7.831432056638E-04  1.137777795396E-06 -6.141556748660E-07  1.646344993955E-05  1.111587533849E-01 -1.137777733245E-06 -9.382222089808E-04  5.876272035244E-20 -2.809641900303E-20  2.818202032462E-20 -2.632130990943E-03
  2.766275252132E+02  2.798369380914E+02  1.988317660427E+01  1.086578194318E-13 -3.707465821529E-02  3.973933129838E+02  6.986266923507E-01  9.065118360537E-01 -4.865128703172E-01 -1.716937392245E-02 -7.673740560300E-01  2.927754083765E+00 -3.976231673403E-03 -4.253105115485E-02  4.650728282860E-02 -4.147094290461E-02  8.172971421796E-04  2.752081270840E-06  2.904338214116E-08  1.516855511951E-05  1.063655323956E-01 -2.752081252480E-06 -8.344027455712E-04  3.533243649026E-20 -4.238280240549E-20  4.207704307907E-20 -2.561637247198E-03
  2.830463509696E+02  2.863520462341E+02  1.992576967692E+01  9.555782727599E-14 -3.752507946740E-02  3.990627767437E+02  6.954819014674E-01  9.010711514150E-01 -4.822525043423E-01 -1.722765840100E-02 -7.771468130100E-01  2.917137644966E+00 -5.129335947542E-03 -3.851858969247E-02  4.364792564047E-02 -4.067394299954E-02  1.111677454354E-03 -4.910459618056E-06 -6.370723157491E-08  1.053794742969E-05  1.024635201510E-01  4.910459510637E-06 -2.068418085191E-03  4.801390064659E-20 -2.504828144836E-20  4.630416598524E-20 -2.517709213026E-03
  2.896577414987E+02  2.930626076211E+02  1.996786958505E+01  7.437749721673E-14 -3.881172465959E-02  4.007149625968E+02  6.918235992720E-01  8.962335798428E-01 -4.780158620493E-01 -1.756581336896E-02 -8.026717824920E-01  2.910119797908E+00 -6.211854878198E-03 -3.475197545386E-02  4.096383033153E-02 -3.974989202818E-02  1.745176823452E-03  2.788581795163E-06 -2.265663576950E-08  1.274675306275E-05  9.806947117072E-02 -2.788582062208E-06 -3.699266483575E-03  3.167800749439E-20 -4.025692233665E-20  6.602018001862E-20 -2.450436965743E-03
  2.964674737436E+02  2.999744858498E+02  2.000923434722E+01  6.263656375978E-14 -4.066033705405E-02  4.023457450349E+02  6.876388682507E-01  8.909119501305E-01 -4.735745917365E-01 -1.753965729230E-02 -8.413497256371E-01  2.902079197957E+00 -7.563179721246E-03 -3.068026676418E-02  3.824344648553E-02 -3.866232231095E-02  1.987770023640E-03  4.544684940216E-06 -8.654489503530E-07  1.426329001044E-05  9.385132248497E-02 -4.544685266727E-06 -5.557093131387E-03  3.939429229608E-20 -3.519166545037E-20  1.406021465251E-20 -2.372991053342E-03
  3.034814979559E+02  3.070937204253E+02  2.005012475167E+01  6.673883494457E-14 -4.363137593427E-02  4.039635899302E+02  6.829438397670E-01  8.863984639384E-01 -4.689900565770E-01 -1.783523084308E-02 -9.013227501972E-01  2.900140872609E+00 -9.196968779281E-03 -2.660454718452E-02  3.580151596400E-02 -3.724733539026E-02  2.655501174450E-03 -3.082372454526E-07 -3.207661727196E-06  1.180855432871E-05  9.070195712245E-02  3.082371979315E-07 -6.847197266261E-03  2.462191367008E-20 -2.311457273312E-21  4.203841574631E-20 -2.314767828082E-03
  3.107059428946E+02  3.144265320380E+02  2.009112701392E+01  7.895594479150E-14 -4.676676599988E-02  4.055880772439E+02  6.780102175145E-01  8.831638739634E-01 -4.644069228771E-01 -1.782358146257E-02 -9.657495515427E-01  2.903095355965E+00 -1.057447274665E-02 -2.282410222087E-02  3.339857496747E-02 -3.691410992955E-02  2.832741340132E-03  2.965516115586E-06 -4.824438391036E-06  8.726328495287E-06  9.006998824435E-02 -2.965516134120E-06 -8.685407007190E-03  3.001848887273E-20 -2.826726812329E-20 -8.798769979223E-22 -2.297491952711E-03
  3.181471211814E+02  3.219793279992E+02  2.013388881953E+01  9.476041479273E-14 -5.163281408469E-02  4.072891883255E+02  6.731095339574E-01  8.791505705999E-01 -4.596079823157E-01 -1.802999411052E-02 -1.066125396833E+00  2.905366280656E+00 -1.167883934963E-02 -1.889279619174E-02  3.057163554170E-02 -3.672859430473E-02  3.406675732295E-03  7.948878428758E-06 -5.707216714901E-06  5.371647423275E-06  8.889932439649E-02 -7.948878364495E-06 -1.066779848984E-02  3.857969055973E-20 -2.120115096548E-20  1.059849807394E-20 -2.286781540551E-03
  3.258115348169E+02  3.297587078391E+02  2.017627226470E+01  1.001110340459E-13 -5.694479247999E-02  4.089788795869E+02  6.681885343468E-01  8.733034510530E-01 -4.546412625601E-01 -1.781143513757E-02 -1.176399906927E+00  2.906810112515E+00 -1.297836140616E-02 -1.499307296561E-02  2.797143437219E-02 -3.619441756052E-02  3.431356507996E-03  3.679688884459E-06 -5.824057123966E-06 -2.302276698234E-06  8.546176035500E-02 -3.679689014661E-06 -1.100597536626E-02  3.902000376639E-20 -3.355999385795E-20  8.271157378016E-21 -2.235396880396E-03
  3.337058808614E+02  3.377714690743E+02  2.021820509770E+01  1.026605340089E-13 -6.246176521926E-02  4.106532087952E+02  6.628452916476E-01  8.669527182376E-01 -4.496913796793E-01 -1.783265784064E-02 -1.290291778447E+00  2.913416865437E+00 -1.424639130297E-02 -1.132625888758E-02  2.557265019108E-02 -3.536503833181E-02  3.256740828175E-03  4.572970710293E-06 -4.568061969010E-06 -3.137760879870E-06  8.282762892078E-02 -4.572970684382E-06 -1.072761845375E-02 -9.680425764937E-22 -1.037654079765E-20  5.772593854625E-21 -2.199930459035E-03
  3.418370572872E+02  3.460246131465E+02  2.026047820829E+01  1.198345103703E-13 -6.779562191174E-02  4.123419049530E+02  6.569281947382E-01  8.600949253577E-01 -4.445518023815E-01 -1.749528011430E-02 -1.401296995986E+00  2.917841632419E+00 -1.553827604310E-02 -7.528516279116E-03  2.306679232235E-02 -3.500709808089E-02  3.096484700079E-03  8.628008837137E-07 -2.546686308383E-06  1.551031669694E-06  8.123163839719E-02 -8.628009077596E-07 -1.057802144956E-02  6.159166988183E-20 -2.909768675102E-20 -5.552900953089E-22 -2.185609014980E-03
  3.502121690058E+02  3.545253515409E+02  2.030328588840E+01  1.394876494402E-13 -7.347854737238E-02  4.140535379734E+02  6.504044757972E-01  8.518522641666E-01 -4.393433563105E-01 -1.718021708058E-02 -1.516162693056E+00  2.925004328312E+00 -1.690519013358E-02 -3.989648049311E-03  2.089483818389E-02 -3.480848733682E-02  3.296635367022E-03  2.538398280563E-06  3.884259579370E-07  2.252822641807E-07  7.897478029921E-02 -2.538398203736E-06 -1.211094623300E-02  5.527890202723E-20 -1.821316606548E-20 -2.540846847852E-20 -2.145990781807E-03
  3.588385340760E+02  3.632811120872E+02  2.034568508895E+01  1.511329175234E-13 -8.084499180390E-02  4.157502057714E+02  6.432374087719E-01  8.466081536351E-01 -4.338859526746E-01 -1.651402488466E-02 -1.665743255535E+00  2.940818080144E+00 -1.781675899887E-02 -3.284286306166E-04  1.814518762979E-02 -3.401855066433E-02  3.883682708073E-03 -1.496794869550E-06  2.953312053681E-06 -4.611952775810E-06  7.695096528404E-02  1.496794656468E-06 -1.316247823462E-02  8.029893382924E-20 -3.089175977108E-20  3.507757675943E-21 -2.128362874377E-03
  3.677236900983E+02  3.722995454498E+02  2.038881701787E+01  1.569860907935E-13 -8.815955707807E-02  4.174799472652E+02  6.356468196193E-01  8.407605802372E-01 -4.282072059102E-01 -1.607454272070E-02 -1.813522846163E+00  2.961514230004E+00 -1.863433550316E-02  2.826089110178E-03  1.580824639265E-02 -3.392848024983E-02  3.715383849201E-03 -4.583911040231E-06  3.748889603563E-06 -3.339201849933E-06  7.456918696662E-02  4.583911083843E-06 -1.226913780623E-02 -5.572237355489E-22 -3.752353394546E-20  2.697822704382E-20 -2.101384424760E-03
  3.768754008012E+02  3.815885318133E+02  2.043104126327E+01  1.624637293908E-13 -9.496644383929E-02  4.191771354109E+02  6.279763259354E-01  8.354220039752E-01 -4.224571544389E-01 -1.520282853106E-02 -1.952345519860E+00  2.984270849140E+00 -1.989874519099E-02  6.441201087132E-03  1.345754410435E-02 -3.338508653508E-02  3.569455663175E-03 -4.133115663497E-06  2.706380924981E-06 -1.064994004133E-06  7.454385628232E-02  4.133115581072E-06 -9.273695295064E-03 -8.377241004203E-21 -1.886940759867E-20 -1.366135034659E-20 -2.104137793204E-03
  3.863016628253E+02  3.911561877677E+02  2.047664425364E+01  1.623745721213E-13 -9.917723246800E-02  4.210128775474E+02  6.201818823201E-01  8.297439542815E-01 -4.163676214782E-01 -1.437806750743E-02 -2.037080252776E+00  3.005983366068E+00 -2.121035931366E-02  1.012708700170E-02  1.108327231201E-02 -3.382186014825E-02  2.331382862427E-03 -4.206038997885E-06  1.717025736734E-06 -2.473555127062E-06  7.285381323232E-02  4.206038891736E-06 -6.451359716569E-03  2.650955603849E-20 -4.058758062084E-20 -2.016302248119E-20 -2.080830648600E-03
  3.960107127100E+02  4.010108734007E+02  2.051939367501E+01  1.605152908738E-13 -1.028742355087E-01  4.227319756441E+02  6.118519275005E-01  8.263646181877E-01 -4.101498724904E-01 -1.332132357259E-02 -2.111395087626E+00  3.033894687211E+00 -2.225996941821E-02  1.362657593689E-02  8.633393480900E-03 -3.290269965409E-02  1.909773843468E-03 -7.886718855484E-06  2.169674196088E-06 -4.828793834219E-06  7.070287584595E-02  7.886718655967E-06 -3.910898755029E-03  1.240969686892E-20 -2.678943156760E-20 -7.553523682633E-21 -2.069258628146E-03
  4.060110340913E+02  4.111611996027E+02  2.056495867293E+01  1.745339370714E-13 -1.040831486136E-01  4.245684938955E+02  6.029939366502E-01  8.211899661524E-01 -4.036295460255E-01 -1.217430600070E-02 -2.137464056883E+00  3.060379466064E+00 -2.304797563621E-02  1.675746370428E-02  6.290511931410E-03 -3.345660509366E-02  8.580089016262E-04 -1.061891106801E-05  3.000353515264E-06 -1.332778094126E-05  6.911930938937E-02  1.061891130032E-05 -2.563454223096E-03  2.092211919653E-20 -3.861408833362E-20 -8.105867982590E-21 -2.064670382152E-03
  4.163113651141E+02  4.216160355908E+02  2.060837778682E+01  1.968322125660E-13 -1.061460717081E-01  4.263168210222E+02  5.936356888580E-01  8.166681501511E-01 -3.970036312068E-01 -1.097670649061E-02 -2.178712325906E+00  3.101278242200E+00 -2.384737049659E-02  1.997420076770E-02  3.873169728807E-03 -3.283204964436E-02  1.069071131148E-03 -5.054398219085E-06  2.818029781693E-06 -1.483814299546E-05  7.038100753893E-02  5.054398413333E-06 -3.450358901822E-03  5.522420152166E-20 -8.778605771186E-21 -3.248660461327E-20 -2.125129182468E-03
  4.269207060675E+02  4.323845166585E+02  2.065831145625E+01  2.079996545371E-13 -1.086249226989E-01  4.283370288362E+02  5.837776077001E-01  8.087213407269E-01 -3.899541647165E-01 -9.625959568772E-03 -2.229112724572E+00  3.146533869176E+00 -2.519610562732E-02  2.367949285708E-02  1.516612771183E-03 -3.507620102111E-02  1.409569311504E-03  2.167078067733E-06  2.793243702153E-06 -7.284078496871E-06  7.059619712225E-02 -2.167077976913E-06 -4.983037070708E-03  3.260576780330E-20 -3.593472681627E-20 -5.036227113577E-20 -2.160324882964E-03
  4.378483272495E+02  4.434760521583E+02  2.070480162172E+01  2.145479927977E-13 -1.129023704065E-01  4.302163286359E+02  5.739213680726E-01  8.010863983724E-01 -3.829599057235E-01 -8.449609707839E-03 -2.314974649038E+00  3.187640699075E+00 -2.592991597390E-02  2.663170586239E-02 -7.017898884308E-04 -3.379623852337E-02  2.187279364380E-03  5.032881004068E-06  3.793377920769E-06 -5.032845459840E-06  6.784481183727E-02 -5.032881126620E-06 -4.428273040641E-03  1.012218554173E-20 -1.068516473743E-20 -3.214306107024E-20 -2.122187648452E-03
  4.491037770670E+02  4.549003337230E+02  2.075375432116E+01  2.292817365366E-13 -1.148192639484E-01  4.322012003442E+02  5.639028929773E-01  7.923278164013E-01 -3.752402280469E-01 -6.955125970478E-03 -2.358622547152E+00  3.239246359575E+00 -2.662845072496E-02  2.978976514984E-02 -3.161314424626E-03 -3.461122028495E-02  1.465721848605E-03  7.523500360626E-06  3.770606492629E-06 -4.290916328611E-06  6.983627157818E-02 -7.523500195365E-06 -4.146355781509E-03  3.111880260313E-20 -2.143106753412E-20 -4.531065380959E-20 -2.211417928204E-03
  4.606968903790E+02  4.666673437347E+02  2.080601543754E+01  2.371357045912E-13 -1.189132664924E-01  4.343274808057E+02  5.537956107680E-01  7.796953513482E-01 -3.677378945539E-01 -5.771462599955E-03 -2.450174890110E+00  3.285635257582E+00 -2.713111453382E-02  3.262354416115E-02 -5.492429626696E-03 -3.613041398496E-02  2.117968297468E-03  4.643641650244E-06  3.558529126501E-06  3.726657263531E-07  7.131585859186E-02 -4.643641629508E-06 -3.932216849856E-03  3.767116181691E-20 -2.564683780029E-20 -3.712006428984E-20 -2.290856303991E-03
  4.726377970904E+02  4.787873640468E+02  2.086025106491E+01  2.295072581056E-13 -1.206878932967E-01  4.365404945261E+02  5.442265556024E-01  7.621461626296E-01 -3.596323495085E-01 -4.357888212469E-03 -2.497274805935E+00  3.339033702973E+00 -2.756606243237E-02  3.489253621159E-02 -7.326473779759E-03 -3.691942209416E-02  1.289310223621E-03 -2.448983711422E-06  2.508736685923E-06  2.600112154467E-06  7.319800307140E-02  2.448983727659E-06 -3.786028340355E-03  3.128897527359E-22 -1.200912775246E-20 -5.572986712472E-20 -2.339498197431E-03
  4.849369310031E+02  4.912709849682E+02  2.091857905404E+01  2.004839014709E-13 -1.247580902841E-01  4.389250686937E+02  5.348862665910E-01  7.452269365127E-01 -3.514048130432E-01 -3.431379540271E-03 -2.592807918743E+00  3.394859663555E+00 -2.796733102526E-02  3.721884566521E-02 -9.251514639553E-03 -3.815251990797E-02  2.063757310199E-03 -3.725915868257E-06  1.721337114253E-06 -6.015777193530E-06  7.306078210961E-02  3.725915440026E-06 -3.312210932351E-03  9.666301840660E-22 -3.099657868862E-20 -5.078022662628E-20 -2.381969362047E-03
  4.976050389332E+02  5.041291145172E+02  2.097592161940E+01  1.444613578067E-13 -1.259703200637E-01  4.412763520931E+02  5.254218618227E-01  7.272214641474E-01 -3.428447014542E-01 -2.026764669499E-03 -2.630333818815E+00  3.449527469731E+00 -2.841352395109E-02  3.928501205908E-02 -1.087148810873E-02 -3.826944518782E-02  1.118991717875E-03  1.128467920414E-06  4.272176465140E-06 -5.137120413539E-06  7.508959472483E-02 -1.128467877594E-06 -3.147823574517E-03  3.582766531727E-21  1.177227575996E-20 -6.545459006182E-20 -2.468998209645E-03
  5.106531901012E+02  5.173729879527E+02  2.104104487570E+01  1.027713741654E-13 -1.299106515520E-01  4.439584723027E+02  5.154148339992E-01  7.124733710190E-01 -3.341177377796E-01 -1.401246560833E-03 -2.721171072512E+00  3.508265654011E+00 -2.889560189906E-02  4.134485917570E-02 -1.244925727641E-02 -4.052421289676E-02  1.972645494169E-03 -1.225760515878E-07  6.887278274500E-06 -6.156010766824E-06  7.758555915847E-02  1.225757697934E-07 -4.054182986057E-03  5.209567302105E-20 -2.520275275415E-20 -7.187362649895E-20 -2.532978048913E-03
  5.240927858042E+02  5.310141775913E+02  2.110629220244E+01  8.330829024313E-14 -1.328072332329E-01  4.466532357138E+02  5.052673628477E-01  6.929655613021E-01 -3.252827893978E-01 -1.065231893709E-04 -2.790946984740E+00  3.572816057593E+00 -2.932948162070E-02  4.352493542785E-02 -1.419545380642E-02 -4.032287646120E-02  1.438063750881E-03  5.421290518168E-06  7.127599538639E-06 -9.972472523683E-06  7.617135745801E-02 -5.421290723339E-06 -1.878763141897E-03  4.718425106270E-21 -2.088110421803E-20 -6.042688447899E-20 -2.520396343277E-03
  5.379355693784E+02  5.450646029190E+02  2.117287655143E+01  6.001036560038E-14 -1.331967585409E-01  4.494146984304E+02  4.952918324360E-01  6.727454725084E-01 -3.156384923733E-01 -5.689916371327E-06 -2.802341430237E+00  3.633196058348E+00 -2.919939021303E-02  4.468476113562E-02 -1.548537092239E-02 -4.050850719362E-02  6.414655968984E-04  1.512018118421E-06  4.480713679269E-06 -6.527052499077E-06  7.683788016946E-02 -1.512018331401E-06  1.263609495338E-03  2.024109150210E-20 -2.430117992539E-20 -5.632134912791E-20 -2.554298054982E-03
  5.521936364597E+02  5.595365410066E+02  2.124323309235E+01  3.572552959482E-14 -1.305638279819E-01  4.523427034902E+02  4.849375832147E-01  6.565079677856E-01 -3.061604518528E-01  1.290281193019E-03 -2.754933881634E+00  3.698871507892E+00 -2.910332015267E-02  4.608432424282E-02 -1.698100408962E-02 -4.140602194148E-02 -8.330868368025E-04 -2.680249780925E-06  1.223034508317E-06 -2.425339421407E-06  7.769699615723E-02  2.680249788547E-06  3.754401082920E-03  1.444282523895E-21 -1.666455486874E-20 -7.378998236737E-20 -2.621309305477E-03
  5.668794455535E+02  5.743794455535E+02  2.131547978929E+01  1.689371270190E-14 -1.262771542505E-01  4.553620734396E+02  4.744240572261E-01  6.377701813443E-01 -2.958632500974E-01  1.409541378447E-03 -2.671346963052E+00  3.736737985679E+00 -2.899782126527E-02  4.709518363912E-02 -1.809736237389E-02 -4.227959118666E-02 -1.452244234691E-03 -5.631479794082E-07  1.197253981387E-07 -5.864469025411E-07  7.726192071215E-02  5.631477024357E-07  6.407595969298E-03  2.430951238263E-21 -1.688191122549E-20 -4.285422983905E-20 -2.649622194525E-03
  5.818794455535E+02  5.893794455535E+02  2.138806274061E+01  6.334380936446E-15 -1.185423460417E-01  4.584126854138E+02  4.639689835405E-01  6.225057499660E-01 -2.854270135991E-01  2.154406861520E-03 -2.513725976905E+00  3.709743690556E+00 -2.875767563605E-02  4.624741269430E-02 -1.748973705857E-02 -4.213362427246E-02 -2.758014304960E-03  3.132452809826E-06  1.404149781166E-06 -3.040549133027E-06  7.979908688281E-02 -3.132452846491E-06  8.837768887325E-03  2.406144797169E-20 -5.874884745805E-21 -6.331586991682E-20 -2.655015828194E-03
  5.968794455535E+02  6.043794455535E+02  2.146509574649E+01  9.546358784492E-15 -1.097340569056E-01  4.616699916682E+02  4.529167795451E-01  6.075302776722E-01 -2.751464409990E-01  2.195650014481E-03 -2.333077587225E+00  3.676262660211E+00 -2.849085629114E-02  4.552666553585E-02 -1.703580924434E-02 -4.241412387309E-02 -3.180948488282E-03 -1.863796376038E-06  3.206658784405E-06  2.819778126509E-06  8.046602554529E-02  1.863796222639E-06  7.408166215615E-03  6.674615478824E-21 -2.124962140966E-20 -6.013102769793E-20 -2.602082189507E-03
  6.118794455535E+02  6.193794455535E+02  2.153897454793E+01  8.717447336909E-15 -1.046496021457E-01  4.648086997142E+02  4.416609647166E-01  5.962943217072E-01 -2.648006311368E-01  2.635988770942E-03 -2.231731242085E+00  3.628078348835E+00 -2.798586331293E-02  4.484266127978E-02 -1.685679796634E-02 -4.075529280043E-02 -1.788491355926E-03 -4.160858113956E-06  3.441799235228E-06  3.199421469010E-06  7.845640757756E-02  4.160858209853E-06  6.006479261029E-03 -9.161852771979E-21 -1.226010183716E-20 -7.010296371383E-20 -2.500092721145E-03
  6.268794455535E+02  6.343794455535E+02  2.161220657097E+01  3.386551745051E-15 -9.846402234027E-02  4.679321098641E+02  4.307100592444E-01  5.758161812597E-01 -2.540308776765E-01  2.994115981351E-03 -2.108479696938E+00  3.575649286339E+00 -2.741710532222E-02  4.382425814155E-02 -1.640715281932E-02 -3.945970937873E-02 -2.520962904956E-03 -4.535370089161E-06  2.735059925061E-06  1.368188266852E-06  7.663632539630E-02  4.535370197598E-06  8.496511970651E-03  2.201965352097E-20 -1.205226275157E-20 -6.363036562162E-20 -2.420952095277E-03
  6.418794455535E+02  6.493794455535E+02  2.168264097402E+01  4.023197573699E-15 -8.875815314289E-02  4.709456228886E+02  4.204856767145E-01  5.606696405424E-01 -2.433382047378E-01  3.435151376214E-03 -1.907408293824E+00  3.517279153273E+00 -2.668685895246E-02  4.165560591320E-02 -1.496874696119E-02 -3.769464939509E-02 -4.227647095230E-03  6.494801173123E-07  1.679587799016E-06 -1.945803101729E-06  7.518875394786E-02 -6.494801087267E-07  1.228318141130E-02  8.783006699984E-21 -3.177386543991E-20 -5.970206784843E-20 -2.315630306639E-03
  6.568794455535E+02  6.643794455535E+02  2.175317637821E+01 -4.129661022867E-16 -7.545233176600E-02  4.739753235704E+02  4.100192264810E-01  5.412270759142E-01 -2.323721371946E-01  3.869226151512E-03 -1.628257143654E+00  3.461875031575E+00 -2.602850002449E-02  4.035441518629E-02 -1.432591516182E-02 -3.671906285765E-02 -5.583099608726E-03  1.033973155437E-06  1.731853463610E-06  6.208360971205E-07  7.388929401138E-02 -1.033973231694E-06  1.472371878613E-02  3.688029490365E-21  2.947988600118E-22 -7.409124959285E-20 -2.266329276252E-03
  6.718794455535E+02  6.793794455535E+02  2.182117320027E+01 -1.012838221857E-14 -6.111580797856E-02  4.769064640229E+02  3.984700701828E-01  5.211734046232E-01 -2.216720526456E-01  4.300243334582E-03 -1.321690112703E+00  3.408807007646E+00 -2.600273350122E-02  3.966467117775E-02 -1.366193767594E-02 -3.563352365426E-02 -5.754269087329E-03 -3.491927436194E-07  1.950691844031E-06  4.514092612462E-06  7.046511834956E-02  3.491926399944E-07  1.687167960350E-02  2.027108066927E-20 -2.455384372456E-20 -6.490391826421E-20 -2.180785094728E-03
  6.868794455535E+02  6.943794455535E+02  2.188530367413E+01 -1.135806986657E-14 -4.378353312910E-02  4.796816584505E+02  3.864599213672E-01  5.026570266986E-01 -2.106913638331E-01  4.425441411449E-03 -9.485573544388E-01  3.351776885971E+00 -2.552040222728E-02  3.861925211897E-02 -1.309884989129E-02 -3.393302542744E-02 -6.581214613865E-03 -8.894920476240E-06  1.627146833558E-06  4.760338143619E-06  6.602799951076E-02  8.894920490090E-06  1.678513098366E-02  1.714600339057E-21 -9.084842886781E-21 -6.785304399535E-20 -2.058447062914E-03
  7.018794455535E+02  7.093794455535E+02  2.194500934021E+01  6.323700244004E-15 -2.965118904153E-02  4.822690911423E+02  3.747027956094E-01  4.884690798000E-01 -1.998694320337E-01  4.953516667381E-03 -6.423604997135E-01  3.283057710146E+00 -2.496804257592E-02  3.731229947948E-02 -1.234425690328E-02 -3.191562641582E-02 -5.513120284914E-03  1.724154476858E-06  1.962014523496E-06  2.946582402344E-07  6.326057078925E-02 -1.724154185348E-06  1.521084900416E-02  4.200174788365E-21  1.134239196053E-20 -7.988904892104E-20 -1.970910714572E-03
  7.168794455535E+02  7.243794455535E+02  2.200394227508E+01  2.391088860474E-14 -1.528052835097E-02  4.848265736217E+02  3.625480945634E-01  4.764250843996E-01 -1.887647425168E-01  5.167903931990E-03 -3.312294392677E-01  3.242207331468E+00 -2.466722309871E-02  3.652541686288E-02 -1.185819376487E-02 -3.124890072520E-02 -5.815182666993E-03  8.435726807403E-07  2.389133478716E-06  3.644857673379E-07  6.187331705200E-02 -8.435726523343E-07  1.132036177069E-02 -2.149026103473E-21  7.337267057599E-22 -7.444426515061E-20 -1.923169299129E-03
  7.318794455535E+02  7.393794455535E+02  2.206101706613E+01  3.171683026169E-14 -8.435945073787E-03  4.873111898459E+02  3.502787521583E-01  4.669889553645E-01 -1.780994759839E-01  5.335010959843E-03 -1.822976310852E-01  3.189592871973E+00 -2.377230579426E-02  3.500998728478E-02 -1.123768149105E-02 -2.991088310439E-02 -3.763270299318E-03  3.765118912692E-06  2.685848523954E-06 -7.583462118688E-07  5.936135504768E-02 -3.765118978152E-06  7.152334460802E-03 -2.025984597836E-20 -1.220491736567E-20 -4.237985461750E-20 -1.781435543922E-03
  7.468794455535E+02  7.543794455535E+02  2.211521494217E+01  3.300314275340E-14 -1.889347318675E-03  4.896762022174E+02  3.381942512238E-01  4.556419905408E-01 -1.669090558141E-01  5.810876111019E-03 -3.957847914454E-02  3.159365036557E+00 -2.316890771711E-02  3.369434441922E-02 -1.052543670194E-02 -2.764170758175E-02 -3.473308874984E-03  2.720175151788E-06  1.800924351059E-06 -7.748499789754E-07  5.771614806634E-02 -2.720175191113E-06  5.472656320017E-03  1.800287207539E-20 -2.206715449994E-20 -7.337458242252E-20 -1.712693097849E-03
  7.618794455535E+02  7.693794455535E+02  2.216921855148E+01  2.373972401761E-14  1.810850409995E-03  4.920381593254E+02  3.263901698529E-01  4.449204386049E-01 -1.562578351872E-01  5.927824304592E-03  4.018963953558E-02  3.114363200944E+00 -2.238483891951E-02  3.240599135349E-02 -1.002115243396E-02 -2.700431170719E-02 -2.200443159558E-03  2.040894896040E-06  1.029746958740E-06  8.014984347706E-07  5.634846672594E-02 -2.040894800079E-06  2.998452735858E-03  3.602799191067E-20 -2.106892442585E-20 -4.378450569246E-20 -1.655352747331E-03
  7.768794455535E+02  7.843794455535E+02  2.222089635776E+01  9.075642147527E-15  3.725805290860E-03  4.943048475516E+02  3.155788982330E-01  4.310558596174E-01 -1.456634310185E-01  6.057030508954E-03  8.059154877507E-02  3.063156745464E+00 -2.153495650684E-02  3.020191498995E-02 -8.666958483121E-03 -2.545958811985E-02 -1.668237084232E-03  4.414792903806E-07 -2.671215447319E-07  7.080852449650E-06  5.197522495872E-02 -4.414793281684E-07  1.615057586900E-03  1.425840021637E-20 -1.483627378308E-20 -3.784974419259E-20 -1.504668948771E-03
  7.918794455535E+02  7.993794455535E+02  2.226670093969E+01 -1.187011282091E-14  4.845078732572E-03  4.963210484764E+02  3.049842074575E-01  4.214402481115E-01 -1.346935931857E-01  6.217692040680E-03  1.065157807841E-01  3.005506212814E+00 -2.034102430741E-02  2.817948537229E-02 -7.838461064317E-03 -2.233228321003E-02 -1.040179000616E-03 -8.903811454351E-07 -9.464029867438E-07 -3.138018376347E-06  4.631150720707E-02  8.903808425448E-07  1.169887132591E-03 -6.934734918166E-21 -1.315766547407E-20 -3.774320377345E-20 -1.300149239362E-03
  8.068794455535E+02  8.143794455535E+02  2.230772974242E+01 -3.157174695290E-14  5.925945527005E-03  4.981285002003E+02  2.935932691382E-01  4.085949802757E-01 -1.246057657257E-01  6.434105466313E-03  1.301676238822E-01  2.952713807841E+00 -1.846443483954E-02  2.588075206851E-02 -7.416317228601E-03 -1.959836884188E-02 -1.570032370319E-03 -8.708325011460E-07 -4.480590660918E-08 -1.151795596620E-05  4.284586035493E-02  8.708323993572E-07  1.727354976605E-03 -7.809831725026E-21 -1.314637784130E-20 -5.523742373826E-20 -1.174437846286E-03
  8.218794455535E+02  8.293794455535E+02  2.234701048363E+01 -3.665396733239E-14  8.071792058331E-03  4.998618155614E+02  2.815238380217E-01  3.990370843617E-01 -1.140066233639E-01  6.423854923637E-03  1.800151856950E-01  2.905046537738E+00 -1.729510748177E-02  2.355032732200E-02 -6.255219840434E-03 -1.797809890466E-02 -1.413535858766E-03  3.921265772435E-07 -3.597974903181E-07 -1.210743102464E-05  3.917941408316E-02 -3.921266369896E-07  1.462950214574E-03 -1.451891670233E-20 -8.331480213556E-21 -3.142005090592E-20 -1.059007108223E-03
  8.368794455535E+02  8.443794455535E+02  2.238113844388E+01 -4.533443730368E-14  8.678588002561E-03  5.013731692293E+02  2.686966828103E-01  3.918514912683E-01 -1.041236804003E-01  6.356706327698E-03  1.966206081624E-01  2.868999115289E+00 -1.453425808626E-02  2.094392503796E-02 -6.409666951811E-03 -1.604731579700E-02 -6.526889587558E-04 -8.397333087175E-08  3.356062760611E-07 -1.437117433488E-05  3.634056692071E-02  8.397329135573E-08  1.294377116819E-04 -5.343386687110E-21 -1.666284264260E-20 -4.009672760518E-20 -9.717250707943E-04
  8.518794455535E+02  8.593794455535E+02  2.241512489850E+01 -6.533579739153E-14  8.336019794185E-03  5.028824535878E+02  2.555662083633E-01  3.851473564425E-01 -9.387685117922E-02  6.283209414934E-03  1.900086133744E-01  2.838849358302E+00 -1.224681455456E-02  1.822094085532E-02 -5.974126300421E-03 -1.510985423163E-02  1.130656864158E-04  2.622834471890E-06  2.171008541098E-06 -1.148528013413E-05  3.439085497985E-02 -2.622834552670E-06  3.669355924874E-04 -1.767056732261E-20 -4.048426229424E-21 -3.872334173405E-20 -8.959999253246E-04
  8.668794455535E+02  8.743794455535E+02  2.244563752395E+01 -7.581977363655E-14  9.348638514085E-03  5.042361091229E+02  2.421476794415E-01  3.752237101099E-01 -8.419841556209E-02  6.060173530532E-03  2.167731351391E-01  2.820264042527E+00 -8.602376925000E-03  1.509504881849E-02 -6.492671893874E-03 -1.368656808041E-02  6.670167150874E-05  3.818894064566E-06  2.133266054447E-06 -7.780504528545E-06  3.244086744275E-02 -3.818893777515E-06  4.178852833865E-04 -1.326342470361E-20  4.930055805936E-21 -2.373970520223E-20 -8.423855204692E-04
  8.818794455535E+02  8.893794455535E+02  2.247598778258E+01 -7.023813063285E-14  9.096857146649E-03  5.055829383648E+02  2.274477916654E-01  3.697406039077E-01 -7.410544319790E-02  5.596104604722E-03  2.169800781388E-01  2.804547237342E+00 -5.059094763339E-03  1.209640968542E-02 -7.037314922524E-03 -1.327231276307E-02  4.545434250498E-04  4.955297485841E-07  2.614772029281E-06 -1.465812774168E-06  3.078738893557E-02 -4.955297849066E-07 -1.386838489295E-03 -9.149877773176E-21  5.211745183307E-21  1.391274864155E-20 -7.897031392237E-04
  8.968794455535E+02  9.043794455535E+02  2.250339551365E+01 -5.458211315287E-14  6.756860015908E-03  5.068068010515E+02  2.106520969922E-01  3.691314440202E-01 -6.442973039840E-02  5.200774591854E-03  1.689677037935E-01  2.786252269483E+00 -5.346938633594E-04  8.881904171402E-03 -8.347210307229E-03 -1.205112068126E-02  8.368973633536E-04 -4.918426645348E-06  2.260659845945E-06  6.077420717081E-06  2.869220433449E-02  4.918426835606E-06 -1.721338744518E-03 -5.559063273118E-21 -1.490276682412E-20 -4.795040472106E-21 -7.265803701015E-04
  9.118794455535E+02  9.193794455535E+02  2.252976141243E+01 -3.888433345205E-14  5.859722638627E-03  5.079886291997E+02  1.912773746137E-01  3.680157750301E-01 -5.434939574546E-02  4.332103670264E-03  1.515178258922E-01  2.781235334626E+00  2.687461350893E-03  6.653481506199E-03 -9.340942857205E-03 -1.109149617900E-02  6.504612783604E-04  1.066623218926E-07 -7.707749873185E-07  1.794110893654E-06  2.511934092581E-02 -1.066622842379E-07 -1.884904086057E-03  1.460987706428E-20 -1.174878125688E-20 -7.167359329452E-21 -6.332915732781E-04
  9.268794455535E+02  9.343794455535E+02  2.255045164634E+01 -3.595193858331E-14  3.203591086568E-03  5.089175461125E+02  1.690948335518E-01  3.673582755868E-01 -4.489142395602E-02  3.403183548892E-03  9.664390774051E-02  2.782737738867E+00  5.200847545725E-03  5.055929032686E-03 -1.025677657834E-02 -9.329717457824E-03  1.225218076950E-03  1.594971308472E-06  9.282614350538E-07 -1.570985207257E-06  2.328647630510E-02 -1.594971413985E-06 -3.903123280493E-03 -2.171297617950E-20 -4.184037941461E-21 -4.588735954553E-21 -5.846890734300E-04
  9.418794455535E+02  9.493794455535E+02  2.257341456543E+01 -3.269331087681E-14 -1.466772798389E-03  5.099479625491E+02  1.437517060604E-01  3.701875689075E-01 -3.459889430075E-02  2.987121479584E-03 -2.298769637413E-03  2.793516957214E+00  7.295018127574E-03  4.126423751455E-03 -1.142144187772E-02 -9.663803951187E-03  2.142621923129E-03  1.985709480277E-06  2.644429617706E-06 -1.787580845908E-06  2.262466227595E-02 -1.985709535330E-06 -4.584905165011E-03 -5.101037915770E-21 -5.436304386970E-21 -4.833398801975E-21 -5.770816965767E-04
  9.568794455535E+02  9.643794455535E+02  2.259288009098E+01 -1.955590109697E-14 -5.393839324552E-03  5.108320763414E+02  1.123572427952E-01  3.754187010627E-01 -2.500166305583E-02  1.999187657332E-03 -8.595964246313E-02  2.770976023270E+00  9.914851379083E-03  1.895531208089E-03 -1.181038258636E-02 -8.665744766146E-03  1.836860396427E-03  4.060406889077E-06  1.277292428252E-06  1.338074198273E-06  2.223498536124E-02 -4.060406917499E-06 -4.755523906396E-03 -1.867916770420E-21 -3.806822781037E-21 -3.242068654928E-21 -5.623745484967E-04
  9.718794455535E+02  9.793794455535E+02  2.261510716240E+01 -5.320257869962E-15 -1.036107222049E-02  5.118430041045E+02  8.155913992434E-02  3.918677550412E-01 -1.394577617241E-02  1.237319760493E-03 -1.931002201641E-01  3.031912245671E+00 -7.665483331877E-03  1.538330070888E-02 -7.717817376856E-03 -9.888680025379E-03  1.303356586034E-03 -4.914936330000E-07 -4.031114265785E-07  5.953584990901E-07  2.443071412303E-02  4.914937280094E-07 -7.861190169710E-03 -5.975240205431E-21  3.799563252729E-21 -2.131925422144E-20 -6.889825578295E-04
  9.868794455535E+02  9.943794455535E+02  2.263870118778E+01  6.321910497268E-16 -2.012444728792E-02  5.130144909274E+02  2.501362783143E-02  4.754401568795E-01 -4.052080017942E-03  4.528134655407E-04 -4.140002369560E-01  2.746482161575E+00  5.157636474472E-03 -4.650388115410E-03 -5.072483588961E-04 -8.762098990761E-03  3.404783278009E-03 -2.912172923422E-07 -1.001519779970E-06 -9.753402011055E-07  1.257613066838E-02  2.912172558601E-07 -5.204304380259E-03 -6.540478455322E-21 -1.724208795839E-21 -7.777061225793E-21 -1.905522848859E-04
