                   y                  ym                   U                   V                   W                 U^2                 V^2                 W^2                  UV                  VW                  UW                VISC               SFSxx               SFSyy               SFSzz               SFSxy               SFSyz                dUdX                dVdX                dWdX                dUdY                dVdY                dWdY                dUdZ                dVdZ                dWdZ              SFSxym
 -4.000000000000E+00 -2.000000000000E+00  0.000000000000E+00  0.000000000000E+00  0.000000000000E+00  0.000000000000E+00  0.000000000000E+00  0.000000000000E+00  0.000000000000E+00  0.000000000000E+00  0.000000000000E+00  0.000000000000E+00  0.000000000000E+00  0.000000000000E+00  0.000000000000E+00  0.000000000000E+00  0.000000000000E+00  0.000000000000E+00  0.000000000000E+00  0.000000000000E+00  0.000000000000E+00  0.000000000000E+00  0.000000000000E+00  0.000000000000E+00  0.000000000000E+00  0.000000000000E+00  0.000000000000E+00
  2.220446049250E-16  2.000000000000E+00  9.532049070679E+00  1.489412875440E-14 -1.130007637836E-01  9.456493784774E+01  8.716592068795E-02  1.149508498727E+00 -2.633280510589E-01 -2.606942382393E-03 -1.066795321755E+00  1.844729415606E+00 -4.736365049456E-03  2.031469620476E-02 -1.557833115749E-02 -9.159942839042E+00  7.881895451066E-02 -1.999004302756E-03 -1.785981215358E-04  4.884667352216E-05  4.293168242863E+01  1.999004303228E-03 -4.737791364211E-01  1.537935854553E-20  1.568261771923E-21  3.435430399409E-20 -3.259589808335E-02
  4.000000000000E+00  6.000000000000E+00  1.193420201685E+01  4.102976928118E-14 -1.240986653383E-01  1.470149983283E+02  3.508106067881E-01  1.252723535597E+00 -5.696210617313E-01 -2.707389126114E-03 -1.464725025391E+00  7.549012335677E+00  5.282747095830E-01 -4.527278853298E-01 -7.554682426735E-02 -2.661151876044E+00 -1.075850685119E-01  4.707459734744E-04 -2.853165459648E-04  2.728127827664E-05  6.241503703727E+00 -4.707459733903E-04 -1.838953964361E-02  4.313357387724E-20 -1.694527593037E-20  1.977666341141E-20 -1.742374139264E-01
  8.000000000000E+00  1.000000000000E+01  1.265214822822E+01  5.758813210732E-14 -1.220863785419E-01  1.639287149871E+02  4.464709515350E-01  1.186000270008E+00 -5.466771353713E-01 -3.115051461146E-03 -1.525141282415E+00  7.983997806552E+00  2.594382462381E-01 -5.997630157553E-01  3.403247695158E-01 -1.286662688275E+00 -4.323964120331E-02  5.100581549467E-04 -1.669227104601E-04 -3.266417930526E-05  2.783187623364E+00 -5.100581544650E-04  1.064207675210E-02  3.590084337374E-20  5.412579458001E-21  1.027290338312E-19 -7.786377254848E-02
  1.200000000000E+01  1.400000000000E+01  1.332592604794E+01  6.257995308299E-14 -1.186673240094E-01  1.813921509436E+02  5.022319012674E-01  1.163667281587E+00 -5.955765379301E-01 -2.787478413116E-03 -1.559253309658E+00  7.879268850074E+00  2.463401261097E-01 -5.534211953021E-01  3.070810691884E-01 -1.229707726240E+00 -2.098292424132E-03  3.152820756440E-04 -9.821970371872E-05 -1.709273488781E-05  2.286687510577E+00 -3.152820755463E-04  1.790331132986E-02 -7.011210932948E-21 -2.577230272715E-20  4.515557929828E-20 -6.622903374677E-02
  1.600000000000E+01  1.800000000000E+01  1.379566742943E+01  6.446151844368E-14 -1.131387111270E-01  1.939467542882E+02  5.455102956173E-01  1.147225050676E+00 -5.930973918703E-01 -3.072642636770E-03 -1.536271140321E+00  7.423743493076E+00  2.025659276693E-01 -4.971033066101E-01  2.945373789448E-01 -8.689425773568E-01 -3.354449717304E-03  1.149113826345E-04 -6.375686205766E-05 -2.530115823440E-05  1.758951362743E+00 -1.149113825525E-04  2.092676635344E-02  2.068758872867E-20  1.444958794245E-20  6.291398488918E-20 -5.007642383818E-02
  2.000000000000E+01  2.200000000000E+01  1.420528126252E+01  6.874272375293E-14 -1.082932570301E-01  2.053367826633E+02  5.811287247573E-01  1.139923457736E+00 -6.064925638754E-01 -3.292849023675E-03 -1.511476051023E+00  7.129605880244E+00  1.803171546705E-01 -4.544971404930E-01  2.741799858161E-01 -7.451338880077E-01 -5.020734445471E-03  1.136555278712E-04 -4.200966408533E-05  2.967334544910E-05  1.481121196544E+00 -1.136555273296E-04  1.725803014906E-02  3.552461911874E-20 -4.105237538881E-21  1.011103327314E-19 -4.213705442549E-02
  2.400000000000E+01  2.600000000000E+01  1.453613251054E+01  7.018276599347E-14 -1.044667624055E-01  2.147530295633E+02  6.102293387924E-01  1.132415949469E+00 -6.061641423518E-01 -3.654073248718E-03 -1.488973169702E+00  6.804236651530E+00  1.565773500748E-01 -4.163305471045E-01  2.597531970221E-01 -6.020308689949E-01 -4.499319710255E-03  1.227828947793E-04 -2.648041205483E-05  6.229861119632E-05  1.247028352051E+00 -1.227828948389E-04  1.238051607973E-02  1.545963548811E-21  7.883239535351E-21  1.041344069898E-19 -3.507223706499E-02
  2.800000000000E+01  3.000000000000E+01  1.482875888949E+01  7.179673247708E-14 -1.020682555708E-01  2.232884432638E+02  6.337084580055E-01  1.128066809093E+00 -6.100830306656E-01 -4.088517313020E-03 -1.481431551128E+00  6.548446620964E+00  1.413415532371E-01 -3.859082700931E-01  2.445667168613E-01 -5.249267214477E-01 -3.144585320453E-03  8.900720479300E-05 -1.467900125470E-05  9.754038433788E-06  1.092237207394E+00 -8.900720494739E-05  6.637059427432E-03  7.529654146758E-21  1.483742550866E-20  8.663043383922E-20 -3.059088757969E-02
  3.200000000000E+01  3.400000000000E+01  1.508236387778E+01  7.756108559229E-14 -1.011721542050E-01  2.308143564282E+02  6.525887382246E-01  1.122844269500E+00 -6.090073121297E-01 -4.373224579320E-03 -1.492257914203E+00  6.312891702586E+00  1.267416628092E-01 -3.591566212558E-01  2.324149584464E-01 -4.540227270182E-01 -1.729060160164E-03  2.071608402722E-05 -9.781613071854E-06  7.194435731427E-07  9.669084671356E-01 -2.071608385367E-05  2.944362343193E-03 -6.433474642362E-21 -1.179885694861E-20  9.977158686480E-20 -2.689529230178E-02
  3.600000000000E+01  3.800000000000E+01  1.531224521040E+01  8.956732997061E-14 -1.005678999824E-01  2.377584891069E+02  6.677283999899E-01  1.117223825419E+00 -6.093457923663E-01 -4.644272127546E-03 -1.505359110298E+00  6.104566121171E+00  1.149237121595E-01 -3.364848488678E-01  2.215611367126E-01 -4.079455531767E-01 -9.397950245892E-04  4.831709230497E-05 -8.700947857384E-06  1.222941846897E-05  8.728192826371E-01 -4.831709216111E-05  3.362366718785E-03  8.903267800355E-21  2.608153569132E-21  1.289632281313E-19 -2.415396872337E-02
  4.000000000000E+01  4.200000000000E+01  1.551869812649E+01  1.103858964594E-13 -9.946514953118E-02  2.440820669336E+02  6.798845839146E-01  1.109793509382E+00 -6.076268380608E-01 -4.804801259825E-03 -1.510163946134E+00  5.913647197241E+00  1.055847538708E-01 -3.168895550570E-01  2.113048011871E-01 -3.653696084831E-01 -1.655569022741E-03  1.800725049993E-05 -6.069030569235E-06  1.413022848530E-05  7.932790182337E-01 -1.800724992452E-05  5.805828127973E-03  9.461415297808E-21 -8.025071075702E-21  1.646845006961E-19 -2.184054521134E-02
  4.400000000000E+01  4.600000000000E+01  1.570895041904E+01  1.340175058602E-13 -9.772638160607E-02  2.499911054841E+02  6.896347676654E-01  1.102447511584E+00 -6.062637340495E-01 -5.042548018611E-03 -1.503010195149E+00  5.747184665140E+00  9.768026256404E-02 -2.995112414412E-01  2.018309788743E-01 -3.344701114225E-01 -2.825077413793E-03  1.105048378716E-06 -7.099441281500E-06  8.702009010347E-06  7.307549682257E-01 -1.105048115275E-06  6.637507082379E-03 -2.699599770441E-21 -3.056055678414E-21  1.190811291853E-19 -1.999276330817E-02
  4.800000000000E+01  5.000000000000E+01  1.588410567235E+01  1.511711806082E-13 -9.618189069679E-02  2.554975999463E+02  6.973364035971E-01  1.094765387943E+00 -6.041899394666E-01 -5.269346923985E-03 -1.495805345741E+00  5.584872845000E+00  9.043335040288E-02 -2.833120197841E-01  1.928786693788E-01 -3.061719136234E-01 -2.318238242475E-03 -2.025388847371E-05 -7.054270688179E-06  1.510060162334E-05  6.786480440789E-01  2.025388861916E-05  5.378321871640E-03  9.066182080930E-21  2.023552907081E-20  1.062779327302E-19 -1.843919174691E-02
  5.200000000000E+01  5.400000000000E+01  1.604817514100E+01  1.581025654724E-13 -9.497933656281E-02  2.607144838879E+02  7.032301966677E-01  1.086275799602E+00 -6.018837726653E-01 -5.483285614239E-03 -1.492383964039E+00  5.437767534309E+00  8.369307524580E-02 -2.688986704751E-01  1.852055952321E-01 -2.844259478549E-01 -2.630236387245E-03  1.382618435192E-05 -1.118909777727E-06  2.962915309510E-05  6.355555467755E-01 -1.382618416106E-05  4.553676927112E-03  3.709045678770E-20 -1.172287118667E-20  1.427302771751E-19 -1.713829971340E-02
  5.600000000000E+01  5.800000000000E+01  1.620184378901E+01  1.658119777187E-13 -9.386007960085E-02  2.656527857645E+02  7.076094046070E-01  1.077914918434E+00 -5.995327381360E-01 -5.709079117609E-03 -1.489130286335E+00  5.305348779412E+00  7.820922884547E-02 -2.565438045963E-01  1.783345757498E-01 -2.643131341032E-01 -2.300731268018E-03  9.120525173496E-05  4.608263479244E-06  3.807878821529E-05  5.955805238424E-01 -9.120525132210E-05  4.889676592395E-03 -1.058693917647E-20  9.551684798925E-21  1.471007222603E-19 -1.596278663189E-02
  6.000000000000E+01  6.200000000000E+01  1.634612789679E+01  1.597244780015E-13 -9.253111910268E-02  2.703321335100E+02  7.107722952652E-01  1.069468994994E+00 -5.968609037152E-01 -5.833450470065E-03 -1.482091290565E+00  5.184014138839E+00  7.356136602518E-02 -2.452155881513E-01  1.716542221302E-01 -2.463884939725E-01 -2.114417348655E-03 -1.257093073308E-05  3.435140048082E-06  1.477342788951E-05  5.607359229186E-01  1.257092961170E-05  5.172498024517E-03  5.535576222534E-20 -2.982870324298E-20  1.168119247589E-19 -1.493930089250E-02
  6.400000000000E+01  6.600000000000E+01  1.648224273353E+01  1.540749774582E-13 -9.126127370647E-02  2.747848717987E+02  7.128464791759E-01  1.061289332859E+00 -5.939907948524E-01 -5.995106685700E-03 -1.474833505589E+00  5.070678256893E+00  6.913873145920E-02 -2.349570684042E-01  1.658183369424E-01 -2.316207775817E-01 -2.475286882303E-03 -1.525404626670E-05  1.348190472197E-06  3.017266133941E-06  5.314152614904E-01  1.525404760178E-05  4.752829156241E-03 -2.927264801353E-20 -2.529573819479E-20  1.508988574290E-19 -1.404654659214E-02
  6.800000000000E+01  7.000000000000E+01  1.661175075831E+01  1.502489666248E-13 -9.011693696163E-02  2.790570756473E+02  7.139178605862E-01  1.054556717313E+00 -5.911253840880E-01 -6.104944609332E-03 -1.468550508825E+00  4.970699648830E+00  6.522522299683E-02 -2.259420453242E-01  1.607168223276E-01 -2.182674481734E-01 -2.549004165030E-03  3.068520528873E-05  2.348637821431E-06  6.744953601419E-06  5.046547881083E-01 -3.068520656736E-05  4.716440210114E-03  4.341930244205E-20 -3.546270399725E-21  9.370701229048E-20 -1.325706199858E-02
  7.200000000000E+01  7.400000000000E+01  1.673463949078E+01  1.515134587527E-13 -8.891133371092E-02  2.831415972720E+02  7.142690914702E-01  1.049149610079E+00 -5.880539287934E-01 -6.225524132351E-03 -1.459773027896E+00  4.875537489681E+00  6.192811580105E-02 -2.177632001471E-01  1.558350843495E-01 -2.058672846204E-01 -2.389203409909E-03  2.123265693158E-05  1.568855106908E-06  9.650876792013E-06  4.801937007896E-01 -2.123265655467E-05  4.762033422464E-03  1.327777514310E-20 -1.072402270428E-20  1.341991219445E-19 -1.251351061947E-02
  7.600000000000E+01  7.800000000000E+01  1.685191493302E+01  1.784069246502E-13 -8.780216949418E-02  2.870689847804E+02  7.140315413348E-01  1.044737081681E+00 -5.849872767003E-01 -6.377830759989E-03 -1.451603626449E+00  4.779606637765E+00  5.866818451231E-02 -2.102713398012E-01  1.516031552907E-01 -1.944601929698E-01 -2.153930023247E-03 -1.709412418743E-06 -7.440704127459E-07  5.702834339235E-06  4.578064776664E-01  1.709412516595E-06  2.865559882546E-03 -6.449851563864E-20 -2.535311716008E-21  1.308077619500E-19 -1.182068466686E-02
  8.000000000000E+01  8.200000000000E+01  1.696349888986E+01  1.990553545201E-13 -8.751453221164E-02  2.908305855397E+02  7.133484823706E-01  1.040138335148E+00 -5.818017849608E-01 -6.527831301687E-03 -1.457007990677E+00  4.693564337167E+00  5.536071444425E-02 -2.028661552482E-01  1.475054408066E-01 -1.838053049223E-01 -1.057345970821E-03  3.826768742710E-06 -1.178030538944E-06  2.794103117310E-06  4.382508724480E-01 -3.826769006584E-06  7.661216272791E-04  1.272453163416E-20 -1.614053205409E-20  1.378475099274E-19 -1.121429837014E-02
  8.400000000000E+01  8.600000000000E+01  1.707097601860E+01  2.149773419176E-13 -8.742696036242E-02  2.944768896224E+02  7.123501253974E-01  1.034813515019E+00 -5.785966816110E-01 -6.624712887378E-03 -1.464596721639E+00  4.610068889751E+00  5.207358787636E-02 -1.955978012647E-01  1.435242133911E-01 -1.747444105278E-01 -5.814515651091E-04  1.245346998439E-06  9.157304619609E-07 -2.633016643518E-05  4.201260601286E-01 -1.245346706423E-06  2.326635939115E-04 -6.218180418719E-21  8.181234384743E-21  1.464614267063E-19 -1.062908565000E-02
  8.800000000000E+01  9.000000000000E+01  1.717358940926E+01  2.405322747980E-13 -8.745622075369E-02  2.979787912025E+02  7.109731134616E-01  1.029609823469E+00 -5.752578250113E-01 -6.698974240352E-03 -1.473781204193E+00  4.529763591419E+00  4.981606762253E-02 -1.893645427293E-01  1.395484751068E-01 -1.654540009750E-01 -4.944614583623E-04 -7.483542446481E-06  1.787151276880E-06 -4.405437139789E-05  4.015480345645E-01  7.483542550702E-06  2.245969361866E-04 -1.985869247229E-20  1.357736719254E-21  1.558096011371E-19 -1.009247590816E-02
  9.200000000000E+01  9.400000000000E+01  1.727177459198E+01  2.586336165488E-13 -8.737406965641E-02  3.013495411458E+02  7.091871458668E-01  1.024456636701E+00 -5.718199041616E-01 -6.761122321764E-03 -1.480282924139E+00  4.454313291605E+00  4.753914615926E-02 -1.835913859867E-01  1.360522398286E-01 -1.574256955362E-01 -6.564802038044E-04  1.436825101769E-05  1.363039425679E-06 -1.969139378811E-05  3.866673870300E-01 -1.436825097872E-05  3.994293119961E-04 -3.398604088198E-20 -3.782832434530E-20  1.245570819904E-19 -9.645646562385E-03
  9.600000000000E+01  9.800000000000E+01  1.736686311157E+01  2.605073483319E-13 -8.727805288916E-02  3.046323134499E+02  7.072030081646E-01  1.018897183535E+00 -5.683866426003E-01 -6.791599728647E-03 -1.486187956049E+00  4.384928138061E+00  4.525258680169E-02 -1.779566538112E-01  1.327040670117E-01 -1.510585992375E-01 -7.848040347781E-04  1.547245983299E-05  3.023514230842E-06 -1.660339222893E-05  3.742399420294E-01 -1.547245982879E-05  2.467428502838E-04 -3.877818141099E-20 -1.163646886823E-20  1.248309742675E-19 -9.242743033637E-03
  1.000000000000E+02  1.020000000000E+02  1.745887808580E+01  2.624392743053E-13 -8.727822076450E-02  3.078247988264E+02  7.051303754348E-01  1.012716187774E+00 -5.649368282063E-01 -6.841371086971E-03 -1.493926322488E+00  4.317111070352E+00  4.332785564582E-02 -1.725252225263E-01  1.291973668779E-01 -1.449074488979E-01 -6.352058345890E-04 -1.034310452488E-05  4.777553066802E-06 -1.986565910443E-05  3.614758040290E-01  1.034310473269E-05 -1.451372245875E-03 -1.215078401923E-20 -5.038750364869E-20  1.323599945226E-19 -8.855866253924E-03
  1.040000000000E+02  1.060000000000E+02  1.754765941130E+01  2.623167856252E-13 -8.798789124250E-02  3.109214303821E+02  7.030185471739E-01  1.005666475247E+00 -5.613799029226E-01 -6.825965015720E-03 -1.514154088908E+00  4.250620284617E+00  4.123697960927E-02 -1.675150072225E-01  1.262780276123E-01 -1.385923975798E-01 -2.596650944958E-04 -9.255175351741E-06  3.858750886404E-06 -3.323313736013E-06  3.498126782789E-01  9.255174988693E-06 -3.271826510201E-03 -1.270775040180E-20 -1.077397570521E-20  1.177849260643E-19 -8.482168207949E-03
  1.080000000000E+02  1.100000000000E+02  1.763385500841E+01  2.595241703832E-13 -8.888328068872E-02  3.139417834304E+02  7.008097725227E-01  9.984281199231E-01 -5.579572355179E-01 -6.868944643326E-03 -1.537895756386E+00  4.186325236839E+00  3.928746767035E-02 -1.625516719642E-01  1.232642042923E-01 -1.327491840439E-01  7.721068773421E-05  1.918841642422E-05  3.702496826107E-07  3.022081759005E-06  3.381141815823E-01 -1.918841635607E-05 -4.049784644086E-03  3.246884607023E-20 -1.413644334503E-20  1.119031313328E-19 -8.129989547265E-03
  1.120000000000E+02  1.140000000000E+02  1.771673964080E+01  2.636688473170E-13 -9.001554801179E-02  3.168593401668E+02  6.984755098446E-01  9.909677389222E-01 -5.543870562472E-01 -6.836443580255E-03 -1.566285913822E+00  4.123437134988E+00  3.760576818560E-02 -1.578984056166E-01  1.202926374324E-01 -1.271690022866E-01  5.396870682491E-04 -3.570209454343E-06 -3.895362313169E-06 -1.381340752277E-06  3.258584171298E-01  3.570209209840E-06 -4.975727578773E-03 -1.649709079507E-20  5.713177782720E-21  1.344513339468E-19 -7.779872666705E-03
  1.160000000000E+02  1.180000000000E+02  1.779669370995E+01  2.656911633700E-13 -9.136721229556E-02  3.196841268133E+02  6.960039460858E-01  9.832541515332E-01 -5.509241168416E-01 -6.853345706232E-03 -1.599115319460E+00  4.065116723956E+00  3.601672831368E-02 -1.539184338904E-01  1.179017055773E-01 -1.219007399684E-01  5.512183106218E-04 -2.401673926366E-05 -4.551087551608E-06  9.294202401460E-07  3.144148583518E-01  2.401673944347E-05 -6.138317430841E-03 -5.091366578160E-20 -5.651455927678E-21  1.337108033299E-19 -7.448045417698E-03
  1.200000000000E+02  1.220000000000E+02  1.787387643040E+01  2.611276556675E-13 -9.306611028040E-02  3.224199048940E+02  6.933335806162E-01  9.747646165953E-01 -5.473778353022E-01 -6.836677470037E-03 -1.637843938107E+00  4.009995180601E+00  3.445044010583E-02 -1.501123463740E-01  1.156619062668E-01 -1.166698029969E-01  8.160459137336E-04  8.029318514939E-07 -3.371299456479E-06  1.422965308362E-05  3.038867139498E-01 -8.029317469397E-07 -7.122266746356E-03 -3.063442981906E-20 -3.477245541869E-20  1.528947600279E-19 -7.147740293378E-03
  1.240000000000E+02  1.260000000000E+02  1.794868415666E+01  2.648110689063E-13 -9.492074534113E-02  3.250810381079E+02  6.904886735507E-01  9.663190073025E-01 -5.438640878016E-01 -6.822045479697E-03 -1.678772067195E+00  3.959189219961E+00  3.358415917166E-02 -1.470356697154E-01  1.134515105447E-01 -1.121451030029E-01  1.036550244469E-03  8.682292010437E-06 -4.735548933731E-06  8.607995084206E-06  2.945741936609E-01 -8.682291595628E-06 -8.016446771027E-03 -1.630724748268E-20 -3.497124986375E-20  1.130643864032E-19 -6.873029544565E-03
  1.280000000000E+02  1.300000000000E+02  1.802121009013E+01  2.733904439639E-13 -9.708239123412E-02  3.276690423057E+02  6.875532583621E-01  9.582107669176E-01 -5.402725309246E-01 -6.797992859271E-03 -1.725134080460E+00  3.905985199303E+00  3.225245467811E-02 -1.436083966505E-01  1.113559419720E-01 -1.077636854417E-01  1.285253013864E-03  9.237260712900E-06 -7.717616083597E-06  7.035720808731E-06  2.846296260248E-01 -9.237260645587E-06 -9.030695892680E-03  3.376713978264E-22 -1.469572987850E-20  1.077008255659E-19 -6.595854472523E-03
  1.320000000000E+02  1.340000000000E+02  1.809098065181E+01  2.718483493869E-13 -9.942846618315E-02  3.301666007498E+02  6.845800870594E-01  9.509235551455E-01 -5.368088327189E-01 -6.803051530717E-03 -1.775150387954E+00  3.857571713443E+00  3.128202210659E-02 -1.407220253943E-01  1.094400032858E-01 -1.034092375744E-01  1.559965540391E-03 -2.314761342346E-06 -1.023313274337E-05  2.155359824619E-05  2.760625532159E-01  2.314761372106E-06 -1.015445735231E-02  2.906568837300E-21  1.446246785709E-21  9.504888659748E-20 -6.362498554936E-03
  1.360000000000E+02  1.380000000000E+02  1.815920711651E+01  2.673016047510E-13 -1.021177084527E-01  3.326175521222E+02  6.816559118367E-01  9.429101302017E-01 -5.331143330591E-01 -6.753561675759E-03 -1.831216693482E+00  3.811037650120E+00  3.004767787754E-02 -1.376365647930E-01  1.075888869169E-01 -1.002208952851E-01  2.221141563681E-03 -6.313514482160E-06 -1.168184805820E-05  2.303986335131E-05  2.690795053386E-01  6.313514383281E-06 -1.081353032482E-02 -1.955349600948E-20 -8.099558961994E-22  1.115249210795E-19 -6.166276203967E-03
  1.400000000000E+02  1.420000000000E+02  1.822550536332E+01  2.548918524165E-13 -1.048019017055E-01  3.350072962628E+02  6.787889492086E-01  9.348023171330E-01 -5.295762634780E-01 -6.717727601575E-03 -1.887267919038E+00  3.766680781955E+00  2.902503044970E-02 -1.346352542100E-01  1.056102237610E-01 -9.707622151351E-02  1.947738324337E-03 -1.775927812127E-05 -1.266201975888E-05  5.442272978843E-06  2.630878247178E-01  1.775927816123E-05 -1.042192523176E-02 -2.672619113856E-20 -1.074737293012E-20  1.554724202403E-19 -5.979453337084E-03
  1.440000000000E+02  1.460000000000E+02  1.829073793377E+01  2.394823370282E-13 -1.073350139969E-01  3.373649565422E+02  6.760869309126E-01  9.275136254375E-01 -5.259283027209E-01 -6.666397218544E-03 -1.940244093777E+00  3.724846104449E+00  2.782549015318E-02 -1.315669680747E-01  1.037414779214E-01 -9.448508042550E-02  1.715029271324E-03  1.325943162506E-07 -1.331672192849E-05  9.069002163994E-06  2.573863845076E-01 -1.325943811197E-07 -1.002885230037E-02 -4.471701477471E-20 -2.452895178915E-20  1.334938182337E-19 -5.818800777977E-03
  1.480000000000E+02  1.500000000000E+02  1.835417511136E+01  2.373732477939E-13 -1.097958219944E-01  3.396648274780E+02  6.735660473608E-01  9.201736029619E-01 -5.223647397700E-01 -6.580163604145E-03 -1.991056973720E+00  3.685153773371E+00  2.688541132825E-02 -1.287756504812E-01  1.018902391540E-01 -9.170016134798E-02  1.701017663815E-03  2.639719411048E-05 -1.365333858565E-05  1.649004436908E-05  2.509958350860E-01 -2.639719407316E-05 -9.339126959600E-03 -4.808385867444E-20 -2.120953537956E-21  1.280725616616E-19 -5.659095419906E-03
  1.520000000000E+02  1.540000000000E+02  1.841617578256E+01  2.362899069117E-13 -1.119668139402E-01  3.419201786885E+02  6.710946631606E-01  9.127244320573E-01 -5.187544511040E-01 -6.509911017996E-03 -2.036417927477E+00  3.646080846857E+00  2.597324343747E-02 -1.259947663474E-01  1.000215229116E-01 -8.939248231935E-02  1.583692926178E-03  1.206349628730E-05 -1.188400126040E-05  1.380002533475E-05  2.460227323084E-01 -1.206349639845E-05 -8.712716084131E-03 -3.305633472408E-20 -9.224806669359E-21  1.255626922797E-19 -5.516421634463E-03
  1.560000000000E+02  1.580000000000E+02  1.847713815802E+01  2.350629049047E-13 -1.141633631318E-01  3.441461230220E+02  6.686189976162E-01  9.060421910466E-01 -5.152232807275E-01 -6.460652111225E-03 -2.082439383358E+00  3.609869713649E+00  2.517019918233E-02 -1.235883411006E-01  9.841814191927E-02 -8.703401267082E-02  1.644001005746E-03  2.398436190786E-06 -7.981508846592E-06  7.092184945883E-06  2.411617102378E-01 -2.398435869547E-06 -8.348122452407E-03 -5.420819554312E-20 -1.016822291995E-20  1.124990206021E-19 -5.361831230711E-03
  1.600000000000E+02  1.620000000000E+02  1.853679410400E+01  2.433084061194E-13 -1.161510502390E-01  3.463283122289E+02  6.661351474265E-01  8.992854499180E-01 -5.116483942802E-01 -6.356967813334E-03 -2.124026264922E+00  3.572550520094E+00  2.442385868123E-02 -1.212470169777E-01  9.682315829704E-02 -8.446288111279E-02  1.481814312110E-03  4.757230146749E-06 -5.341035967563E-06  2.824925623589E-06  2.357707019695E-01 -4.757230225269E-06 -8.159488276008E-03 -4.682791972321E-20 -1.963608621652E-21  9.268381023253E-20 -5.200616916703E-03
  1.640000000000E+02  1.660000000000E+02  1.859506090950E+01  2.535980019730E-13 -1.182127554361E-01  3.484670896452E+02  6.637080686802E-01  8.924537873923E-01 -5.081051421374E-01 -6.277211619756E-03 -2.166772560125E+00  3.533969604600E+00  2.348202249930E-02 -1.186732760902E-01  9.519125359036E-02 -8.195006041970E-02  1.514692854401E-03  5.280599988793E-06 -4.332350648215E-06  4.274313932808E-06  2.305808263530E-01 -5.280599891160E-06 -7.467679631068E-03 -9.093964118840E-20 -6.437642304212E-21  1.360895492491E-19 -5.045768519271E-03
  1.680000000000E+02  1.700000000000E+02  1.865206153116E+01  2.612005533739E-13 -1.198793129168E-01  3.505659822351E+02  6.613154510198E-01  8.864199050887E-01 -5.044980386139E-01 -6.170638905223E-03 -2.202386080719E+00  3.494227503568E+00  2.245778915116E-02 -1.162042766792E-01  9.374648752828E-02 -7.949491142693E-02  1.030055371227E-03 -3.853203295659E-06 -3.148350998654E-06  6.666222839730E-06  2.251054761514E-01  3.853203400912E-06 -6.605875671229E-03 -1.170920077361E-20 -2.382149186885E-20  1.349306877821E-19 -4.891529516128E-03
  1.720000000000E+02  1.740000000000E+02  1.870756959959E+01  2.747094617755E-13 -1.215649039707E-01  3.526151106956E+02  6.588564202371E-01  8.812881947564E-01 -5.010149248152E-01 -6.079838340641E-03 -2.239336457059E+00  3.459640167999E+00  2.162758527511E-02 -1.140002353912E-01  9.237265011748E-02 -7.721119457109E-02  9.579952418667E-04 -5.051920468057E-06 -1.134314224166E-06  1.265208988472E-05  2.188748932291E-01  5.051920794301E-06 -6.524203777102E-03 -2.965741371382E-20 -1.657731816114E-20  9.973161223828E-20 -4.747275825615E-03
  1.760000000000E+02  1.780000000000E+02  1.876145517853E+01  2.857412249521E-13 -1.231685907170E-01  3.546106354835E+02  6.563277996783E-01  8.762323732491E-01 -4.974173674885E-01 -5.951441393772E-03 -2.275317567972E+00  3.425519403242E+00  2.110272623630E-02 -1.118559082494E-01  9.075318201215E-02 -7.485410528984E-02  1.296438161390E-03  3.074713772141E-06  1.298085668135E-06  8.259525317409E-06  2.132500188897E-01 -3.074713424299E-06 -7.030598297396E-03 -6.168288236396E-20 -1.928101821427E-20  8.872582932767E-20 -4.616311736012E-03
  1.800000000000E+02  1.820000000000E+02  1.881420079605E+01  2.921058710308E-13 -1.250651342412E-01  3.565681197486E+02  6.537644267359E-01  8.708886534823E-01 -4.939005958870E-01 -5.809931570229E-03 -2.316602087970E+00  3.392620740627E+00  2.061493562663E-02 -1.098342572797E-01  8.921932165396E-02 -7.278194559821E-02  1.639519421926E-03  1.012546905516E-05  3.061632293494E-06  5.377686958698E-06  2.089918472577E-01 -1.012546885507E-05 -7.809765027939E-03 -3.536345985580E-20 -2.979529758643E-20  1.253843161926E-19 -4.484658378676E-03
  1.840000000000E+02  1.860000000000E+02  1.886599062506E+01  3.092091033450E-13 -1.270560699703E-01  3.584949078581E+02  6.511143721313E-01  8.654334626769E-01 -4.903548022429E-01 -5.622709787691E-03 -2.360308647214E+00  3.360226160086E+00  2.026407237515E-02 -1.078027396506E-01  8.753866727508E-02 -7.070455356682E-02  1.580357353041E-03 -5.209613481770E-06  3.633257807209E-06  9.227478436282E-06  2.040350121137E-01  5.209613721436E-06 -7.297697448410E-03 -5.193600007350E-20 -1.957334848232E-20  1.123072997270E-19 -4.352403281269E-03
  1.880000000000E+02  1.900000000000E+02  1.891620310789E+01  3.280648021760E-13 -1.287034947626E-01  3.603675033620E+02  6.482878935553E-01  8.597876807709E-01 -4.868506376806E-01 -5.483592491077E-03 -2.397610660937E+00  3.326539930831E+00  1.953487808848E-02 -1.054804543059E-01  8.594557621895E-02 -6.858747447640E-02  1.194217838983E-03 -5.781339378498E-06  4.662243933634E-06  6.031322299878E-06  1.992716756202E-01  5.781339439707E-06 -6.748770852953E-03 -1.920386486127E-20  3.228687355276E-21  1.326415264771E-19 -4.240106801567E-03
  1.920000000000E+02  1.940000000000E+02  1.896559840238E+01  3.353497612703E-13 -1.304282042368E-01  3.622135767378E+02  6.453220848150E-01  8.542380143154E-01 -4.833136219280E-01 -5.311859980335E-03 -2.436932610747E+00  3.293729796489E+00  1.917313883720E-02 -1.035761031013E-01  8.440296426447E-02 -6.707858357259E-02  1.185046050981E-03  1.853757216727E-05  6.277095593651E-06  7.959559797696E-06  1.960731761565E-01 -1.853757222589E-05 -6.579769845496E-03 -5.995407015993E-20 -1.546642001586E-20  1.010370395896E-19 -4.142503657963E-03
  1.960000000000E+02  1.980000000000E+02  1.901427809749E+01  3.372158426338E-13 -1.319835405892E-01  3.640391771729E+02  6.423566371555E-01  8.495299328585E-01 -4.799539746826E-01 -5.151867555932E-03 -2.473625964733E+00  3.267841614674E+00  1.894140935165E-02 -1.021037066010E-01  8.316229725203E-02 -6.532153461808E-02  7.843071075169E-04 -2.726624279617E-06  5.523579516178E-06  3.202495200130E-06  1.944333149477E-01  2.726624309465E-06 -6.708209920042E-03 -7.702482800255E-20 -7.285825764926E-21  1.213194683910E-19 -4.035332198939E-03
  2.000000000000E+02  2.020600000000E+02  1.906286115977E+01  3.400713293143E-13 -1.337854154530E-01  3.658646190224E+02  6.391379857125E-01  8.447272935946E-01 -4.763581174571E-01 -4.997151676757E-03 -2.515792540837E+00  3.241842353439E+00  1.753727707566E-02 -9.889802507118E-02  8.136074799563E-02 -6.407300366525E-02  1.221741255300E-03 -2.748508911371E-05  3.045720921299E-06  9.728870685269E-06  1.901614040803E-01  2.748508930018E-05 -7.499001392757E-03 -9.454174773519E-20 -2.291545259674E-20  1.510176547601E-19 -3.989576032254E-03
  2.041200000000E+02  2.062418000000E+02  1.911220206745E+01  3.436087421538E-13 -1.358382246159E-01  3.677229128990E+02  6.358733505946E-01  8.396832847424E-01 -4.728299437465E-01 -4.814424527209E-03 -2.562547543185E+00  3.219725937941E+00  1.622844424519E-02 -9.564350452175E-02  7.941506027575E-02 -6.345681906815E-02  1.353478602005E-03 -1.404448994341E-05  2.227627038721E-06  2.386595368636E-05  1.866293345152E-01  1.404449033309E-05 -7.587078553432E-03 -5.707092123256E-20 -9.432198023756E-22  8.849927418492E-20 -3.924588352277E-03
  2.083636000000E+02  2.105490540000E+02  1.916184269387E+01  3.516149512754E-13 -1.377680395210E-01  3.695954628660E+02  6.325393928492E-01  8.333481524733E-01 -4.691066691570E-01 -4.666695481866E-03 -2.606508528017E+00  3.191482947167E+00  1.482205779000E-02 -9.198731405262E-02  7.716525626351E-02 -6.216025117610E-02  1.548036355171E-03  2.983707534039E-06  3.503161636376E-06  2.323433651334E-05  1.821664650826E-01 -2.983707670754E-06 -7.186001723282E-03 -9.553192975437E-20 -1.283680844585E-20  1.351476926133E-19 -3.854414233604E-03
  2.127345080000E+02  2.149855256200E+02  1.921175608452E+01  3.694230112788E-13 -1.397554157082E-01  3.714840122956E+02  6.290655964544E-01  8.269688410108E-01 -4.654074190452E-01 -4.435978631159E-03 -2.652073290310E+00  3.167121826980E+00  1.348284021209E-02 -8.848486100433E-02  7.500202079304E-02 -6.106036895853E-02  1.556706921190E-03 -3.144093245512E-06  5.107812958405E-06  2.326874861318E-05  1.774353094317E-01  3.144093600743E-06 -6.823080902104E-03 -9.766951078116E-20 -1.770330100385E-20  8.277336205053E-20 -3.772246441402E-03
  2.172365432400E+02  2.195550913886E+02  1.926172718832E+01  3.865418991833E-13 -1.416037846764E-01  3.733805153944E+02  6.255502536570E-01  8.202862543304E-01 -4.616080144028E-01 -4.242396775685E-03 -2.695206689450E+00  3.139043366197E+00  1.215703405182E-02 -8.486384293686E-02  7.270680888583E-02 -5.959805103438E-02  1.658765966236E-03 -8.210110280876E-06  6.658053992312E-06  2.486327914922E-05  1.720219489788E-01  8.210110221796E-06 -6.496581239824E-03 -8.635690156144E-20 -3.289288154848E-21  9.321116818501E-20 -3.684594220998E-03
  2.218736395372E+02  2.242617441303E+02  1.931148604731E+01  3.916334675539E-13 -1.434896103855E-01  3.752750140234E+02  6.219933739222E-01  8.133917252589E-01 -4.577176987135E-01 -3.984021736550E-03 -2.739587081102E+00  3.111850232689E+00  1.091768372447E-02 -8.108151595489E-02  7.016383223031E-02 -5.827265352521E-02  1.764480605633E-03 -1.029236318392E-05  8.753645683564E-06  1.223243748383E-05  1.670446140674E-01  1.029236315258E-05 -6.042644888623E-03 -9.603465687411E-20  1.389690794337E-21  7.710911825467E-20 -3.601629965587E-03
  2.266498487233E+02  2.291095964542E+02  1.936147019918E+01  3.936860611814E-13 -1.452033851333E-01  3.771828013655E+02  6.183846150604E-01  8.075556247185E-01 -4.537369247794E-01 -3.796767944582E-03 -2.780973752557E+00  3.089220536196E+00  9.407689131274E-03 -7.721069813652E-02  6.780300900518E-02 -5.696763244269E-02  1.605064301402E-03 -9.215302407594E-06  1.075402784285E-05  1.048401693788E-05  1.635850976733E-01  9.215302442718E-06 -4.768873076616E-03 -1.131314861313E-19 -3.483041668071E-20  8.855711103680E-20 -3.536794436871E-03
  2.315693441850E+02  2.341028843478E+02  1.941208644756E+01  3.975703221498E-13 -1.464357904004E-01  3.791206067437E+02  6.148211102732E-01  8.020223924230E-01 -4.496440086458E-01 -3.473535323459E-03 -2.814100876170E+00  3.066668246462E+00  8.019768149405E-03 -7.321374049833E-02  6.519397234995E-02 -5.614866312725E-02  1.229006782938E-03 -5.803128631133E-06  1.180977995792E-05  2.054211417709E-05  1.598180787279E-01  5.803128574179E-06 -4.066930998739E-03 -1.228220020657E-19 -1.929568446508E-20  6.788675979521E-20 -3.471660133613E-03
  2.366364245106E+02  2.392459708782E+02  1.946270111810E+01  3.940140181717E-13 -1.477796561450E-01  3.810645183315E+02  6.112007413845E-01  7.961704848896E-01 -4.454814213541E-01 -3.277815457512E-03 -2.850364277024E+00  3.043467868218E+00  6.625442507549E-03 -6.922048594849E-02  6.259504344179E-02 -5.506670456823E-02  1.131907292458E-03 -1.016952890768E-05  1.184401195359E-05  1.727390896516E-05  1.565359539480E-01  1.016952911163E-05 -3.151771203842E-03 -1.029329428566E-19 -1.327988305320E-20  5.376507717206E-20 -3.421753620932E-03
  2.418555172459E+02  2.445433500046E+02  1.951421824403E+01  3.808541375790E-13 -1.485044902397E-01  3.830471810552E+02  6.073486217900E-01  7.902739837830E-01 -4.412824639923E-01 -2.962633518924E-03 -2.875318941208E+00  3.019529022529E+00  5.355520585544E-03 -6.528171059684E-02  5.992619001064E-02 -5.438785518219E-02  8.175781702078E-04  6.210412276668E-06  1.155178159115E-05  1.141393296300E-05  1.545333759952E-01 -6.210412478149E-06 -1.452821172602E-03 -1.179766919943E-19 -1.939564792052E-20  5.729971090007E-20 -3.387568056608E-03
  2.472311827633E+02  2.499996505047E+02  1.956655975459E+01  3.654291481682E-13 -1.487985503262E-01  3.850664908634E+02  6.032875639740E-01  7.843777553574E-01 -4.368608815728E-01 -2.743207191373E-03 -2.891370490143E+00  2.997517075599E+00  3.998453476313E-03 -6.131140480776E-02  5.731295133099E-02 -5.402872394790E-02  6.434769903596E-04  2.240705492153E-06  1.144666831195E-05  1.435542906638E-05  1.525406215816E-01 -2.240705683830E-06 -1.693233839960E-03 -1.099985137701E-19 -2.358920066185E-20  6.103646592164E-20 -3.362404485146E-03
  2.527681182462E+02  2.556196400198E+02  1.961979215859E+01  3.566449774395E-13 -1.497145932882E-01  3.871248043183E+02  5.990131988513E-01  7.785403808598E-01 -4.325617517859E-01 -2.538855832050E-03 -2.918302810837E+00  2.982210577024E+00  2.765101195310E-03 -5.772753548570E-02  5.496243429061E-02 -5.357706501143E-02  1.043287162103E-03  2.882820245097E-06  1.204253277150E-05  1.699146447370E-05  1.506164893522E-01 -2.882820298226E-06 -2.964663964851E-03 -9.722098045537E-20 -1.554658907042E-20  5.975636333697E-20 -3.338537963574E-03
  2.584711617935E+02  2.614082292204E+02  1.967392441182E+01  3.556397988602E-13 -1.509273291553E-01  3.892224580242E+02  5.945553633916E-01  7.723029527993E-01 -4.279604652803E-01 -2.229972230202E-03 -2.951126352418E+00  2.968127653590E+00  1.518245063366E-03 -5.426635707576E-02  5.274811201235E-02 -5.321524267325E-02  1.186487952563E-03  6.264100645481E-06  1.254847886643E-05  1.342056428596E-05  1.466675108359E-01 -6.264100711210E-06 -3.111850718908E-03 -1.114666149034E-19 -2.848226058011E-20  7.228835258121E-20 -3.297656255703E-03
  2.643452966473E+02  2.673704760971E+02  1.972748767578E+01  3.559407271240E-13 -1.519979778892E-01  3.913013478421E+02  5.899051986608E-01  7.654507017510E-01 -4.234737132786E-01 -2.014314351832E-03 -2.979776302844E+00  2.950224106881E+00 -6.378540879579E-05 -5.023863431742E-02  5.030241972565E-02 -5.230458655106E-02  1.070496942885E-03  3.209986574729E-06  1.115176968477E-05  1.115963838333E-05  1.425135293836E-01 -3.209986750484E-06 -2.634924589684E-03 -1.248973836220E-19 -1.614080039959E-20  6.343982454673E-20 -3.247636866435E-03
  2.703956555468E+02  2.735115903800E+02  1.978171356120E+01  3.509765979006E-13 -1.529080619464E-01  3.934113789362E+02  5.851094473713E-01  7.566452558705E-01 -4.187190608760E-01 -1.642875490161E-03 -3.006348356732E+00  2.933906436829E+00 -1.171584084657E-03 -4.626005293204E-02  4.743163701706E-02 -5.164526670605E-02  9.647816020960E-04 -7.066006963718E-07  7.697749650508E-06  7.305508764359E-06  1.390167591018E-01  7.066004821861E-07 -1.938651472912E-03 -1.457944637432E-19 -3.327844682493E-20  5.515066071305E-20 -3.190025810684E-03
  2.766275252132E+02  2.798369380914E+02  1.983575803936E+01  3.442311036911E-13 -1.535131905591E-01  3.955195531770E+02  5.803625052585E-01  7.462282090264E-01 -4.140361400232E-01 -1.445477145002E-03 -3.028045755234E+00  2.915858722242E+00 -2.500030355459E-03 -4.204163088628E-02  4.454166124054E-02 -5.043068088668E-02  3.928577111385E-04 -2.838341524991E-07  4.015915898292E-06  4.153145144730E-07  1.349344715234E-01  2.838338785277E-07 -9.612199533665E-04 -1.500384895769E-19 -6.756622777064E-21  5.836126852873E-20 -3.123742370635E-03
  2.830463509696E+02  2.863520462341E+02  1.988993649280E+01  3.500644993789E-13 -1.537059285508E-01  3.976345210579E+02  5.755902151278E-01  7.356103948955E-01 -4.090078477948E-01 -1.204768385212E-03 -3.041801036962E+00  2.898697224641E+00 -3.776641888877E-03 -3.796573901986E-02  4.174238090888E-02 -4.938578596400E-02  4.613039781102E-04  7.231717630456E-06  1.406007578729E-06  7.343556809168E-06  1.303082503054E-01 -7.231717481950E-06 -1.872404923703E-04 -1.215691371826E-19 -8.748420861207E-21  5.448955515072E-20 -3.048953102460E-03
  2.896577414987E+02  2.930626076211E+02  1.994343481865E+01  3.655837293772E-13 -1.536908728491E-01  3.997275349396E+02  5.706705464797E-01  7.262539372501E-01 -4.042048874066E-01 -9.158837163695E-04 -3.051062726749E+00  2.890045130489E+00 -4.967876912974E-03 -3.415469241147E-02  3.912256932399E-02 -4.814533057403E-02  5.050595480029E-04  8.140482479843E-06 -2.439060327779E-07  1.532840647829E-05  1.252837751920E-01 -8.140482389643E-06  1.619265826060E-04 -8.784843679181E-20 -1.028223194959E-20  4.103462802734E-20 -2.972503121609E-03
  2.964674737436E+02  2.999744858498E+02  1.999657931715E+01  3.710951418841E-13 -1.535792811879E-01  4.018106123135E+02  5.655418657924E-01  7.186472113278E-01 -3.989222165041E-01 -6.989127175436E-04 -3.057996957743E+00  2.885326744370E+00 -6.158600760568E-03 -3.034882563465E-02  3.650742639442E-02 -4.693424538807E-02  4.525320966532E-04  1.099348617065E-05 -1.921384809198E-06  2.020528526168E-05  1.209732906035E-01 -1.099348593045E-05 -3.427864104489E-04 -1.201805206512E-19 -2.945548035271E-20  5.043811430569E-20 -2.906108227542E-03
  3.034814979559E+02  3.070937204253E+02  2.004949567081E+01  3.629534803494E-13 -1.539838286727E-01  4.038852025455E+02  5.603193704141E-01  7.123494029319E-01 -3.938268407238E-01 -4.686437909368E-04 -3.074911204749E+00  2.876482192468E+00 -7.573548722553E-03 -2.638122292824E-02  3.395477165074E-02 -4.609536596484E-02  7.771305988619E-04  7.476553332589E-06 -3.596326807265E-06  2.064195500659E-05  1.157882524597E-01 -7.476553465440E-06 -9.418652484687E-04 -1.010785865223E-19 -2.637444380870E-20  2.263618490275E-20 -2.835571250709E-03
  3.107059428946E+02  3.144265320380E+02  2.010115778278E+01  3.399970542374E-13 -1.544126412412E-01  4.059146596327E+02  5.548946584484E-01  7.082369014008E-01 -3.882027648219E-01 -2.360172787802E-04 -3.094329224579E+00  2.868878522419E+00 -8.956074440013E-03 -2.249811715920E-02  3.145419159991E-02 -4.453173882940E-02  6.725610598919E-04  8.893234795900E-06 -4.837225609403E-06  1.505991637609E-05  1.102586670102E-01 -8.893234879018E-06 -1.199917935922E-03 -1.413650692082E-19 -7.378231061149E-21  5.771223921797E-21 -2.738000642599E-03
  3.181471211814E+02  3.219793279992E+02  2.015209484958E+01  3.016802698856E-13 -1.550674957626E-01  4.079197911729E+02  5.491538619931E-01  7.025623834729E-01 -3.829342974507E-01 -5.536785497316E-06 -3.119987607075E+00  2.865794219761E+00 -9.961984417932E-03 -1.893945100561E-02  2.890143542417E-02 -4.328553299557E-02  6.832141204870E-04  2.361205028013E-06 -6.536053741355E-06  5.378752254652E-06  1.066061266809E-01 -2.361205451932E-06 -8.292609243358E-04 -1.049330445994E-19 -2.706986791912E-20  2.043963196669E-20 -2.690850944453E-03
  3.258115348169E+02  3.297587078391E+02  2.020332122124E+01  2.704700867208E-13 -1.551768154689E-01  4.099385135402E+02  5.431839615708E-01  7.000459652826E-01 -3.770770896364E-01  1.127810787326E-04 -3.135206703377E+00  2.865150730905E+00 -1.096622652025E-02 -1.522649947049E-02  2.619272599153E-02 -4.274616995995E-02  6.205133208220E-04 -4.230385035705E-06 -7.960669855539E-06  8.004042672960E-07  1.042900448524E-01  4.230385197912E-06 -1.116525283384E-03 -1.117702705131E-19 -2.109057368766E-20 -3.533669619904E-21 -2.654042163332E-03
  3.337058808614E+02  3.377714690743E+02  2.025501093315E+01  2.418256758036E-13 -1.561462820818E-01  4.119810986024E+02  5.370619221997E-01  6.990905170099E-01 -3.713963722541E-01  3.358723392618E-04 -3.167134273660E+00  2.872039201676E+00 -1.229577013596E-02 -1.162972342485E-02  2.392549356071E-02 -4.222865157609E-02  1.085002271206E-03 -1.011994190458E-06 -7.998540852464E-06 -2.464130561552E-07  1.028044132804E-01  1.011993919608E-06 -2.506968560764E-03 -1.303189570549E-19 -1.559471678996E-20  2.138194878473E-20 -2.628036934463E-03
  3.418370572872E+02  3.460246131465E+02  2.030780816020E+01  2.071792656414E-13 -1.576944852188E-01  4.140753090417E+02  5.309351769937E-01  6.980620877779E-01 -3.652920053031E-01  4.037841524720E-04 -3.210698698138E+00  2.886284416694E+00 -1.324842909954E-02 -8.002392444098E-03  2.125082154373E-02 -4.199709607137E-02  1.114820176512E-03  4.147894045721E-06 -6.970128183986E-06  1.646254566152E-06  1.024965499088E-01 -4.147894034286E-06 -3.648416255997E-03 -1.154951470071E-19 -2.291652535493E-20 -1.715837706124E-20 -2.642872868972E-03
  3.502121690058E+02  3.545253515409E+02  2.036231928985E+01  1.799129057539E-13 -1.599380498794E-01  4.162404916864E+02  5.246238403364E-01  6.938329800675E-01 -3.591194662444E-01  5.705896750042E-04 -3.267046759682E+00  2.898190953021E+00 -1.401057707506E-02 -4.332681986154E-03  1.834325906166E-02 -4.248564644568E-02  1.572012575616E-03  3.681319736751E-06 -4.421857046348E-06  4.403426799642E-06  1.015159836750E-01 -3.681319957302E-06 -5.648394437600E-03 -1.241095749539E-19 -2.960106796704E-20  1.128772883403E-20 -2.649090946564E-03
  3.588385340760E+02  3.632811120872E+02  2.041729771142E+01  1.622161190096E-13 -1.637879943003E-01  4.184316187229E+02  5.177307737185E-01  6.920672807236E-01 -3.528761769842E-01  6.550603896905E-04 -3.355324966888E+00  2.909239737798E+00 -1.494928675685E-02 -7.444293571088E-04  1.569371611370E-02 -4.231976381096E-02  2.423938865500E-03  5.930917816737E-06 -1.353761366854E-06  1.734030765787E-06  1.015408228610E-01 -5.930917723724E-06 -7.104067179693E-03 -1.410814744117E-19  1.348737783425E-21  1.548656108891E-20 -2.660032915040E-03
  3.677236900983E+02  3.722995454498E+02  2.047510883422E+01  1.544832467966E-13 -1.678528995794E-01  4.207421955916E+02  5.099081787551E-01  6.874915647403E-01 -3.462255851963E-01  6.742353213997E-04 -3.448024627169E+00  2.928188880558E+00 -1.581598115215E-02  2.331471370138E-03  1.348450978212E-02 -4.280736495402E-02  2.210513018584E-03  2.055289220770E-06  4.666888029228E-07  1.560788992189E-06  1.009203339719E-01 -2.055289262002E-06 -6.477296725210E-03 -1.431830871507E-19 -2.334460369125E-20 -2.333039342279E-20 -2.668946960995E-03
  3.768754008012E+02  3.815885318133E+02  2.053273278881E+01  1.484359741603E-13 -1.712036379205E-01  4.230533878968E+02  5.017665016433E-01  6.823275823647E-01 -3.398927365325E-01  8.112024195154E-04 -3.524564836765E+00  2.947629555287E+00 -1.671307435707E-02  5.552781366265E-03  1.116029299149E-02 -4.264114133179E-02  1.924400845246E-03 -1.777715712698E-06  1.810194389552E-06  1.027256687695E-07  9.914073159194E-02  1.777715842451E-06 -4.615425549268E-03 -1.144284858852E-19 -8.741489555098E-21 -2.511695408983E-20 -2.671947921567E-03
  3.863016628253E+02  3.911561877677E+02  2.059191200384E+01  1.376697558036E-13 -1.733030662508E-01  4.254382132745E+02  4.937481345678E-01  6.738956311289E-01 -3.329812038539E-01  7.033795594614E-04 -3.575571033355E+00  2.967385070020E+00 -1.798592033942E-02  9.036970248207E-03  8.948950092076E-03 -4.272436355701E-02  1.263651462137E-03 -6.394178582823E-06  1.864224119358E-06 -7.947214242289E-06  9.683944341442E-02  6.394178548534E-06 -3.230295160176E-03 -1.147939043710E-19  8.784958133404E-21 -1.754703361684E-20 -2.644408255559E-03
  3.960107127100E+02  4.010108734007E+02  2.065026448205E+01  1.277389149318E-13 -1.751725194977E-01  4.277967350928E+02  4.854705211781E-01  6.649567103580E-01 -3.263606290187E-01  7.259840352005E-04 -3.625152539887E+00  2.981938296896E+00 -1.910168345133E-02  1.220580719099E-02  6.895876259966E-03 -4.180271368708E-02  1.385638128478E-03 -9.552941445621E-06  1.685400751542E-07 -1.044858437773E-05  9.417589732619E-02  9.552941516646E-06 -1.809001889723E-03 -1.462528802213E-19 -3.494945405263E-20 -5.319495177770E-20 -2.594205170858E-03
  4.060110340913E+02  4.111611996027E+02  2.070962134911E+01  1.197204939352E-13 -1.756296209941E-01  4.302083285731E+02  4.768530385389E-01  6.552917968904E-01 -3.192817288484E-01  4.863141666493E-04 -3.646297773118E+00  3.006466201844E+00 -1.969501826602E-02  1.501729052538E-02  4.677727740921E-03 -4.133757909785E-02  7.921514177410E-04 -6.078109002063E-06 -1.165279528885E-06 -7.196403793949E-06  9.119868017330E-02  6.078108886462E-06 -7.475002679382E-05 -9.716821883100E-20 -6.637574683606E-21 -4.475593650653E-20 -2.554759926668E-03
  4.163113651141E+02  4.216160355908E+02  2.076765634687E+01  1.101574647472E-13 -1.752830146693E-01  4.325761719798E+02  4.681249903674E-01  6.458582785999E-01 -3.127087097766E-01  4.783573076162E-04 -3.650999565795E+00  3.026314638990E+00 -2.084900956044E-02  1.798416610649E-02  2.864843453525E-03 -4.001727837314E-02  2.514237135985E-04 -1.389307112107E-06 -1.467376546139E-06 -7.722918841268E-06  8.533415637698E-02  1.389306979785E-06  6.742090874174E-04 -9.984073653844E-20 -2.003189879409E-20 -5.035657424390E-20 -2.426485303080E-03
  4.269207060675E+02  4.323845166585E+02  2.082277731779E+01  1.063146781259E-13 -1.747105808476E-01  4.348348414557E+02  4.592780167637E-01  6.387361298138E-01 -3.054545350371E-01 -1.316508030805E-04 -3.649366123166E+00  3.043245098468E+00 -2.183332961055E-02  2.069583393839E-02  1.137495671414E-03 -3.757727876616E-02  1.268020956170E-05 -4.973275360413E-06 -1.511397474375E-06  1.362745990913E-06  7.921946859544E-02  4.973275375067E-06  1.241467502102E-03 -1.200633031638E-19  1.015492207017E-20 -5.647914944528E-20 -2.289059391018E-03
  4.378483272495E+02  4.434760521583E+02  2.087587741009E+01  1.089150442289E-13 -1.735803097081E-01  4.370164673096E+02  4.506813401046E-01  6.317714175392E-01 -2.987531173573E-01 -7.564652906370E-06 -3.635679817506E+00  3.052250559832E+00 -2.250503187476E-02  2.289945631819E-02 -3.944244434506E-04 -3.593649545938E-02 -4.532585238236E-04  3.204073117269E-06 -2.005081296536E-06  3.396535739545E-06  7.510417651154E-02 -3.204073093534E-06  2.994789174205E-03 -6.933217946754E-20 -2.585583981895E-20 -3.679422705530E-20 -2.220968912671E-03
  4.491037770670E+02  4.549003337230E+02  2.092847027760E+01  1.051853335335E-13 -1.704835699785E-01  4.391799426780E+02  4.420880018466E-01  6.215616805465E-01 -2.913332883691E-01 -4.070885748322E-04 -3.580509249457E+00  3.079644030718E+00 -2.333892660817E-02  2.553413864731E-02 -2.195212038963E-03 -3.501796213859E-02 -9.009080066621E-04  8.792373679224E-07 -3.131912065125E-06  3.337313242274E-06  7.311935938371E-02 -8.792373623921E-07  4.889330913142E-03 -1.197055118814E-19 -1.086723416838E-20 -5.035210493382E-20 -2.161056566982E-03
  4.606968903790E+02  4.666673437347E+02  2.098186682806E+01  9.750840788738E-14 -1.664722804468E-01  4.413844770479E+02  4.336502903466E-01  6.101943003151E-01 -2.842429166566E-01 -5.621145173170E-04 -3.508528404596E+00  3.109666745287E+00 -2.390415697618E-02  2.790278891141E-02 -3.998631935253E-03 -3.420005644768E-02 -1.320839740146E-03  5.237795751519E-06 -5.717324745528E-06  5.564564190574E-06  7.023882339897E-02 -5.237795688891E-06  5.668293057220E-03 -7.406106767859E-20  7.712143329461E-21 -5.033244230697E-20 -2.103330665968E-03
  4.726377970904E+02  4.787873640468E+02  2.103332351482E+01  8.370333361614E-14 -1.620144619555E-01  4.435127605267E+02  4.254565134496E-01  5.999370269587E-01 -2.763564104492E-01 -1.067736447369E-03 -3.425155717057E+00  3.144231215604E+00 -2.444873776445E-02  3.017670777728E-02 -5.727970012499E-03 -3.304761359753E-02 -1.399290759828E-03  5.289688142398E-06 -8.753023955110E-06  5.285136973048E-06  6.782690078838E-02 -5.289688306438E-06  5.221517471306E-03 -7.444113971340E-20 -2.412263517116E-21 -5.750251962358E-20 -2.039723036400E-03
  4.849369310031E+02  4.912709849682E+02  2.108614444375E+01  6.934685435842E-14 -1.584336386842E-01  4.457074481820E+02  4.172705247921E-01  5.897826961248E-01 -2.690563171159E-01 -1.548034935254E-03 -3.358970942726E+00  3.181835762428E+00 -2.470621347727E-02  3.219734073709E-02 -7.491127259738E-03 -3.242634697372E-02 -1.232525502181E-03  5.350901644421E-06 -9.948748087037E-06  6.721919079294E-06  6.679665832032E-02 -5.350901327441E-06  5.123032114801E-03 -8.552987447166E-20 -6.175336112947E-21 -2.980180247211E-20 -2.028381443184E-03
  4.976050389332E+02  5.041291145172E+02  2.113908729404E+01  5.764494928849E-14 -1.538978099888E-01  4.479143345844E+02  4.087655365958E-01  5.802293604627E-01 -2.612276175275E-01 -1.971849168674E-03 -3.268233035548E+00  3.234837533707E+00 -2.536512459072E-02  3.469651860676E-02 -9.331394016612E-03 -3.264222439585E-02 -1.435481832743E-03  9.401690024502E-06 -8.340296349923E-06  7.413668093303E-06  6.630561466321E-02 -9.401690331812E-06  4.740200009078E-03 -9.090877722863E-20  2.540009417109E-21 -5.443735668727E-20 -2.060038351419E-03
  5.106531901012E+02  5.173729879527E+02  2.119428516328E+01  4.518003824070E-14 -1.507059934108E-01  4.502203408749E+02  4.003045470111E-01  5.694117068278E-01 -2.536923774765E-01 -2.465889337493E-03 -3.207341671091E+00  3.302412254205E+00 -2.593062927825E-02  3.699257421067E-02 -1.106194493317E-02 -3.348186590325E-02 -1.153501873572E-03  6.197535466508E-06 -5.590961671405E-06  1.015469293295E-05  6.852773252902E-02 -6.197535362644E-06  3.044260055047E-03 -6.020130700837E-20 -1.125013326185E-21 -6.001814184205E-20 -2.159704820648E-03
  5.240927858042E+02  5.310141775913E+02  2.125421930756E+01  4.579149140311E-14 -1.487591162562E-01  4.527268120719E+02  3.924005040907E-01  5.562572486689E-01 -2.454481967931E-01 -2.977235996416E-03 -3.169769594660E+00  3.363479704895E+00 -2.585065237206E-02  3.822636854703E-02 -1.237571617504E-02 -3.570069640022E-02 -1.119368698030E-03  2.459147061221E-06 -2.956623844895E-06  1.122848552505E-05  7.076422241875E-02 -2.459146936118E-06  1.735053714569E-03 -4.454019994995E-20  7.911456552458E-22 -7.921301638986E-20 -2.250507657460E-03
  5.379355693784E+02  5.450646029190E+02  2.131673601958E+01  5.622577895168E-14 -1.476799445341E-01  4.553530720652E+02  3.847249171357E-01  5.448187886366E-01 -2.376124179525E-01 -3.650487461314E-03 -3.150555446676E+00  3.426391249675E+00 -2.556397525518E-02  3.972850108995E-02 -1.416452583465E-02 -3.627652456022E-02 -8.462301113588E-04  2.387881238768E-07  5.997303503809E-07  2.200588143575E-06  7.199260449691E-02 -2.387879617553E-07  1.507404882285E-03 -4.979642150767E-20  2.857467964827E-20 -4.190519264184E-20 -2.290316931286E-03
  5.521936364597E+02  5.595365410066E+02  2.138254147769E+01  5.776617104219E-14 -1.460776268864E-01  4.581291787359E+02  3.771156074031E-01  5.322061503447E-01 -2.289817969910E-01 -3.841702749610E-03 -3.118809903676E+00  3.492089492262E+00 -2.569617774336E-02  4.152835602137E-02 -1.583217827696E-02 -3.687934143277E-02 -7.989130064945E-04 -6.757300365157E-09  2.589676494211E-06 -7.846499251492E-07  7.138344701851E-02  6.757241631338E-09  3.120918978860E-03 -3.495972081398E-20 -4.763576572847E-21 -6.676886943346E-20 -2.303598232677E-03
  5.668794455535E+02  5.743794455535E+02  2.144780040583E+01  5.146575353387E-14 -1.419714932986E-01  4.608885159573E+02  3.697864001136E-01  5.201355678579E-01 -2.208495074888E-01 -3.732117334907E-03 -3.036663097514E+00  3.508668393698E+00 -2.525851950620E-02  4.189100134903E-02 -1.663248184302E-02 -3.648330785325E-02 -1.835867582735E-03 -4.057196953508E-06  3.130800273615E-06  8.875665240688E-07  6.984379958218E-02  4.057197114766E-06  5.012404750093E-03 -4.811558267009E-20  9.300275372604E-21 -5.833516211041E-20 -2.269950734908E-03
  5.818794455535E+02  5.893794455535E+02  2.151350937694E+01  4.619829873110E-14 -1.366792759089E-01  4.636868944413E+02  3.626971982886E-01  5.108535939776E-01 -2.124869274676E-01 -3.907733354872E-03 -2.926149816848E+00  3.449757709611E+00 -2.446712068420E-02  4.041127158928E-02 -1.594415090536E-02 -3.574565531087E-02 -2.493598843903E-03 -3.607057686552E-06  4.067637397921E-06  1.006297915490E-06  7.095921455661E-02  3.607057667264E-06  6.856855544754E-03 -1.521711880643E-20  1.102740872189E-20 -7.167319583412E-20 -2.218899824430E-03
  5.968794455535E+02  6.043794455535E+02  2.158086723959E+01  3.404521984063E-14 -1.290884161356E-01  4.665672219481E+02  3.550088482872E-01  4.985918375618E-01 -2.041537707812E-01 -3.410515774382E-03 -2.766490091532E+00  3.374124033470E+00 -2.345858017492E-02  3.850097653226E-02 -1.504239635755E-02 -3.524272411725E-02 -3.011418969003E-03 -3.123883254193E-06  2.111263643623E-06 -4.801274103866E-06  7.230162760532E-02  3.123883353881E-06  8.204359898469E-03 -9.715474998197E-21 -4.601943580003E-21 -7.239220409522E-20 -2.183072968432E-03
  6.118794455535E+02  6.193794455535E+02  2.164910367318E+01  2.119826905157E-14 -1.212985719915E-01  4.694955073898E+02  3.461736485472E-01  4.835273418763E-01 -1.960408841789E-01 -3.434955772599E-03 -2.601574332046E+00  3.320712666406E+00 -2.263159713220E-02  3.748211128928E-02 -1.485051415641E-02 -3.472353304096E-02 -3.000571008637E-03 -3.350264059536E-06 -1.552096333410E-06 -2.942768837810E-06  7.188811216591E-02  3.350263957412E-06  8.605685696337E-03 -3.134779726307E-20  1.071434775389E-20 -5.295103842134E-20 -2.146365665610E-03
  6.268794455535E+02  6.343794455535E+02  2.171562960715E+01  1.580665465054E-14 -1.129687710592E-01  4.723556157491E+02  3.365926593905E-01  4.703940545217E-01 -1.875382476836E-01 -3.080136792084E-03 -2.428844258800E+00  3.253401287339E+00 -2.227572537363E-02  3.622887607320E-02 -1.395315069915E-02 -3.359835556026E-02 -3.009179207643E-03  3.034816136423E-06 -4.674685828528E-06 -2.090956051453E-06  6.832249924219E-02 -3.034816224211E-06  1.052612178864E-02 -3.168835514438E-20  3.238508734856E-21 -6.286264526192E-20 -2.022200020892E-03
  6.418794455535E+02  6.493794455535E+02  2.177714288550E+01  1.606939009935E-14 -1.015613742810E-01  4.750049448278E+02  3.267004558482E-01  4.544607030730E-01 -1.796536667901E-01 -3.252409579241E-03 -2.187515131027E+00  3.202476859428E+00 -2.205108188209E-02  3.519200884719E-02 -1.314092696510E-02 -3.136865524835E-02 -3.630054557360E-03  1.647857422018E-06 -4.788794396575E-06 -1.447422496136E-06  6.660421870049E-02 -1.647857386670E-06  1.074443602658E-02 -2.932501871937E-20 -3.085539304505E-22 -5.697053468780E-20 -1.953976861536E-03
  6.568794455535E+02  6.643794455535E+02  2.184048690426E+01  1.920237948684E-14 -9.280923137067E-02  4.777416221602E+02  3.168350535265E-01  4.349210291141E-01 -1.715068709500E-01 -2.805868668014E-03 -2.001973387685E+00  3.140314119836E+00 -2.160185824327E-02  3.352756656317E-02 -1.192570832055E-02 -3.066565578124E-02 -2.706095039019E-03  3.397703113430E-06 -1.163025285887E-06 -1.990541437137E-06  6.398085010325E-02 -3.397703076942E-06  7.051562721201E-03 -1.819545895634E-20  8.856213992925E-21 -5.911770764410E-20 -1.821376348401E-03
  6.718794455535E+02  6.793794455535E+02  2.189711541688E+01  1.925433586441E-14 -8.832432498327E-02  4.801916610804E+02  3.071009361510E-01  4.207922104371E-01 -1.638935519087E-01 -2.839961232103E-03 -1.908833352133E+00  3.078800786697E+00 -2.135271920962E-02  3.206807007237E-02 -1.071535086237E-02 -2.759182446611E-02 -1.714061209645E-03  2.422115948742E-06  2.139992313102E-06 -9.776048970894E-06  6.085955819407E-02 -2.422115844749E-06  8.368113618682E-03  1.976074875514E-20 -1.706779168925E-21 -4.216154837088E-20 -1.697243308442E-03
  6.868794455535E+02  6.943794455535E+02  2.195459269357E+01  1.664090490839E-14 -7.712374536139E-02  4.826857518312E+02  2.978307329341E-01  4.061587010308E-01 -1.560049744492E-01 -2.595584884165E-03 -1.666065200612E+00  3.035198464380E+00 -2.098578403053E-02  3.102878390083E-02 -1.004299987007E-02 -2.687104549500E-02 -3.450288031890E-03  1.279374319444E-06  2.864248268890E-06 -1.097208933412E-05  5.911220847274E-02 -1.279374316624E-06  1.173697681104E-02 -4.468989845866E-21  9.661035112229E-21 -3.904959213847E-20 -1.613012221955E-03
  7.018794455535E+02  7.093794455535E+02  2.200795122336E+01  8.092970051344E-15 -6.634563092980E-02  4.850056527781E+02  2.892726228364E-01  3.939679777557E-01 -1.485313044950E-01 -2.277888907770E-03 -1.431158149057E+00  2.971423890543E+00 -2.010238878964E-02  2.933468464294E-02 -9.232295852768E-03 -2.461215027845E-02 -3.488797891251E-03 -3.445641320510E-06  1.977173744296E-06 -9.197914387448E-06  5.503474862857E-02  3.445641149038E-06  1.288216708571E-02 -1.034152970350E-20  8.905491169336E-21 -3.986778079008E-20 -1.486534939793E-03
  7.168794455535E+02  7.243794455535E+02  2.205781355846E+01 -8.218103028241E-15 -5.300052470902E-02  4.871733827389E+02  2.806824388677E-01  3.837597227322E-01 -1.410016084878E-01 -2.012319509102E-03 -1.138631609486E+00  2.925037430657E+00 -1.889003642298E-02  2.777418874992E-02 -8.884152326540E-03 -2.304121948988E-02 -3.734986118676E-03 -5.619834892094E-06  2.023801781721E-06 -4.527682052566E-06  5.168888629313E-02  5.619834829088E-06  1.119099826199E-02 -1.094379907850E-20 -3.290008260701E-21 -4.852632481787E-20 -1.393765900007E-03
  7.318794455535E+02  7.393794455535E+02  2.210488125491E+01 -2.251177716461E-14 -4.538311414493E-02  4.892292388326E+02  2.717965362202E-01  3.718167217167E-01 -1.335129159585E-01 -1.739659756209E-03 -9.727180557969E-01  2.903889470522E+00 -1.855406685966E-02  2.712708462247E-02 -8.573017763119E-03 -2.157506206031E-02 -2.637912049835E-03 -4.483353473073E-06  1.234876596810E-06 -4.891657934252E-06  4.919945093740E-02  4.483353538524E-06  1.052122458904E-02 -5.259538158718E-21  1.923726984558E-20 -1.552092615843E-20 -1.308459183825E-03
  7.468794455535E+02  7.543794455535E+02  2.215004907604E+01 -3.227606267286E-14 -3.325702091240E-02  4.912087915431E+02  2.629009641767E-01  3.663621636905E-01 -1.260954775342E-01 -1.708217157582E-03 -7.028873429142E-01  2.860050123908E+00 -1.635559993153E-02  2.487646890812E-02 -8.520868977153E-03 -2.010862532025E-02 -3.331373910262E-03 -4.320793253245E-06  5.802942185923E-07 -1.014872034135E-05  4.706891775805E-02  4.320793227140E-06  1.061721691335E-02 -2.828211512045E-20  4.630498186935E-21 -3.699278360740E-20 -1.210010990010E-03
  7.618794455535E+02  7.693794455535E+02  2.219312903705E+01 -3.306298501222E-14 -2.541753771163E-02  4.930965056987E+02  2.542036621950E-01  3.560783500385E-01 -1.187906443183E-01 -9.731896200735E-04 -5.336751053112E-01  2.823763407302E+00 -1.482490003937E-02  2.281245422887E-02 -7.987554188595E-03 -1.861106616687E-02 -2.249821892142E-03 -3.022506564252E-06  1.720609214286E-06 -5.396614798045E-06  4.438069533034E-02  3.022506516507E-06  9.677672819497E-03 -1.690384452889E-20  6.034853959547E-21 -2.924879300360E-20 -1.109956779804E-03
  7.768794455535E+02  7.843794455535E+02  2.223325008782E+01 -2.173602957056E-14 -1.508386165842E-02  4.948571596249E+02  2.452151940166E-01  3.470920120736E-01 -1.115423342855E-01 -9.909852606705E-04 -3.066117865830E-01  2.794907802394E+00 -1.271094216802E-02  2.100859727629E-02 -8.297655107660E-03 -1.727027776956E-02 -2.829823291935E-03 -1.081210848948E-06  2.256801047908E-06  3.089575806402E-07  4.431194002664E-02  1.081210905820E-06  1.099138329283E-02 -2.253164055736E-20  9.509119916420E-21 -4.120391309136E-20 -1.100587750914E-03
  7.918794455535E+02  7.993794455535E+02  2.227619689141E+01 -3.827075004921E-15 -4.839661478717E-03  4.967492847625E+02  2.361619429947E-01  3.380142478609E-01 -1.041944976353E-01 -5.244083009993E-04 -8.161965921873E-02  2.783731952018E+00 -1.009782581389E-02  1.940224447315E-02 -9.304418659644E-03 -1.798496125819E-02 -2.661092194281E-03 -2.211571833334E-06  6.763366882439E-07  9.210022123948E-07  4.339741244833E-02  2.211572011631E-06  1.032848668169E-02 -1.654304472967E-20 -7.617798363621E-22 -3.744804496321E-20 -1.094677307295E-03
  8.068794455535E+02  8.143794455535E+02  2.231460528770E+01  1.193067557725E-14  4.241113058415E-03  4.984477531110E+02  2.275894500207E-01  3.322460088549E-01 -9.686365094262E-02 -2.351807290541E-04  1.165224265252E-01  2.769363292178E+00 -6.949174802246E-03  1.740265152672E-02 -1.045347672508E-02 -1.665855716139E-02 -2.272259535384E-03  5.574550246676E-07  1.597558357662E-06  9.996991417897E-07  4.016768187396E-02 -5.574548704506E-07  9.134912189373E-03  4.241236680285E-21  7.953808882924E-21 -2.874259536579E-20 -1.008329081337E-03
  8.218794455535E+02  8.293794455535E+02  2.235150192812E+01  2.079071062446E-14  1.229075004549E-02  5.000822206236E+02  2.191452018771E-01  3.230049461311E-01 -8.947388581481E-02  1.263961621265E-04  2.885054374514E-01  2.755048572318E+00 -4.602906615650E-03  1.514023109026E-02 -1.053732447427E-02 -1.587282814221E-02 -2.136101068433E-03  1.966239207666E-06  4.352052033593E-06  1.170306618333E-06  3.898817792501E-02 -1.966239154697E-06  8.325575690674E-03 -3.095341777779E-21  9.189907640159E-21 -5.149141251445E-21 -9.811781822608E-04
  8.368794455535E+02  8.443794455535E+02  2.238772080591E+01  2.807194190643E-14  1.988445578234E-02  5.016862568992E+02  2.099895901916E-01  3.148953658647E-01 -8.171233764598E-02  3.584132649761E-04  4.532150575130E-01  2.753315873559E+00 -2.247389488830E-03  1.289282194618E-02 -1.064543245667E-02 -1.526257825163E-02 -1.618289580209E-03  6.090665832231E-06  3.878604443622E-06  5.528592674272E-06  3.688417645992E-02 -6.090665744921E-06  7.547998540543E-03 -5.862789815412E-21  7.970243098146E-21 -2.012068259440E-20 -9.110580059101E-04
  8.518794455535E+02  8.593794455535E+02  2.242068224829E+01  3.544332347870E-14  2.645656595305E-02  5.031488621172E+02  1.998817069243E-01  3.073476194138E-01 -7.407934673831E-02  3.233939504872E-04  5.969940126567E-01  2.762992626884E+00  2.959559128578E-04  1.127792853991E-02 -1.157388445319E-02 -1.409407390831E-02 -1.447728559708E-03  2.931156023644E-06  4.055298289578E-06  4.112091513859E-06  3.500992274758E-02 -2.931155987543E-06  7.731677870192E-03 -2.040465204814E-20  7.369308984709E-22 -2.768588611062E-20 -8.782213660953E-04
  8.668794455535E+02  8.743794455535E+02  2.245338089775E+01  3.573140192290E-14  3.436823123472E-02  5.046034021451E+02  1.888092344524E-01  3.041216856407E-01 -6.654071082857E-02  8.658164249228E-04  7.703450896312E-01  2.771129703858E+00  3.053649374908E-03  9.788200945411E-03 -1.284185032143E-02 -1.394013921606E-02 -1.590352207452E-03  5.330431053318E-07  3.436193812980E-06  4.781893301443E-06  3.273805628412E-02 -5.330432596622E-07  7.813446108640E-03 -4.571491903931E-21 -8.119797036732E-21 -1.082716949416E-20 -8.302904805894E-04
  8.818794455535E+02  8.893794455535E+02  2.248207241614E+01  3.003671953088E-14  4.109933405839E-02  5.058794366933E+02  1.769006183259E-01  3.052881614039E-01 -5.843593975256E-02  4.501699703402E-04  9.204755347613E-01  2.768764706120E+00  6.251348746963E-03  7.907468691200E-03 -1.415881743757E-02 -1.244905096889E-02 -1.274373366532E-03  2.690298468071E-06  1.201816289105E-06  3.750951647907E-06  2.882271544466E-02 -2.690298431073E-06  7.403187677995E-03 -2.989849152837E-21  6.761810625205E-21 -1.184332563190E-20 -7.319388733907E-04
  8.968794455535E+02  9.043794455535E+02  2.250742286502E+01  1.771372104264E-14  4.825479004970E-02  5.070036987741E+02  1.637500108661E-01  3.077959439546E-01 -5.096948661269E-02  6.335133782358E-04  1.077543739598E+00  2.768604550684E+00  8.249567161807E-03  7.052781160509E-03 -1.530234832262E-02 -1.121476754957E-02 -1.287373526631E-03  2.647758584162E-06  2.674064637740E-06  1.498088727052E-06  2.693655847120E-02 -2.647758667887E-06  6.393273207702E-03  3.397284478402E-22  7.889338186347E-21 -1.819184040557E-20 -6.868418723440E-04
  9.118794455535E+02  9.193794455535E+02  2.253257057216E+01  2.744068029805E-15  5.308846316932E-02  5.081230910844E+02  1.492962384654E-01  3.124334000742E-01 -4.317064312515E-02  6.446091027096E-04  1.185330496448E+00  2.754738846611E+00  1.217855679473E-02  4.554740632368E-03 -1.673329742771E-02 -1.072693417628E-02 -5.293648106799E-04  2.465641462245E-06  6.924658829676E-06 -1.479682162880E-07  2.621181704166E-02 -2.465641560110E-06  4.143237453341E-03 -4.630728539326E-21  6.957560997892E-21 -2.057382702813E-20 -6.447619470407E-04
  9.268794455535E+02  9.343794455535E+02  2.255657105718E+01  5.079734376190E-16  5.600666864558E-02  5.091945650457E+02  1.326510290464E-01  3.166098401972E-01 -3.534390994248E-02  5.571586134310E-04  1.249994880827E+00  2.761955648695E+00  1.504923589059E-02  2.974975735536E-03 -1.802421162556E-02 -9.929387475953E-03  1.711980481660E-04  1.118392651600E-06  8.749517445957E-06  2.226037510566E-06  2.492349973552E-02 -1.118392440162E-06  4.213841557391E-03 -5.550755680388E-21 -4.533453039465E-21 -2.973749526334E-20 -6.022980373656E-04
  9.418794455535E+02  9.493794455535E+02  2.257932394892E+01  2.890991410385E-15  6.097914457797E-02  5.102173115982E+02  1.135358454475E-01  3.168651783705E-01 -2.744639757803E-02  3.213979673267E-04  1.365136384364E+00  2.753255425081E+00  1.741811965048E-02  1.283570026275E-03 -1.870168967714E-02 -9.177262083646E-03 -9.783695080096E-05 -2.157036937820E-06  7.575930346933E-06  3.991910594439E-06  2.169357701262E-02  2.157036945240E-06  1.232773012968E-03  4.432221553829E-21 -1.240491351957E-20 -3.383886916192E-20 -5.207665021663E-04
  9.568794455535E+02  9.643794455535E+02  2.259725957634E+01 -4.681997339019E-15  5.832170068315E-02  5.110260614693E+02  8.969585874491E-02  3.171658368370E-01 -1.984747579829E-02  4.590314977807E-04  1.306460873316E+00  2.743665062665E+00  1.813686534281E-02  3.281522669542E-04 -1.846501761091E-02 -7.574731399974E-03  1.015883385518E-03 -6.304663080309E-06  5.910734301347E-06  1.657226915480E-06  1.980765871369E-02  6.304663056633E-06  8.328281528616E-06  1.113020851078E-20  4.219872684250E-21 -3.672804703759E-20 -4.672429484447E-04
  9.718794455535E+02  9.793794455535E+02  2.261646921633E+01 -1.114022815330E-14  6.098305968830E-02  5.118863423273E+02  6.952501970529E-02  3.220305787708E-01 -1.114301111256E-02  1.325761900478E-04  1.370454244200E+00  2.971881828880E+00  1.937797514950E-04  1.151087378944E-02 -1.170465354058E-02 -7.712919007481E-03 -6.983502485674E-04 -3.957423677847E-07  4.768198299651E-06  2.777458612207E-07  2.104861579490E-02  3.957424677697E-07  8.166733637107E-04 -1.393489746999E-20 -2.733599030862E-21 -3.025962666209E-20 -5.307103285163E-04
  9.868794455535E+02  9.943794455535E+02  2.263673870061E+01 -5.354879779251E-15  5.984865987012E-02  5.128883209958E+02  2.403663314789E-02  4.026868886407E-01 -3.535715236735E-03 -1.092885732840E-04  1.350680323832E+00  2.661855757195E+00  1.468575694151E-02 -7.453168525904E-03 -7.232588416237E-03 -6.011025881520E-03  1.716951264776E-03 -2.653324226352E-06  2.274415225252E-06 -3.110564134346E-06  1.080712221637E-02  2.653324279989E-06 -6.079273654323E-04  1.946485510936E-20 -2.407405266967E-21 -1.681959349651E-20 -9.891385052583E-05
