                   y                  ym                   U                   V                   W                 U^2                 V^2                 W^2                  UV                  VW                  UW                VISC               SFSxx               SFSyy               SFSzz               SFSxy               SFSyz                dUdX                dVdX                dWdX                dUdY                dVdY                dWdY                dUdZ                dVdZ                dWdZ              SFSxym
 -4.000000000000E+00 -2.000000000000E+00  0.000000000000E+00  0.000000000000E+00  0.000000000000E+00  0.000000000000E+00  0.000000000000E+00  0.000000000000E+00  0.000000000000E+00  0.000000000000E+00  0.000000000000E+00  0.000000000000E+00  0.000000000000E+00  0.000000000000E+00  0.000000000000E+00  0.000000000000E+00  0.000000000000E+00  0.000000000000E+00  0.000000000000E+00  0.000000000000E+00  0.000000000000E+00  0.000000000000E+00  0.000000000000E+00  0.000000000000E+00  0.000000000000E+00  0.000000000000E+00  0.000000000000E+00
  2.220446049250E-16  2.000000000000E+00  1.086935774818E+01 -3.043057212465E-14 -1.426292478099E-01  1.230801420855E+02  1.161242823941E-01  1.518995351719E+00 -3.507063510037E-01 -3.807488388582E-03 -1.533846903823E+00  2.114891327259E+00 -6.676510143556E-03  2.745378205560E-02 -2.077727191394E-02 -1.199318124987E+01  1.110166448989E-01 -2.217472783627E-03 -1.989813707492E-04 -2.567504775895E-05  4.903615095426E+01  2.217472782940E-03 -5.923789937201E-01 -2.929096974862E-20  3.065926432922E-21 -1.093778780517E-20 -4.323499977440E-02
  4.000000000000E+00  6.000000000000E+00  1.364876722456E+01 -8.105604757993E-14 -1.537975265665E-01  1.924544842262E+02  4.665341087377E-01  1.646864522844E+00 -7.593560386444E-01 -3.667632088997E-03 -2.074674682909E+00  8.720506843951E+00  7.066735564107E-01 -6.013434349457E-01 -1.053301214793E-01 -3.560218478458E+00 -1.455465466582E-01  5.142577474778E-04 -3.063951351163E-04  5.987675397252E-05  7.220024066121E+00 -5.142577481467E-04 -1.420869560772E-02 -8.179588461030E-21  1.210289078553E-20  6.719487476373E-20 -2.333396594263E-01
  8.000000000000E+00  1.000000000000E+01  1.447916617592E+01 -1.081114014140E-13 -1.493666270124E-01  2.148412777611E+02  5.923813080738E-01  1.554103456475E+00 -7.285324800511E-01 -3.835765411456E-03 -2.132272836912E+00  9.235786935886E+00  3.493442729857E-01 -7.986590500215E-01  4.493147770498E-01 -1.718650255650E+00 -6.101304573044E-02  4.942753456210E-04 -1.671851972386E-04  4.612296668985E-05  3.224600778703E+00 -4.942753459431E-04  2.081134043875E-02 -3.035386866952E-20  7.242714018144E-21  2.234000175057E-20 -1.043712702205E-01
  1.200000000000E+01  1.400000000000E+01  1.526141736637E+01 -1.132380067174E-13 -1.434381087844E-01  2.380594808395E+02  6.637580854449E-01  1.523612701589E+00 -7.926586778796E-01 -3.229974051800E-03 -2.152840543315E+00  9.111918478929E+00  3.324183764361E-01 -7.363934163363E-01  4.039750398991E-01 -1.651520473443E+00 -4.772746174603E-03  2.658162554543E-04 -9.466767086776E-05  3.629538047490E-06  2.662546978941E+00 -2.658162564765E-04  2.469570167201E-02 -4.559780273057E-20 -6.585546657236E-21  2.137780115454E-20 -8.904177050015E-02
  1.600000000000E+01  1.800000000000E+01  1.581013805310E+01 -1.011895259786E-13 -1.370969083850E-01  2.548740468435E+02  7.176455286216E-01  1.498886128168E+00 -7.899199760662E-01 -3.302180189939E-03 -2.125370568427E+00  8.590038225251E+00  2.742439558838E-01 -6.635030983931E-01  3.892591425036E-01 -1.171199932302E+00 -3.997384060530E-03  2.667339495895E-04 -5.023809734381E-05 -5.525375789465E-05  2.051315293573E+00 -2.667339491197E-04  2.315093566926E-02 -9.546596976937E-21 -6.006792503903E-21  6.951975127032E-20 -6.742623643001E-02
  2.000000000000E+01  2.200000000000E+01  1.628706498511E+01 -8.153881625342E-14 -1.319039754755E-01  2.700917326660E+02  7.614558467229E-01  1.485025091355E+00 -8.069681246604E-01 -3.160043181952E-03 -2.103482131343E+00  8.242298436144E+00  2.458830857452E-01 -6.076330234726E-01  3.617499377157E-01 -1.002161575434E+00 -5.858515639031E-03  1.547193748293E-04 -2.229394284497E-05 -4.696313973539E-05  1.722923572176E+00 -1.547193765313E-04  1.948302607038E-02  4.251376217978E-20 -1.508771602181E-20  1.057283003085E-20 -5.657084783924E-02
  2.400000000000E+01  2.600000000000E+01  1.667181557521E+01 -6.066974819665E-14 -1.274550233591E-01  2.826653159053E+02  7.971495717535E-01  1.472873366921E+00 -8.067656995278E-01 -3.188636387198E-03 -2.079728334667E+00  7.860640217704E+00  2.136045888251E-01 -5.547068071820E-01  3.411022183597E-01 -8.084648225400E-01 -5.076686363974E-03  6.541666051404E-05 -1.357497329666E-05  2.120809046341E-05  1.451823240915E+00 -6.541665973294E-05  1.486509037561E-02  4.843027269582E-20  1.241927388877E-21  1.895600150444E-20 -4.719374482254E-02
  2.800000000000E+01  3.000000000000E+01  1.701293991079E+01 -3.641951681638E-14 -1.244798419423E-01  2.940965193898E+02  8.254863803943E-01  1.464096492306E+00 -8.112734064005E-01 -3.255996401669E-03 -2.072820642398E+00  7.560138366711E+00  1.914002491589E-01 -5.133738252537E-01  3.219735760984E-01 -7.071757333197E-01 -3.612755727749E-03  1.033002253794E-04 -1.141484989214E-05  1.146916060704E-05  1.274397472953E+00 -1.033002253720E-04  8.252678193077E-03  6.096783749046E-22  2.744881667627E-20 -3.001021062892E-20 -4.115759335710E-02
  3.200000000000E+01  3.400000000000E+01  1.730896587012E+01 -1.117691403116E-14 -1.232656691379E-01  3.041993176364E+02  8.476464541113E-01  1.455649812297E+00 -8.101225402752E-01 -3.190472736255E-03 -2.089516914251E+00  7.272947409600E+00  1.722190389746E-01 -4.770581211497E-01  3.048390821689E-01 -6.107655241849E-01 -1.910181648435E-03  3.390811983812E-05 -1.069339765494E-05 -2.137296363037E-05  1.128196240981E+00 -3.390811922738E-05  1.751312155199E-03 -4.125655799528E-21 -1.226714160145E-21 -1.423511167863E-20 -3.612809099570E-02
  3.600000000000E+01  3.800000000000E+01  1.757698912345E+01 -3.284232297287E-15 -1.235027685525E-01  3.135117169025E+02  8.647130318880E-01  1.448621729983E+00 -8.100518572893E-01 -3.296202175377E-03 -2.128450836938E+00  7.025184623877E+00  1.563597242454E-01 -4.456760480574E-01  2.893163238172E-01 -5.471312702907E-01  1.534568110565E-04  7.215541032079E-07 -1.112596519035E-05  1.637203010445E-06  1.020101852723E+00 -7.215548104444E-07 -1.956890401346E-03  1.546070485934E-20  6.287789234256E-21 -2.823233293342E-20 -3.241302531541E-02
  4.000000000000E+01  4.200000000000E+01  1.781890706221E+01 -1.699146638006E-14 -1.241857245644E-01  3.220432495461E+02  8.777202604542E-01  1.439402851731E+00 -8.077723592168E-01 -3.132530468433E-03 -2.172227918042E+00  6.796203102747E+00  1.427674181936E-01 -4.181098161243E-01  2.753423979307E-01 -4.910417883288E-01  3.461857638016E-04  6.049710837479E-05 -9.265849770910E-06  3.132215048757E-05  9.296507689624E-01 -6.049710878503E-05 -1.977279086520E-03  3.535999125763E-20  1.108198669116E-20  2.867328669538E-20 -2.932347403381E-02
  4.400000000000E+01  4.600000000000E+01  1.804188927930E+01 -3.978347879356E-14 -1.245843020796E-01  3.300156229489E+02  8.875409707360E-01  1.430168301858E+00 -8.057948852872E-01 -3.076251570093E-03 -2.206740459462E+00  6.594266471138E+00  1.310237048803E-01 -3.945099062040E-01  2.634862013248E-01 -4.484129141776E-01 -3.834302203843E-04  6.591884994802E-05 -8.850552075287E-06  3.133818417321E-05  8.591609229761E-01 -6.591885051685E-05 -1.925548907258E-03  1.835457557420E-20 -6.214833733469E-21  2.003848228717E-20 -2.684963007976E-02
  4.800000000000E+01  5.000000000000E+01  1.824854613618E+01 -4.497930066599E-14 -1.251516610648E-01  3.374915069984E+02  8.950139918138E-01  1.421831208527E+00 -8.027990502601E-01 -2.876727058074E-03 -2.241653839311E+00  6.405014153121E+00  1.213939637727E-01 -3.735580861000E-01  2.521641223245E-01 -4.106716325933E-01  1.595406125477E-04 -9.372117078228E-06 -9.945196246015E-06  2.110080544475E-05  7.982667050588E-01  9.372116806992E-06 -2.334866006923E-03 -1.444893904329E-20  5.135892989333E-21  7.303229037562E-21 -2.467854631177E-02
  5.200000000000E+01  5.400000000000E+01  1.844097844835E+01 -1.410127700371E-14 -1.255940769699E-01  3.445288514388E+02  9.008141763414E-01  1.411557907408E+00 -7.997469915887E-01 -2.735383503696E-03 -2.272526372779E+00  6.229415703821E+00  1.128271326910E-01 -3.547070526406E-01  2.418799199508E-01 -3.796647672631E-01 -2.664979054687E-04 -7.492693282541E-06 -9.937789622418E-06 -1.087754720010E-05  7.442841763552E-01  7.492693585692E-06 -1.573734389218E-03  4.652963314947E-20  3.845807438599E-20 -1.477636923025E-20 -2.284096320172E-02
  5.600000000000E+01  5.800000000000E+01  1.862073071041E+01  1.139262787118E-14 -1.258800836355E-01  3.511696108711E+02  9.052358328887E-01  1.400541116002E+00 -7.961879322501E-01 -2.536984459579E-03 -2.301168580623E+00  6.068979517744E+00  1.049463488854E-01 -3.373473654560E-01  2.324010165723E-01 -3.513016160257E-01 -6.671327458343E-04  2.740027032376E-05 -1.192232850994E-05  6.630019871609E-07  6.976245910099E-01 -2.740027128217E-05 -1.100270972108E-03  1.377825830058E-20  2.602199768654E-20  9.751061580655E-21 -2.121789435943E-02
  6.000000000000E+01  6.200000000000E+01  1.878976474579E+01  4.282260722237E-14 -1.261754790948E-01  3.574727448193E+02  9.081821520860E-01  1.390063374900E+00 -7.926175300500E-01 -2.408373956447E-03 -2.329524217344E+00  5.923894375351E+00  9.881078418969E-02 -3.223828046624E-01  2.235720204728E-01 -3.281172673426E-01 -1.267339570704E-03 -1.335379017484E-05 -1.349150254509E-05  4.818668214696E-06  6.577137926566E-01  1.335379192999E-05 -8.266650911556E-04 -5.027700802936E-20 -2.105241266908E-20 -5.426551228170E-21 -1.983844731766E-02
  6.400000000000E+01  6.600000000000E+01  1.894947754863E+01  8.213939619618E-14 -1.263421132396E-01  3.634810007608E+02  9.098698131787E-01  1.381079620009E+00 -7.887510195440E-01 -2.338777944272E-03 -2.355385012054E+00  5.785159916351E+00  9.260088277753E-02 -3.080529396695E-01  2.154520568918E-01 -3.068971810358E-01 -1.375077065461E-03 -9.119038928439E-06 -1.173513823623E-05  5.644039000518E-06  6.232272798560E-01  9.119035994499E-06 -5.346415593095E-04  2.826329433325E-20 -1.583176543844E-20 -2.048335199820E-20 -1.860259534909E-02
  6.800000000000E+01  7.000000000000E+01  1.910137059703E+01  1.257942472338E-13 -1.265020134415E-01  3.692373016415E+02  9.106502497341E-01  1.372291068198E+00 -7.847218634551E-01 -2.262958082428E-03 -2.380091900124E+00  5.653655846395E+00  8.693931159519E-02 -2.949267729604E-01  2.079874613615E-01 -2.886441725587E-01 -8.860548690091E-04  3.410351542519E-05 -9.694489579549E-06  3.401161945992E-05  5.917553652856E-01 -3.410351226642E-05  4.949050635391E-04  2.534914205556E-20  1.083511783502E-21 -2.820698662028E-20 -1.752062981435E-02
  7.200000000000E+01  7.400000000000E+01  1.924541412450E+01  1.550077857773E-13 -1.260598147389E-01  3.747399240622E+02  9.108152104597E-01  1.364225459357E+00 -7.806736513323E-01 -2.187753475760E-03 -2.392850016234E+00  5.531155011871E+00  8.246454663815E-02 -2.835868537196E-01  2.011223070810E-01 -2.713326154962E-01 -1.323434961185E-03  4.336539263080E-05 -8.783844420461E-06  4.279733678458E-05  5.600005417055E-01 -4.336539337361E-05  3.223952534328E-03  8.824814801464E-21  2.626115490886E-22 -1.071667312632E-20 -1.646109107820E-02
  7.600000000000E+01  7.800000000000E+01  1.938144598641E+01  1.505058359526E-13 -1.247990432265E-01  3.799651364596E+02  9.105218830561E-01  1.357485920436E+00 -7.763124307734E-01 -2.097963048510E-03 -2.389516507073E+00  5.419170226237E+00  7.810251041691E-02 -2.727207892024E-01  1.946182787856E-01 -2.554356120297E-01 -2.397000722546E-03  2.238202885345E-05 -9.538658438992E-06  2.249571758941E-05  5.325153034961E-01 -2.238202815401E-05  6.605563195922E-03 -5.505325280004E-20 -2.121738247037E-20  3.501773944938E-20 -1.553577077385E-02
  8.000000000000E+01  8.200000000000E+01  1.951163103929E+01  1.412625660254E-13 -1.227897664345E-01  3.849993889900E+02  9.096197055267E-01  1.350896562797E+00 -7.720237956833E-01 -2.032374420257E-03 -2.368479170306E+00  5.312162694102E+00  7.371544076364E-02 -2.623996866036E-01  1.886842458412E-01 -2.420107493272E-01 -3.592577921710E-03  1.385778068015E-05 -7.739556305242E-06 -1.148592815756E-05  5.096237171954E-01 -1.385778069415E-05  8.928800376215E-03  2.043590270365E-20 -2.451136431513E-20  4.704300301603E-21 -1.472105857249E-02
  8.400000000000E+01  8.600000000000E+01  1.963614685969E+01  1.406396579780E-13 -1.204608613848E-01  3.898427068394E+02  9.082610322338E-01  1.344255255670E+00 -7.676147920856E-01 -1.992662130335E-03 -2.338731810449E+00  5.211382074493E+00  7.002285106959E-02 -2.535147627361E-01  1.834919116700E-01 -2.291152169633E-01 -3.606764128091E-03 -1.076635095853E-06 -1.981197218512E-06 -1.570474986392E-05  4.863758290930E-01  1.076635027269E-06  1.012073039369E-02  1.615088250239E-20 -4.367900749776E-21  2.337318614988E-20 -1.391549479831E-02
  8.800000000000E+01  9.000000000000E+01  1.975484888832E+01  1.601361935850E-13 -1.177624247993E-01  3.944865518147E+02  9.065968976367E-01  1.336679966401E+00 -7.632338950455E-01 -1.940206191022E-03 -2.299704953685E+00  5.115621475656E+00  6.595367213368E-02 -2.449708146371E-01  1.790171425064E-01 -2.160306344026E-01 -3.433693877324E-03 -9.474700281970E-06  2.462854609215E-06  1.690724114925E-05  4.624664086777E-01  9.474700070416E-06  1.026045631053E-02 -2.479726838558E-20  1.761658008113E-20 -2.253970755292E-20 -1.312599639881E-02
  9.200000000000E+01  9.400000000000E+01  1.986742410592E+01  1.701861206937E-13 -1.153022206054E-01  3.989123740853E+02  9.044795038337E-01  1.327717912594E+00 -7.586665640373E-01 -1.917406617734E-03 -2.262914015860E+00  5.019652618847E+00  6.216894128589E-02 -2.363202742411E-01  1.741513329570E-01 -2.037885774317E-01 -3.269144309628E-03  1.263319845050E-05  5.268674199934E-06  9.900217509326E-06  4.402323485205E-01 -1.263319798043E-05  1.003190025053E-02  2.441399526247E-20  6.748352532726E-22  3.023952518777E-20 -1.240050777060E-02
  9.600000000000E+01  9.800000000000E+01  1.997493066501E+01  1.849965917579E-13 -1.127942186351E-01  4.031616250130E+02  9.019672888918E-01  1.318262774854E+00 -7.542004218631E-01 -1.791985051605E-03 -2.224134851144E+00  4.928899154763E+00  5.912159846144E-02 -2.287907944608E-01  1.696691959961E-01 -1.931743713433E-01 -3.530294579120E-03  1.158008400441E-05  7.710947274468E-06 -8.052652223818E-06  4.195315727761E-01 -1.158008384938E-05  1.078166797332E-02 -3.160916662224E-20  1.428105819624E-20  1.042213917220E-20 -1.174065603029E-02
  1.000000000000E+02  1.020000000000E+02  2.007726264204E+01  2.312894741904E-13 -1.099520288171E-01  4.072279469129E+02  8.992601976861E-01  1.308444186596E+00 -7.496430666865E-01 -1.778177867860E-03 -2.178130388918E+00  4.848044636100E+00  5.698800411767E-02 -2.222088158950E-01  1.652208117779E-01 -1.826401424198E-01 -3.698354904226E-03  8.941472520160E-06  6.433066076693E-06  1.482556013443E-05  4.000572712279E-01 -8.941472368733E-06  1.073812621979E-02 -1.363391059650E-20 -1.569744784693E-20 -2.510631544606E-20 -1.113174792608E-02
  1.040000000000E+02  1.060000000000E+02  2.017508041662E+01  2.554166678506E-13 -1.073950505302E-01  4.111308039217E+02  8.966557441974E-01  1.299607483066E+00 -7.450085931448E-01 -1.690304530685E-03 -2.137751727453E+00  4.765120136791E+00  5.429552318929E-02 -2.150446933705E-01  1.607491701808E-01 -1.734567234380E-01 -2.993183140002E-03  1.338865947133E-06  1.574077644065E-06  2.175243796932E-05  3.837839052400E-01 -1.338865391607E-06  1.019633668942E-02  1.265154480229E-21  1.985826043794E-21  2.192417782790E-20 -1.057395007532E-02
  1.080000000000E+02  1.100000000000E+02  2.026907616227E+01  2.440452867280E-13 -1.048377892757E-01  4.148958857989E+02  8.941534537237E-01  1.291267064725E+00 -7.404388328794E-01 -1.609873985561E-03 -2.096359206820E+00  4.686776356021E+00  5.122961951575E-02 -2.084291349899E-01  1.571995154758E-01 -1.648781609046E-01 -3.087875835216E-03 -2.694405506895E-05  1.884333836345E-07 -7.512761170317E-06  3.673679250922E-01  2.694405515909E-05  9.815966785817E-03 -1.836310513205E-20  2.486146409734E-20  1.925795758091E-20 -1.002631565523E-02
  1.120000000000E+02  1.140000000000E+02  2.035862162781E+01  2.433650217112E-13 -1.025286967402E-01  4.184961600131E+02  8.917625780166E-01  1.283833712446E+00 -7.357532882348E-01 -1.604658789035E-03 -2.058950097055E+00  4.612418766337E+00  4.881025219574E-02 -2.027529382418E-01  1.539426860468E-01 -1.558550421932E-01 -2.792059492496E-03 -5.562140263028E-06  4.008377468645E-06 -1.034988450967E-05  3.508029009892E-01  5.562140427348E-06  8.467369227949E-03 -1.973012987120E-20  4.275900072624E-21  2.561526170583E-20 -9.507520203838E-03
  1.160000000000E+02  1.180000000000E+02  2.044448720443E+01  2.397421216988E-13 -1.006464924281E-01  4.219621415737E+02  8.894764669941E-01  1.277590848330E+00 -7.311119087734E-01 -1.480918173331E-03 -2.029912756432E+00  4.540860429132E+00  4.660221062317E-02 -1.971154746956E-01  1.505132640731E-01 -1.482488497061E-01 -2.505235627577E-03  1.536821779845E-05  6.511206354565E-06  7.006103725511E-06  3.362402840478E-01 -1.536821767901E-05  7.246361137024E-03 -2.709765514517E-20  1.489968494496E-20 -2.120686961803E-20 -9.046565031911E-03
  1.200000000000E+02  1.220000000000E+02  2.052680083873E+01  2.316312194134E-13 -9.890142529604E-02  4.252961837042E+02  8.872407980019E-01  1.270897802549E+00 -7.263489958318E-01 -1.444612550994E-03 -2.003121166303E+00  4.476111708094E+00  4.476380118187E-02 -1.918224376285E-01  1.470586364459E-01 -1.413542474144E-01 -2.133549134527E-03  1.563813094094E-05  5.672641679416E-06 -4.666189560834E-06  3.230568100632E-01 -1.563813110496E-05  6.722263009028E-03 -6.909085051181E-21  1.491375438854E-21 -5.178538806952E-20 -8.628219094964E-03
  1.240000000000E+02  1.260000000000E+02  2.060599536814E+01  2.353429609756E-13 -9.727712256883E-02  4.285162020372E+02  8.851570275410E-01  1.264204667075E+00 -7.216662874716E-01 -1.304356375680E-03 -1.978933495088E+00  4.416156009204E+00  4.310442451009E-02 -1.870871378182E-01  1.439827133081E-01 -1.349194297005E-01 -2.298860070911E-03 -2.227194574698E-06  5.317117189719E-06 -1.299433406296E-05  3.102733236259E-01  2.227194441801E-06  5.902986313018E-03  1.242470492672E-20 -1.783072751313E-20  4.850121715701E-21 -8.237709454077E-03
  1.280000000000E+02  1.300000000000E+02  2.068191194024E+01  2.186569657975E-13 -9.593431893038E-02  4.316136271851E+02  8.833802555219E-01  1.257180006239E+00 -7.168599299335E-01 -1.266145102909E-03 -1.959375330113E+00  4.354917976779E+00  4.140611767846E-02 -1.824187970900E-01  1.410126794127E-01 -1.287592432664E-01 -2.033327681268E-03 -3.260892292574E-06  6.102169574947E-06  1.049613957447E-06  2.973182593717E-01  3.260891517164E-06  4.960377402064E-03 -5.609228454568E-21 -2.148634643186E-20  7.576055533472E-21 -7.857481578422E-03
  1.320000000000E+02  1.340000000000E+02  2.075471250840E+01  1.985336042700E-13 -9.474438478503E-02  4.345945393346E+02  8.818537488499E-01  1.250299228100E+00 -7.121559760894E-01 -1.201376029740E-03 -1.942164224336E+00  4.298272175623E+00  4.017719182553E-02 -1.782396293724E-01  1.380624375461E-01 -1.227870057433E-01 -1.344795066767E-03  2.739725610278E-06  4.841901103242E-06 -6.468750537362E-06  2.857246589272E-01 -2.739724789766E-06  4.282906509395E-03 -2.096217612272E-20  4.962542779892E-21  2.723106055267E-20 -7.509339161472E-03
  1.360000000000E+02  1.380000000000E+02  2.082481179480E+01  2.399108817063E-13 -9.375148102543E-02  4.374715961199E+02  8.805481173938E-01  1.242920797821E+00 -7.074052821399E-01 -1.076389421901E-03 -1.928745972396E+00  4.243150252933E+00  3.824942752169E-02 -1.739648879006E-01  1.357154603780E-01 -1.174823320741E-01 -1.415826582764E-03 -3.635218546459E-06  2.776869503667E-06 -2.687729503242E-05  2.750284425829E-01  3.635217974194E-06  4.113864831874E-03 -2.256727040867E-20  2.282227708267E-20  1.231720509409E-20 -7.172358253344E-03
  1.400000000000E+02  1.420000000000E+02  2.089218501498E+01  3.072488814929E-13 -9.269328907716E-02  4.402440053793E+02  8.794964414395E-01  1.235571462980E+00 -7.026487702248E-01 -9.290782824615E-04 -1.913957594841E+00  4.189844028179E+00  3.651968549381E-02 -1.698282159677E-01  1.333085304753E-01 -1.124043363749E-01 -1.597038728604E-03 -1.730923407471E-05  2.155427623986E-06 -1.476430715170E-05  2.649237538469E-01  1.730923544781E-05  4.549004607886E-03 -7.870850734957E-20  6.212485688927E-21  2.887675330692E-20 -6.873433837398E-03
  1.440000000000E+02  1.460000000000E+02  2.095722118233E+01  3.356746343830E-13 -9.147606581429E-02  4.429252557304E+02  8.785288006037E-01  1.229339634813E+00 -6.978333334220E-01 -7.825817416741E-04 -1.896146159562E+00  4.139736630004E+00  3.490910287956E-02 -1.660784402234E-01  1.311693373440E-01 -1.076567935011E-01 -1.810810923901E-03  1.640956615943E-05  2.671533530598E-06 -6.074039972716E-06  2.569603670550E-01 -1.640956619866E-05  5.639200062215E-03  5.922703244010E-20  1.175635246385E-20  2.127683494166E-20 -6.611040476902E-03
  1.480000000000E+02  1.500000000000E+02  2.102068144315E+01  3.502679124935E-13 -8.986313274128E-02  4.455498759158E+02  8.774383816168E-01  1.223019972711E+00 -6.930971183428E-01 -6.166787745518E-04 -1.870691776126E+00  4.096786070558E+00  3.376393384327E-02 -1.626615153807E-01  1.288975815378E-01 -1.039140020300E-01 -2.529702607060E-03  3.258329325416E-05  2.315122609193E-06 -2.207641392215E-05  2.494377058425E-01 -3.258329296224E-05  6.784218036548E-03 -1.779741622750E-20  1.516060094179E-20 -6.701521698453E-21 -6.380530641199E-03
  1.520000000000E+02  1.540000000000E+02  2.108197615384E+01  3.558731505283E-13 -8.809791041927E-02  4.480909845327E+02  8.763789020325E-01  1.215589911058E+00 -6.883202009747E-01 -4.729157548161E-04 -1.842212506021E+00  4.051985374467E+00  3.282182231295E-02 -1.592678629176E-01  1.264460406050E-01 -1.002586925099E-01 -2.357544977253E-03  5.908674992957E-06  2.010829931917E-08 -1.643751888251E-05  2.415698359504E-01 -5.908675114606E-06  6.223360655550E-03  1.487396762764E-20  9.525172147183E-21  4.108860402161E-20 -6.161578405756E-03
  1.560000000000E+02  1.580000000000E+02  2.114143245095E+01  3.405501604862E-13 -8.673555988388E-02  4.505607970908E+02  8.755238495664E-01  1.207241829775E+00 -6.835153577015E-01 -3.628327948004E-04 -1.822037799369E+00  4.005011530135E+00  3.154551645932E-02 -1.557273003219E-01  1.241817838640E-01 -9.675661791378E-02 -1.718172832100E-03  3.149288714647E-06 -1.515251747482E-06 -3.623033917772E-06  2.334678343586E-01 -3.149289224123E-06  3.900784968943E-03 -4.781812087347E-21  9.570069980824E-21 -1.352243654991E-20 -5.916203134909E-03
  1.600000000000E+02  1.620000000000E+02  2.119868286619E+01  3.277784560520E-13 -8.609880851263E-02  4.529450899185E+02  8.747687753131E-01  1.198411847040E+00 -6.787904100577E-01 -2.233949123226E-04 -1.817165369726E+00  3.962946889183E+00  3.096422313248E-02 -1.528757972393E-01  1.219115741070E-01 -9.260333375607E-02 -1.208311394182E-03  2.093662777703E-05 -1.542355514638E-06 -8.348164562643E-06  2.250975593299E-01 -2.093662779253E-05  1.611319242944E-03 -6.795225497422E-20 -5.367735359772E-21  2.712665298734E-20 -5.675652174203E-03
  1.640000000000E+02  1.660000000000E+02  2.125397801897E+01  3.012900236012E-13 -8.592765971769E-02  4.552528177287E+02  8.740314722504E-01  1.189267703501E+00 -6.740014480310E-01 -1.200721190618E-04 -1.821825101960E+00  3.919593010018E+00  2.995189052687E-02 -1.497980829712E-01  1.198461924430E-01 -8.914080812731E-02 -9.074545455205E-04  9.186971701766E-06 -7.044376195791E-07 -2.220303096726E-05  2.178347177449E-01 -9.186971941624E-06 -2.785043141115E-04  2.721328708099E-20  2.068857373502E-20 -1.688459404147E-20 -5.477238685141E-03
  1.680000000000E+02  1.700000000000E+02  2.130757608021E+01  2.588281073843E-13 -8.629153224466E-02  4.574942027772E+02  8.732389715468E-01  1.180969252208E+00 -6.691869442256E-01  1.967325637864E-06 -1.837541300841E+00  3.879645181040E+00  2.894190832795E-02 -1.470077555039E-01  1.180658471763E-01 -8.606139422270E-02 -3.884786112764E-04  1.442828668903E-05  8.780261087839E-07 -8.004710908577E-06  2.102067656810E-01 -1.442828711285E-05 -1.653354204775E-03  1.272269488018E-20  6.176260699745E-21 -1.250738301146E-20 -5.274215686928E-03
  1.720000000000E+02  1.740000000000E+02  2.135907611834E+01  2.314309827039E-13 -8.677312040071E-02  4.596512142047E+02  8.723381973682E-01  1.174388954823E+00 -6.644608744499E-01  1.676865076178E-04 -1.855784016049E+00  3.841104722417E+00  2.834321869623E-02 -1.445076998130E-01  1.161644811165E-01 -8.279760237326E-02 -1.697256609348E-04 -1.467098007604E-06  1.982812744876E-06 -6.247644557333E-06  2.036899364933E-01  1.467097347061E-06 -2.343087795032E-03 -3.380247772918E-20  2.517649990290E-20  1.874266754572E-20 -5.094747976554E-03
  1.760000000000E+02  1.780000000000E+02  2.140939250456E+01  2.044566720065E-13 -8.746393696220E-02  4.617623671900E+02  8.713480321092E-01  1.168725872268E+00 -6.596519512183E-01  2.759269347383E-04 -1.878093055591E+00  3.805448424079E+00  2.766925967593E-02 -1.420759129783E-01  1.144066533026E-01 -8.042214819214E-02 -2.061548340352E-04 -6.009936906264E-06  3.415831352285E-06 -3.525380085261E-05  1.971160565221E-01  6.009936082962E-06 -3.834943762630E-03  4.240464750968E-20 -9.694444404470E-21 -2.986637507055E-21 -4.925960425021E-03
  1.800000000000E+02  1.820000000000E+02  2.145761841220E+01  1.608969316287E-13 -8.875925767413E-02  4.637890384558E+02  8.702810908553E-01  1.163974992550E+00 -6.548744162065E-01  3.920457253183E-04 -1.913113253022E+00  3.769803777950E+00  2.674624019995E-02 -1.397144202755E-01  1.129681800738E-01 -7.709657103284E-02  3.322057072947E-04  6.602503961030E-06  5.133095971487E-06 -3.482735190436E-05  1.905868142706E-01 -6.602504406180E-06 -4.687442610627E-03  9.444804314498E-21 -7.597006607087E-21  4.902809616836E-21 -4.746731288191E-03
  1.840000000000E+02  1.860000000000E+02  2.150471131925E+01  1.150992079424E-13 -8.988610066685E-02  4.657718746138E+02  8.690720782137E-01  1.158830603810E+00 -6.500619583785E-01  5.617323752364E-04 -1.945193077936E+00  3.734217995729E+00  2.573287833596E-02 -1.372658838125E-01  1.115330054763E-01 -7.490409398749E-02  4.627418423289E-04  5.051913480801E-07  5.778451889328E-06 -7.539592664185E-06  1.859480994080E-01 -5.051919424233E-07 -3.877869480649E-03  3.788200009795E-20 -9.973070398919E-21  1.398059598856E-20 -4.604076422828E-03
  1.880000000000E+02  1.900000000000E+02  2.155059702584E+01  7.096303883056E-14 -9.072488149056E-02  4.677077235598E+02  8.678111183461E-01  1.154899170747E+00 -6.453860149652E-01  7.334240153962E-04 -1.971493503399E+00  3.704899407216E+00  2.489314954899E-02 -1.350249270860E-01  1.101317775378E-01 -7.259649876276E-02 -4.172228275418E-06 -1.036291347248E-05  5.747869084526E-06 -1.853969045646E-05  1.822668274141E-01  1.036291307001E-05 -3.258912642664E-03  8.878928783059E-21  2.511969209026E-20  1.522284092733E-20 -4.493375603216E-03
  1.920000000000E+02  1.940000000000E+02  2.159587910279E+01  3.053375665733E-14 -9.152430376266E-02  4.696215046610E+02  8.664541205727E-01  1.151100637308E+00 -6.404729036321E-01  9.250771901228E-04 -1.997793883722E+00  3.672746168609E+00  2.432656286453E-02 -1.327607552892E-01  1.084341924243E-01 -7.111043803123E-02  4.730998296939E-05 -1.241678580522E-05  4.537160582756E-06 -2.815233898485E-05  1.770692629021E-01  1.241678592673E-05 -3.327663762069E-03  4.965983204709E-20  1.007206843395E-20  1.014454737538E-20 -4.380170093118E-03
  1.960000000000E+02  1.980000000000E+02  2.163915534609E+01  9.328297682909E-15 -9.238197695637E-02  4.714565958664E+02  8.650186799444E-01  1.149716701159E+00 -6.359048993539E-01  1.102379773327E-03 -2.024944392138E+00  3.646348200743E+00  2.377445194338E-02 -1.309026494943E-01  1.071281975524E-01 -6.883213490991E-02  1.174633547578E-04 -7.755657911625E-06  2.656223220513E-06 -2.153853196046E-05  1.738751270385E-01  7.755657484167E-06 -3.929954851743E-03 -3.662987702454E-20  1.885816534934E-20 -3.016944233599E-20 -4.250163584010E-03
  2.000000000000E+02  2.020600000000E+02  2.168279020548E+01 -9.430944451309E-15 -9.349058885774E-02  4.733081285924E+02  8.632796706630E-01  1.148200975178E+00 -6.309516649492E-01  1.287900509036E-03 -2.057536821565E+00  3.624096738465E+00  2.212712431889E-02 -1.271214895652E-01  1.049943652472E-01 -6.759968135020E-02  5.637442875851E-04  1.003476213292E-06  1.772603845960E-06 -3.006218305860E-05  1.706440205659E-01 -1.003476558305E-06 -4.761009253539E-03 -6.181460350537E-21  2.196695406169E-20  2.631285107295E-21 -4.190085870470E-03
  2.041200000000E+02  2.062418000000E+02  2.172700842993E+01 -4.598627352757E-14 -9.486799974446E-02  4.751883666338E+02  8.615652842413E-01  1.147872799628E+00 -6.260650620683E-01  1.481827129628E-03 -2.095521115567E+00  3.603466389279E+00  2.071708571176E-02 -1.233633333564E-01  1.026462476447E-01 -6.669201366409E-02  7.379950673527E-04  9.736933357391E-06  2.092329300852E-06 -2.407835580241E-05  1.672148521857E-01 -9.736934377887E-06 -5.594077265355E-03 -2.251106278115E-20 -1.206728574155E-20  3.307638523248E-20 -4.138235185222E-03
  2.083636000000E+02  2.105490540000E+02  2.177150252313E+01 -8.918424332371E-14 -9.645193868019E-02  4.770823996953E+02  8.597791340311E-01  1.147096264332E+00 -6.209056056122E-01  1.704365683576E-03 -2.137815760679E+00  3.582475312366E+00  1.934144969289E-02 -1.193783817198E-01  1.000369320280E-01 -6.565452310397E-02  1.002802759658E-03  5.917297984048E-06  2.254467674472E-06 -1.644810553460E-05  1.634917744291E-01 -5.917298383657E-06 -6.190119708462E-03  3.287207061730E-20 -3.392155961170E-20 -7.449272907386E-21 -4.081359910082E-03
  2.127345080000E+02  2.149855256200E+02  2.181639748130E+01 -1.497827909156E-13 -9.821393774153E-02  4.789978728904E+02  8.576946985689E-01  1.146402109966E+00 -6.156747883056E-01  1.878550251865E-03 -2.184879874389E+00  3.562097784528E+00  1.800613171173E-02 -1.152798986187E-01  9.727376690651E-02 -6.498031354619E-02  1.175442259932E-03  4.904235769065E-06  7.269971578739E-07 -1.018427634021E-05  1.615092823069E-01 -4.904236557147E-06 -6.631539997718E-03  5.974772468415E-22 -2.411748126609E-21  1.799955939602E-20 -4.058840184553E-03
  2.172365432400E+02  2.195550913886E+02  2.186241443539E+01 -2.069891017846E-13 -1.001586222065E-01  4.809659384525E+02  8.554126030788E-01  1.146180790778E+00 -6.102449952722E-01  2.087771273218E-03 -2.235535873420E+00  3.546767312468E+00  1.658661978016E-02 -1.113639812487E-01  9.477736146719E-02 -6.473188234029E-02  1.569502008440E-03 -4.396733253614E-07 -8.167597676235E-07  7.195457122024E-06  1.592902231010E-01  4.396730797926E-07 -6.323093333355E-03 -1.683969836507E-20 -1.360249386707E-20  2.608998589331E-21 -4.022599592235E-03
  2.218736395372E+02  2.242617441303E+02  2.190867640049E+01 -2.268702008664E-13 -1.018200997014E-01  4.829485426855E+02  8.531008430046E-01  1.147093675515E+00 -6.046899743966E-01  2.269579686246E-03 -2.281134156129E+00  3.524599577174E+00  1.494203053455E-02 -1.069330670150E-01  9.199103647987E-02 -6.404894050196E-02  1.472409496045E-03  1.732717124810E-06  1.921919069579E-07  1.405183929009E-05  1.570034385475E-01 -1.732716750705E-06 -5.784054043286E-03 -6.400290271557E-22  1.017907881212E-20  3.425777966857E-22 -3.987867349651E-03
  2.266498487233E+02  2.291095964542E+02  2.195613669307E+01 -2.333677250286E-13 -1.035536734195E-01  4.849849242055E+02  8.507485289762E-01  1.147571327834E+00 -5.989090507159E-01  2.509611452542E-03 -2.327079518225E+00  3.504427767700E+00  1.341639762343E-02 -1.023188301635E-01  8.890243254098E-02 -6.383605974806E-02  1.360420839362E-03  1.965863670826E-05  1.147247616330E-06  6.029510858603E-06  1.553018773917E-01 -1.965863699621E-05 -5.410153985499E-03  3.193956074625E-20 -1.213397561436E-20 -2.410949632821E-20 -3.984343719666E-03
  2.315693441850E+02  2.341028843478E+02  2.200423813256E+01 -2.404093608216E-13 -1.051349371295E-01  4.870522627477E+02  8.482808522025E-01  1.147267752394E+00 -5.930409820068E-01  2.675919326420E-03 -2.369775763789E+00  3.487222665989E+00  1.199635500809E-02 -9.775500185794E-02  8.575864684982E-02 -6.351289292345E-02  1.200381909006E-03  1.661509171052E-05 -7.543308175324E-07  6.025016672096E-06  1.523786854352E-01 -1.661509150947E-05 -4.807745465776E-03 -2.053835475528E-20 -4.000877600323E-21 -3.023110341761E-20 -3.951409588581E-03
  2.366364245106E+02  2.392459708782E+02  2.205266532560E+01 -2.344126559528E-13 -1.065967132291E-01  4.891362710729E+02  8.457649494606E-01  1.146339261649E+00 -5.869309017299E-01  2.917747427814E-03 -2.408651936074E+00  3.470897327048E+00  1.004740617425E-02 -9.289051001926E-02  8.284310384488E-02 -6.282232966696E-02  1.075027370660E-03  5.954464424195E-06 -1.892861245489E-06  5.571823680949E-06  1.503159858732E-01 -5.954464751989E-06 -4.384523934122E-03  2.946412340644E-21  1.960575472708E-20  1.277860480302E-20 -3.913274834518E-03
  2.418555172459E+02  2.445433500046E+02  2.210228969941E+01 -2.090012792462E-13 -1.079934667817E-01  4.912772366666E+02  8.432652263107E-01  1.146445944970E+00 -5.806931847865E-01  3.126792241693E-03 -2.445694788931E+00  3.453249977790E+00  7.987114309047E-03 -8.792762851765E-02  7.994051420760E-02 -6.240374454212E-02  1.103228742967E-03  9.643414282393E-06 -1.098158611896E-06  3.014406357651E-06  1.487273722775E-01 -9.643413786529E-06 -3.887185036196E-03 -1.765246220936E-20  9.066445387013E-21  7.533511804817E-21 -3.877973635080E-03
  2.472311827633E+02  2.499996505047E+02  2.215264412736E+01 -1.744848669485E-13 -1.092108197204E-01  4.934542820058E+02  8.406034567647E-01  1.147471320294E+00 -5.742579668545E-01  3.369527458196E-03 -2.477948148917E+00  3.436938434819E+00  6.427319856046E-03 -8.288242258963E-02  7.645510273380E-02 -6.171303988127E-02  1.352035252221E-03  4.494791657725E-06 -1.152650710399E-06  5.370430867786E-06  1.465966665719E-01 -4.494791361104E-06 -3.789542396996E-03 -1.197864026494E-20  4.406101459273E-21 -5.150959915041E-21 -3.845709501396E-03
  2.527681182462E+02  2.556196400198E+02  2.220378395025E+01 -1.511915367208E-13 -1.106088901509E-01  4.956700282129E+02  8.374480886922E-01  1.147589178996E+00 -5.676137942292E-01  3.639888436239E-03 -2.514264080479E+00  3.425616366454E+00  4.811986375421E-03 -7.808877698297E-02  7.327679060796E-02 -6.146504896930E-02  1.293468243867E-03  4.226066352127E-07 -1.419346128488E-06 -3.551618562057E-06  1.445352944618E-01 -4.226063557230E-07 -3.116904986039E-03  2.508367110508E-20 -7.227114703589E-21  2.783407777105E-20 -3.836798289383E-03
  2.584711617935E+02  2.614082292204E+02  2.225567859350E+01 -1.459842148786E-13 -1.114431739335E-01  4.979254979919E+02  8.338371018454E-01  1.144115354736E+00 -5.607948257923E-01  3.981357774062E-03 -2.537394799989E+00  3.416104288883E+00  3.057382122754E-03 -7.314463327468E-02  7.008725115271E-02 -6.126740637041E-02  9.928991843498E-04  6.785207604343E-06 -9.361775328307E-07 -5.512310697800E-06  1.426170847413E-01 -6.785207581971E-06 -2.475270637005E-03 -1.007329554702E-20 -6.542641290219E-21 -1.206388245179E-20 -3.822573089139E-03
  2.643452966473E+02  2.673704760971E+02  2.230851934749E+01 -1.477874564624E-13 -1.124590674025E-01  5.002289091613E+02  8.297369221676E-01  1.140203491780E+00 -5.538532040541E-01  4.300800837578E-03 -2.564956207325E+00  3.405615785583E+00  1.302371268657E-03 -6.777105524861E-02  6.646868398002E-02 -6.121654806104E-02  1.207667841729E-03  3.138741520563E-06 -4.744895463139E-07  3.640664176742E-06  1.415729062238E-01 -3.138741273382E-06 -2.096836945199E-03 -1.180179692453E-20  1.142412626039E-20  5.165775325759E-20 -3.841424300954E-03
  2.703956555468E+02  2.735115903800E+02  2.236278373366E+01 -1.436515813709E-13 -1.130497454382E-01  5.026012982930E+02  8.250152092586E-01  1.134057222673E+00 -5.466569114895E-01  4.657272673832E-03 -2.582895757676E+00  3.397191794278E+00 -1.358489295038E-04 -6.281756173372E-02  6.295341066335E-02 -6.147957585737E-02  8.969796047339E-04 -5.726700592348E-06 -3.662612876069E-07  9.682598852440E-06  1.413209228180E-01  5.726700976854E-06 -9.551292565296E-04 -2.928998446779E-20  8.867286836292E-21  1.757770629394E-20 -3.845355235800E-03
  2.766275252132E+02  2.798369380914E+02  2.241859875385E+01 -1.373176983001E-13 -1.132011616047E-01  5.050472877538E+02  8.197444934932E-01  1.128287275192E+00 -5.393969437086E-01  5.048219512789E-03 -2.589565421451E+00  3.388762749652E+00 -1.827112271299E-03 -5.728039481985E-02  5.910750709157E-02 -6.155711081193E-02  6.723839943574E-04 -4.709810214004E-06  1.156386895283E-06  8.861107947188E-06  1.413783594842E-01  4.709810541311E-06 -2.274269121151E-04  8.554687504729E-21 -2.152885329534E-20  1.045678886719E-20 -3.864563339643E-03
  2.830463509696E+02  2.863520462341E+02  2.247620741808E+01 -1.547432159262E-13 -1.132134473102E-01  5.075791821494E+02  8.137738558523E-01  1.122853915988E+00 -5.318291163933E-01  5.506858198685E-03 -2.595607589045E+00  3.386930702991E+00 -3.444725997064E-03 -5.198501553658E-02  5.542974153368E-02 -6.228785048811E-02  3.526782701250E-04  2.603106455399E-06  3.138423587780E-06  5.962111956228E-06  1.398814092398E-01 -2.603106684387E-06  2.409322078882E-04  7.245510451915E-21 -2.929749551168E-20  3.826423783925E-20 -3.882208159553E-03
  2.896577414987E+02  2.930626076211E+02  2.253422300019E+01 -1.923128791631E-13 -1.129788589371E-01  5.101364429807E+02  8.069026609210E-01  1.117848609786E+00 -5.243559712266E-01  5.842816342877E-03 -2.595935988382E+00  3.381962106071E+00 -5.456298067466E-03 -4.704834775002E-02  5.250464581690E-02 -6.171074385121E-02  9.496815488435E-05 -5.922182509099E-06  2.056850197919E-06  5.447610136915E-06  1.365885403286E-01  5.922182137041E-06  9.848584945692E-04 -3.864098354740E-21  5.120806581709E-21 -1.102039761460E-20 -3.832830660154E-03
  2.964674737436E+02  2.999744858498E+02  2.259248401050E+01 -2.080755377026E-13 -1.123488688654E-01  5.127114709874E+02  7.992633857822E-01  1.111962673999E+00 -5.165320961267E-01  6.366785434107E-03 -2.587705975459E+00  3.379776047678E+00 -7.176998762011E-03 -4.197255579139E-02  4.914955455293E-02 -6.108327418131E-02  6.462352784166E-05 -8.556810001990E-06 -6.649332634081E-07  2.024141142834E-06  1.355306096212E-01  8.556809520103E-06  1.217982837360E-03  1.090823235089E-20  1.146764858700E-20 -1.174197069210E-21 -3.834984448105E-03
  3.034814979559E+02  3.070937204253E+02  2.265306073783E+01 -1.914275757584E-13 -1.118974102767E-01  5.153980389284E+02  7.909520415763E-01  1.101897731206E+00 -5.087520001613E-01  6.970166401919E-03 -2.584055994030E+00  3.376913281254E+00 -8.566677712270E-03 -3.650216214195E-02  4.506883985475E-02 -6.177679333988E-02  8.001464283737E-05 -2.588750602271E-06 -3.473523690683E-06 -4.063436307518E-06  1.364260939974E-01  2.588750620042E-06  8.937709951659E-04  1.325626208212E-22  1.817050187941E-20 -3.601194367839E-21 -3.881831942331E-03
  3.107059428946E+02  3.144265320380E+02  2.271570417101E+01 -1.527795563672E-13 -1.115450377762E-01  5.181847892816E+02  7.821563079266E-01  1.090345365477E+00 -5.007249464279E-01  7.450924674479E-03 -2.581023956609E+00  3.374944064596E+00 -1.031965461924E-02 -3.125640962077E-02  4.157606423955E-02 -6.214707653659E-02 -8.476008631633E-05 -4.444056380815E-06 -5.847727014411E-06 -1.714314785017E-06  1.352747751774E-01  4.444056605510E-06  8.578939838496E-04  1.729764439989E-20  1.943148926330E-20  2.858998441537E-20 -3.870060036185E-03
  3.181471211814E+02  3.219793279992E+02  2.277888408747E+01 -9.409038421078E-14 -1.110929078984E-01  5.210058961127E+02  7.731336618852E-01  1.080765166287E+00 -4.927358766361E-01  8.046240781434E-03 -2.576231394647E+00  3.385089852544E+00 -1.189288441936E-02 -2.621772006123E-02  3.811060448033E-02 -6.185101203174E-02 -8.867405253289E-05 -2.306575490834E-06 -6.277791464195E-06 -5.155471078943E-08  1.337441849612E-01  2.306575939443E-06  2.160664974908E-03  2.475443636613E-20  7.402742562021E-21  3.584764046431E-21 -3.884668477251E-03
  3.258115348169E+02  3.297587078391E+02  2.284381159157E+01 -5.084823534451E-14 -1.094644244572E-01  5.239134088053E+02  7.640708189787E-01  1.071767984716E+00 -4.844847537620E-01  8.532985529758E-03 -2.546027770358E+00  3.385793503759E+00 -1.371742324327E-02 -2.111651936605E-02  3.483394260866E-02 -6.237582110962E-02 -8.448729375620E-04 -5.748789665626E-06 -5.870727108464E-06 -1.141278691122E-06  1.322449075015E-01  5.748789379219E-06  2.381861554071E-03 -2.188742688291E-20  6.113000156842E-21 -6.568521805429E-21 -3.868813609398E-03
  3.337058808614E+02  3.377714690743E+02  2.290937156457E+01 -1.604922444942E-14 -1.087427476972E-01  5.268602877642E+02  7.547462876076E-01  1.067112475030E+00 -4.762509961832E-01  8.876705994396E-03 -2.538459427134E+00  3.393005256531E+00 -1.560683076125E-02 -1.592394801272E-02  3.153077877284E-02 -6.145107837246E-02 -2.848791892005E-04 -5.628329148438E-06 -5.385732827671E-06 -4.181016874267E-06  1.319829182244E-01  5.628329467635E-06  7.062868110751E-04 -4.678478503853E-20 -8.449810494489E-21  2.532515204440E-20 -3.858565562422E-03
  3.418370572872E+02  3.460246131465E+02  2.297797446736E+01  3.419750535990E-14 -1.087664406091E-01  5.299610873541E+02  7.456743720517E-01  1.061496408988E+00 -4.678808941460E-01  9.422475738817E-03 -2.550669056124E+00  3.411670344050E+00 -1.716362358438E-02 -1.096614763925E-02  2.812977122299E-02 -6.210346309989E-02  8.112485050451E-05  1.141157106140E-06 -5.670149482251E-06 -2.754866077928E-06  1.307160183292E-01 -1.141157100747E-06 -6.729600741691E-04  4.140160356380E-20 -5.712381737785E-21 -2.025277244260E-20 -3.869261183728E-03
  3.502121690058E+02  3.545253515409E+02  2.304621300765E+01  7.647877065438E-14 -1.094708283485E-01  5.330587881316E+02  7.369609480699E-01  1.059170027069E+00 -4.595350806056E-01  9.974955461805E-03 -2.577362108330E+00  3.427967225424E+00 -1.842291653456E-02 -6.102060834316E-03  2.452497736818E-02 -6.162957803971E-02  2.676032518123E-04 -9.190303099137E-07 -5.968355800703E-06  1.716320847038E-06  1.306544126700E-01  9.190305504826E-07 -6.186958511542E-04 -1.449259784563E-20 -1.256930838406E-20  4.196194987147E-20 -3.893456390032E-03
  3.588385340760E+02  3.632811120872E+02  2.311882940804E+01  1.013109654039E-13 -1.094361681315E-01  5.363630922557E+02  7.284213560299E-01  1.052421436525E+00 -4.509693585581E-01  1.032900551188E-02 -2.586289521929E+00  3.452227473809E+00 -1.950780886327E-02 -1.301681812127E-03  2.080949067536E-02 -6.318051686364E-02  2.468853713108E-06 -2.154261624426E-06 -3.954094503573E-06  1.958443382319E-07  1.303452706539E-01  2.154261331223E-06  1.651912144285E-03  3.007258926220E-21  1.002786431467E-20 -6.447260377600E-21 -3.943802159150E-03
  3.677236900983E+02  3.722995454498E+02  2.319095047196E+01  1.135415656171E-13 -1.076228256945E-01  5.396572109864E+02  7.204107593824E-01  1.040548840851E+00 -4.427152208597E-01  1.091457350439E-02 -2.553486478380E+00  3.474386653002E+00 -2.076474895561E-02  3.246244766973E-03  1.751850418875E-02 -6.271043145055E-02 -9.197585644771E-04 -4.080501494338E-06 -2.238090805461E-06  6.780109554776E-07  1.294071707365E-01  4.080501564504E-06  2.481249854188E-03 -4.937507961671E-21 -8.278895436171E-22  4.849951439346E-21 -3.943317846560E-03
  3.768754008012E+02  3.815885318133E+02  2.326684381113E+01  1.274269682827E-13 -1.065913199612E-01  5.431363926765E+02  7.124168952131E-01  1.026482632178E+00 -4.338694613987E-01  1.116288438506E-02 -2.539919893735E+00  3.498946491680E+00 -2.199978060716E-02  7.934742492929E-03  1.406503811463E-02 -6.355714051627E-02 -3.682472373179E-04 -5.472062887650E-06 -1.055222290775E-06 -1.129883410800E-06  1.286514488638E-01  5.472062712290E-06  2.200182018561E-03  2.767868139391E-20 -1.134862338303E-20 -3.506902592313E-20 -3.957047787386E-03
  3.863016628253E+02  3.911561877677E+02  2.334253227697E+01  1.418340913467E-13 -1.050339590141E-01  5.466172037987E+02  7.036076381189E-01  1.014432391871E+00 -4.254296239822E-01  1.165957918817E-02 -2.506924712904E+00  3.524910601132E+00 -2.329700333486E-02  1.244494599246E-02  1.085205734241E-02 -6.306384579584E-02 -3.215385269134E-04  1.868734017690E-06  9.586979681342E-07 -1.506310320263E-06  1.256321268814E-01 -1.868734113499E-06  4.194072783405E-03  5.507712722315E-21  2.955329892679E-20  4.723542777394E-20 -3.927038987044E-03
  3.960107127100E+02  4.010108734007E+02  2.341933313830E+01  1.516955837564E-13 -1.015015957789E-01  5.501646774011E+02  6.939393440247E-01  9.996308859411E-01 -4.166001141053E-01  1.195039840122E-02 -2.426048819488E+00  3.550406146781E+00 -2.466229812137E-02  1.667603866724E-02  7.986259453747E-03 -6.236091903247E-02 -8.350582293427E-04  4.659145118223E-06  2.784373909121E-06 -6.550693192115E-06  1.234568198931E-01 -4.659145355670E-06  5.780091783453E-03 -4.128907601933E-22  5.414320997904E-21  1.844355034508E-20 -3.879817799050E-03
  4.060110340913E+02  4.111611996027E+02  2.349688490878E+01  1.711263555628E-13 -9.782289911725E-02  5.537552114289E+02  6.835820049500E-01  9.853589743917E-01 -4.079147523621E-01  1.227039810893E-02 -2.340973842511E+00  3.581702843369E+00 -2.554902904490E-02  2.064330669301E-02  4.905722350668E-03 -6.201297988963E-02 -8.950490397974E-04  1.939670285993E-06  4.047661978442E-06 -9.991694408048E-06  1.214915698091E-01 -1.939670023631E-06  5.767914777253E-03  2.376907052315E-21 -6.430692543445E-21 -3.247222781282E-21 -3.880857887573E-03
  4.163113651141E+02  4.216160355908E+02  2.357579410485E+01  1.967325318856E-13 -9.410481632805E-02  5.574281405673E+02  6.725424396888E-01  9.640342547491E-01 -3.990561805211E-01  1.239562759049E-02 -2.249049996778E+00  3.612817571597E+00 -2.698956557275E-02  2.520972426930E-02  1.779841303648E-03 -6.203483522921E-02 -1.002667661043E-03  5.646200576066E-07  3.736823238265E-06 -1.317455408164E-05  1.195723500285E-01 -5.646197038264E-07  2.986484583513E-03 -3.090279296152E-21  9.093693730658E-21  1.641356266688E-20 -3.856066596546E-03
  4.269207060675E+02  4.323845166585E+02  2.365548062751E+01  2.041568575075E-13 -9.390593369936E-02  5.611519104566E+02  6.607875895124E-01  9.430657959374E-01 -3.902355069660E-01  1.228894098393E-02 -2.242561992759E+00  3.646959352227E+00 -2.810075831924E-02  2.899788617917E-02 -8.971278602628E-04 -6.112136979068E-02  8.494982458178E-04  4.962135226575E-06  4.391058936461E-06 -4.588145635137E-06  1.160528893836E-01 -4.962135295028E-06  2.163421033811E-03  1.143248897972E-20 -2.017299715098E-21  9.546463740849E-21 -3.774525364800E-03
  4.378483272495E+02  4.434760521583E+02  2.373430188284E+01  2.004811212875E-13 -9.115353580459E-02  5.648524549284E+02  6.484511488628E-01  9.170423401152E-01 -3.813838945644E-01  1.226417191535E-02 -2.176412648457E+00  3.687642107131E+00 -2.919114429158E-02  3.248234690812E-02 -3.291202616800E-03 -5.980135185278E-02 -5.610446867155E-04  6.924759963488E-06  7.346413077015E-06 -2.047352491577E-06  1.141732355878E-01 -6.924760166413E-06  2.516261635244E-03 -1.701437187098E-20  7.719727015798E-21 -5.095486093954E-21 -3.738624104404E-03
  4.491037770670E+02  4.549003337230E+02  2.381609864996E+01  2.127298192924E-13 -9.033312697094E-02  5.687050839152E+02  6.353692482471E-01  8.917866311074E-01 -3.724626427810E-01  1.214351732000E-02 -2.157323474531E+00  3.729732534896E+00 -2.994458557424E-02  3.610608105781E-02 -6.161495483847E-03 -6.023767716085E-02 -2.253127972913E-04  4.544178476375E-06  1.061761964328E-05 -2.136677876796E-06  1.119231211248E-01 -4.544178383752E-06  4.653972678871E-03  2.752065430367E-20 -3.049673070251E-21  5.391534151189E-21 -3.743041818993E-03
  4.606968903790E+02  4.666673437347E+02  2.389651131750E+01  2.246048318398E-13 -8.438792407343E-02  5.725100096324E+02  6.218610354881E-01  8.650349834260E-01 -3.636141535520E-01  1.137452233959E-02 -2.018059368952E+00  3.764323703402E+00 -3.071518215295E-02  3.904130767676E-02 -8.326125524433E-03 -5.930766117700E-02 -1.660363742327E-03 -4.447939633676E-06  1.206821254517E-05 -5.030902545017E-06  1.091003927198E-01  4.447939583125E-06  3.997123971518E-03 -1.936872092511E-20 -3.920372778580E-21  2.124397265218E-20 -3.704706218539E-03
  4.726377970904E+02  4.787873640468E+02  2.397893765978E+01  2.304813978560E-13 -8.430196309384E-02  5.764239928627E+02  6.081659355178E-01  8.381397971230E-01 -3.546830146804E-01  1.120061188650E-02 -2.023302892619E+00  3.797470195229E+00 -3.118071247068E-02  4.133230534673E-02 -1.015159287602E-02 -5.922461761486E-02 -1.185434113486E-04 -5.853442012377E-06  1.193275977551E-05  6.800228047519E-07  1.076715565187E-01  5.853442190686E-06  5.177590092128E-04 -2.564681969538E-20 -1.666385227925E-20  9.734148145156E-22 -3.667472763148E-03
  4.849369310031E+02  4.912709849682E+02  2.406198700650E+01  2.148137183180E-13 -8.351585249132E-02  5.803806530267E+02  5.940705983424E-01  8.135002816110E-01 -3.454752294044E-01  1.031832776884E-02 -2.015942906986E+00  3.835458230219E+00 -3.143440955774E-02  4.383045953499E-02 -1.239604997717E-02 -5.837468957072E-02 -6.481865904145E-05 -1.787589363156E-06  1.127258458876E-05  5.889215213468E-06  1.066317555350E-01  1.787588609268E-06  6.013760460381E-04 -2.461221011019E-20  1.009758503454E-21  6.874297036597E-21 -3.660661719492E-03
  4.976050389332E+02  5.041291145172E+02  2.414779009317E+01  1.648138873642E-13 -8.332060389220E-02  5.844803777342E+02  5.787244067451E-01  7.913564706335E-01 -3.363112850543E-01  9.885968104816E-03 -2.023220635143E+00  3.882957426427E+00 -3.143840251742E-02  4.658835820848E-02 -1.514995569060E-02 -5.875750089707E-02 -6.980405506624E-05  4.793705884982E-06  9.252412857072E-06  1.030332930514E-06  1.054228370132E-01 -4.793705564915E-06  1.877354795284E-03 -4.454486693641E-21  9.904806463006E-21 -8.528356637794E-21 -3.677713288316E-03
  5.106531901012E+02  5.173729879527E+02  2.423398372796E+01  1.312652599464E-13 -8.047753572434E-02  5.886135796405E+02  5.630243642087E-01  7.675373669235E-01 -3.270159323638E-01  9.286831243827E-03 -1.967467981662E+00  3.931085921154E+00 -3.163026565084E-02  4.827586332047E-02 -1.664559766912E-02 -5.897264107878E-02 -1.516068646835E-03  3.437508320543E-06  7.824332499012E-06 -1.301784493165E-07  1.052800526909E-01 -3.437508730577E-06  1.504647338322E-03  2.197526724962E-20  2.648258037427E-21  7.308409079487E-21 -3.717878316344E-03
  5.240927858042E+02  5.310141775913E+02  2.432468174974E+01  1.087372009564E-13 -8.085885622466E-02  5.929761473057E+02  5.473291570118E-01  7.455709615954E-01 -3.176551415529E-01  8.227498119616E-03 -1.987090520043E+00  3.984973036194E+00 -3.176577352235E-02  4.961603177017E-02 -1.785025824872E-02 -5.998423556386E-02 -3.411895074741E-04  4.790632965102E-06  5.985071083938E-06 -3.808421942987E-06  1.054010039791E-01 -4.790633330792E-06 -3.298662200613E-03  4.634327071081E-21 -7.166064979952E-22 -3.078996179008E-20 -3.754302716466E-03
  5.379355693784E+02  5.450646029190E+02  2.441636867399E+01  7.151352369080E-14 -8.624627137305E-02  5.974027115550E+02  5.322472429782E-01  7.191703698018E-01 -3.076929196714E-01  7.916447339701E-03 -2.131757584435E+00  4.017286277958E+00 -3.110199781877E-02  5.003439256249E-02 -1.893239474345E-02 -5.999711275916E-02  1.754526143621E-03  7.447511731989E-06  4.224697598534E-06 -1.484620737700E-05  1.034327696491E-01 -7.447512140388E-06 -6.473888607909E-03 -3.058056047222E-20 -1.298728042843E-20 -4.401735379886E-21 -3.719788520096E-03
  5.521936364597E+02  5.595365410066E+02  2.450898614504E+01  4.451405505775E-14 -9.245635078849E-02  6.018980172616E+02  5.175261770835E-01  6.893292252026E-01 -2.976256027434E-01  7.026687484145E-03 -2.290970200449E+00  4.033842144901E+00 -3.007515777142E-02  4.976946616084E-02 -1.969430838964E-02 -5.891674035167E-02  2.471875167022E-03  6.420422217461E-06  3.315695185570E-06 -1.492087154130E-05  1.014448380366E-01 -6.420422163601E-06 -6.795019808304E-03  8.334643205376E-21  2.154991546229E-20  9.761603361448E-21 -3.641961378337E-03
  5.668794455535E+02  5.743794455535E+02  2.460255933087E+01  3.270009263368E-14 -9.874275046304E-02  6.064599849312E+02  5.032742522826E-01  6.562723141968E-01 -2.871127031837E-01  6.703855004658E-03 -2.451686978549E+00  4.023608201001E+00 -2.809196800873E-02  4.762644316125E-02 -1.953447515300E-02 -5.734908128700E-02  2.531312569174E-03  3.573613809941E-06  1.022904062050E-06 -1.523207968969E-05  9.757155397708E-02 -3.573614289654E-06 -4.171403813826E-03 -1.394960249682E-20 -2.211249838713E-21 -5.588728787352E-21 -3.517344071133E-03
  5.818794455535E+02  5.893794455535E+02  2.469195849476E+01  2.917531667646E-14 -1.002755048685E-01  6.108290957186E+02  4.896275586750E-01  6.323333297041E-01 -2.767208956079E-01  6.254199696243E-03 -2.499587364575E+00  3.947932589513E+00 -2.508999584283E-02  4.412771432911E-02 -1.903771848634E-02 -5.406598876055E-02  6.239787925955E-04  9.977728119637E-06 -7.721512182361E-07 -1.734211052196E-05  9.212963044951E-02 -9.977728125454E-06 -2.942509843568E-03  8.200324180921E-21  1.078495744810E-20  2.367397858908E-20 -3.238136651498E-03
  5.968794455535E+02  6.043794455535E+02  2.477534572267E+01  4.634833662698E-14 -1.042579160489E-01  6.149259405147E+02  4.758431801775E-01  6.142031185375E-01 -2.659847769539E-01  6.257878262298E-03 -2.608930080254E+00  3.870984120370E+00 -2.232671933261E-02  4.058766791221E-02 -1.826094858007E-02 -4.942860831625E-02  1.653745557536E-03 -1.787367342671E-06 -1.869668249967E-06 -1.506029659981E-05  8.810422019704E-02  1.787367067662E-06 -6.932065256122E-03  1.628827294995E-20 -3.821592054850E-21  4.611177755251E-20 -2.989460305892E-03
  6.118794455535E+02  6.193794455535E+02  2.485715171445E+01  5.750766471820E-14 -1.132234872314E-01  6.189525434094E+02  4.625179159678E-01  5.970497333965E-01 -2.559027655070E-01  5.542799049497E-03 -2.840761755515E+00  3.813611989725E+00 -1.942873349789E-02  3.711064991092E-02 -1.768191641302E-02 -4.644223471168E-02  2.469527855258E-03 -2.463678985294E-07 -3.129174987588E-06 -1.162921178978E-05  8.251175904615E-02  2.463680853451E-07 -5.871857262905E-03 -1.895801151185E-20 -3.436565322030E-21  6.797682688951E-21 -2.769595896762E-03
  6.268794455535E+02  6.343794455535E+02  2.493002562462E+01  5.343922035208E-14 -1.152525308740E-01  6.225475700105E+02  4.498675689575E-01  5.834644450719E-01 -2.451842276781E-01  5.645354955003E-03 -2.900558250916E+00  3.757729410147E+00 -1.514352257452E-02  3.325165883564E-02 -1.810813626249E-02 -4.190813605303E-02  1.281086732756E-03 -1.426229019760E-06 -1.385834938379E-06  3.710240789210E-07  7.575977068803E-02  1.426229257151E-06 -4.415153084946E-03  1.163392364242E-21 -1.025745365424E-21  1.155040411388E-20 -2.514969098442E-03
  6.418794455535E+02  6.493794455535E+02  2.499919066379E+01  4.823985134961E-14 -1.215033668656E-01  6.259609391389E+02  4.374649666552E-01  5.730926877450E-01 -2.348725440832E-01  4.957884109321E-03 -3.065161777409E+00  3.702707264671E+00 -1.016519440539E-02  2.900929781486E-02 -1.884410340904E-02 -3.888850597984E-02  2.153116695607E-03 -7.406058614688E-06  3.695367475414E-06  2.395413615688E-06  7.315216781238E-02  7.406058543305E-06 -2.831659162923E-03 -2.530531657134E-20  6.038247045342E-21  2.854048890609E-21 -2.390942962555E-03
  6.568794455535E+02  6.643794455535E+02  2.506719428528E+01  3.726501312390E-14 -1.205479024184E-01  6.293381140071E+02  4.237316057431E-01  5.604311993585E-01 -2.252192755075E-01  4.586100475784E-03 -3.049709608386E+00  3.668519835451E+00 -6.148282116542E-03  2.564240244618E-02 -1.949412032929E-02 -3.744094363205E-02 -5.889351857881E-05 -4.093352940369E-06  8.830649824342E-06  3.818517229004E-06  7.039422363255E-02  4.093352852323E-06  2.800387079101E-06 -3.660318674416E-21 -4.573944857242E-21  3.628222347852E-21 -2.264542808163E-03
  6.718794455535E+02  6.793794455535E+02  2.513118576060E+01  2.625260599187E-14 -1.214940020591E-01  6.325219682493E+02  4.101114233346E-01  5.502899231854E-01 -2.149469226735E-01  3.941220862573E-03 -3.083514822784E+00  3.634261898973E+00 -3.338523179994E-03  2.255385740203E-02 -1.921533422286E-02 -3.505018900224E-02  1.374036995565E-04 -7.947939002018E-06  1.261118110841E-05 -9.098291720343E-07  6.714414860487E-02  7.947938727968E-06  1.770746779172E-03 -2.801313924053E-20  1.008716145350E-20  2.891845964778E-20 -2.128831466077E-03
  6.868794455535E+02  6.943794455535E+02  2.519309363938E+01  2.622982184462E-14 -1.171797111494E-01  6.356144495851E+02  3.970550711361E-01  5.365646637248E-01 -2.052149284964E-01  3.337316646192E-03 -2.980767120562E+00  3.606033312684E+00  3.648205349119E-03  1.826009456099E-02 -2.190829991048E-02 -3.311925696483E-02 -8.821738268294E-04 -1.081451308521E-05  1.212121177427E-05 -6.231478487457E-07  6.361635274615E-02  1.081451312625E-05  3.915138640152E-03 -9.041804646080E-21 -6.789950370219E-22  2.684175345211E-20 -2.006306607841E-03
  7.018794455535E+02  7.093794455535E+02  2.525045792236E+01  5.006611271396E-14 -1.141264487630E-01  6.384794674328E+02  3.842336194577E-01  5.220652617002E-01 -1.948497551656E-01  3.318255843245E-03 -2.910772204357E+00  3.600108766096E+00  6.726126214930E-03  1.580377109759E-02 -2.252989731205E-02 -3.126307023799E-02 -1.339192277243E-03 -5.015395143835E-06  1.197386219790E-05 -3.437290203498E-06  6.100972053875E-02  5.015395550397E-06  5.825542269377E-03 -7.424775515154E-21  7.089053643876E-21  1.660108540038E-20 -1.926297385181E-03
  7.168794455535E+02  7.243794455535E+02  2.530746650156E+01  8.193412383746E-14 -1.062979070555E-01  6.413379291508E+02  3.717159902362E-01  5.058177283041E-01 -1.853121599027E-01  2.395069333384E-03 -2.714557447611E+00  3.594989468537E+00  1.222307927883E-02  1.202670573567E-02 -2.424978501352E-02 -3.062249500654E-02 -2.327875773286E-03 -5.787830869735E-06  1.301230839637E-05 -4.061463436809E-07  6.137836793693E-02  5.787830997001E-06  7.620433511347E-03  5.256722076986E-22 -1.259775645772E-20  2.657323501503E-21 -1.897713865095E-03
  7.318794455535E+02  7.393794455535E+02  2.536555626239E+01  9.969608096248E-14 -9.988154822371E-02  6.442576226404E+02  3.591596016133E-01  4.909483106966E-01 -1.748197536951E-01  2.103452350215E-03 -2.555661739186E+00  3.570967661104E+00  1.709274323188E-02  8.727499561214E-03 -2.582024279251E-02 -2.981094698424E-02 -1.524158183126E-03 -1.896391569414E-06  1.036889917051E-05 -2.886629843260E-07  6.028764161814E-02  1.896391372995E-06  6.240737581538E-03  4.463453272873E-22  2.962077229690E-21  1.066173415412E-20 -1.818149342635E-03
  7.468794455535E+02  7.543794455535E+02  2.542052302398E+01  1.031379472568E-13 -9.460800933762E-02  6.470305461229E+02  3.465273082808E-01  4.743377587294E-01 -1.654347946710E-01  1.481855628563E-03 -2.422299994977E+00  3.564680894236E+00  2.060875191536E-02  6.266539272840E-03 -2.687529119060E-02 -2.832092825421E-02 -1.463085603481E-03 -4.599921902815E-06  7.121378264452E-06  2.434327317618E-06  5.586492927382E-02  4.599921914734E-06  3.517137597346E-03  5.081236602073E-21 -1.055921737046E-20  9.245089432240E-21 -1.697385343464E-03
  7.618794455535E+02  7.693794455535E+02  2.547029319138E+01  8.778039522113E-14 -9.330278377948E-02  6.495425700969E+02  3.333088247114E-01  4.555944476375E-01 -1.549410083301E-01  1.844585709708E-03 -2.391575782342E+00  3.563048689046E+00  2.722736605265E-02  2.933349014659E-03 -3.016071506843E-02 -2.624349085736E-02  7.242040064263E-05 -4.128518916608E-06  5.068485384532E-06  8.872232758509E-08  5.157969682862E-02  4.128519054587E-06  1.161676029623E-03  1.760813289105E-20  6.120611750397E-21 -1.979467719838E-20 -1.595508804866E-03
  7.768794455535E+02  7.843794455535E+02  2.551724785476E+01  5.544349412449E-14 -9.243638044741E-02  6.519143640689E+02  3.198786790744E-01  4.432307969301E-01 -1.450509728712E-01  8.540086299520E-04 -2.368710823429E+00  3.560878325795E+00  3.264487894640E-02 -2.764307342005E-05 -3.261723587255E-02 -2.492491860636E-02  1.754800310907E-04  1.764213571740E-06  2.939773312739E-06 -1.914293496065E-06  4.972202816365E-02 -1.764213677208E-06  4.746597465075E-03 -1.144247625358E-20  1.135631335142E-20  5.825032307005E-21 -1.535370244506E-03
  7.918794455535E+02  7.993794455535E+02  2.556356495111E+01  1.105023364478E-14 -8.438007580718E-02  6.542520853625E+02  3.065306464354E-01  4.303929984898E-01 -1.350183842037E-01  9.839862388689E-04 -2.165406317131E+00  3.552292967153E+00  3.766208752321E-02 -3.278325597932E-03 -3.438376192550E-02 -2.417026879393E-02 -1.383444015302E-03  1.956882415417E-06  5.906834365380E-07 -2.411351265357E-06  4.904051232525E-02 -1.956882938151E-06  6.071505842572E-03  8.816770815598E-21  5.530464575827E-21 -1.151766370566E-20 -1.486991741258E-03
  8.068794455535E+02  8.143794455535E+02  2.560921779988E+01 -2.863028911171E-14 -8.103776589235E-02  6.565591398980E+02  2.924614395892E-01  4.214407387272E-01 -1.249366669792E-01  4.945158550693E-04 -2.081675936597E+00  3.548697457273E+00  4.239036520228E-02 -6.025469955937E-03 -3.636489524665E-02 -2.344660310794E-02 -4.976717603863E-04  5.175024903764E-07 -2.692865005047E-06 -1.665170345341E-06  4.603662680459E-02 -5.175027869906E-07  2.699608661697E-03  1.419678648620E-20 -1.865789005953E-20 -5.403800967554E-21 -1.411041695237E-03
  8.218794455535E+02  8.293794455535E+02  2.564986463218E+01 -4.656341747363E-14 -7.929872564358E-02  6.586148661498E+02  2.788193578216E-01  4.112324907320E-01 -1.153572883079E-01  1.181698522407E-04 -2.038915480091E+00  3.540045520311E+00  4.870981638775E-02 -9.336244045679E-03 -3.937357234152E-02 -2.157363637129E-02  2.915212076367E-04  3.160618714088E-06 -4.864738012620E-06  5.781611892291E-07  4.252349889332E-02 -3.160618868853E-06  1.896724945608E-03 -6.810507381860E-21  6.861957300844E-21  7.877606786387E-21 -1.296864844060E-03
  8.368794455535E+02  8.443794455535E+02  2.568890893687E+01 -6.678226100014E-14 -7.750720490288E-02  6.605909133298E+02  2.651355147526E-01  4.010662558163E-01 -1.054817365649E-01  1.212202801522E-04 -1.994845399033E+00  3.531388350223E+00  5.391668734786E-02 -1.223437993775E-02 -4.168230740962E-02 -1.988889663773E-02  1.928671155678E-04  1.100093622844E-06 -5.563829227224E-06 -2.683957621532E-06  3.876085918177E-02 -1.100093780962E-06  1.425749016299E-03 -3.881162109606E-21 -2.663137746415E-21  6.134208169827E-21 -1.161758546164E-03
  8.518794455535E+02  8.593794455535E+02  2.572250681044E+01 -9.812761902229E-14 -7.668026403892E-02  6.622960215491E+02  2.518810009839E-01  3.916752864027E-01 -9.564345684925E-02  1.548283559895E-04 -1.973611441617E+00  3.527346503449E+00  5.953730265457E-02 -1.553488491184E-02 -4.400241774431E-02 -1.747699495822E-02  5.033437434664E-04  2.884657840491E-06 -6.269915260751E-06 -2.539523282491E-08  3.364617537491E-02 -2.884657978988E-06 -1.214878703397E-03  7.292404449288E-21  4.381050316113E-21  1.472064359047E-20 -1.020811313027E-03
  8.668794455535E+02  8.743794455535E+02  2.575200022610E+01 -1.104509287850E-13 -7.977587323518E-02  6.637888607122E+02  2.383639490429E-01  3.843002102293E-01 -8.574519116862E-02  1.898900509154E-05 -2.055918974042E+00  3.531491241642E+00  6.368255452948E-02 -1.777080281755E-02 -4.591175171215E-02 -1.538486947936E-02  1.425152849747E-03  2.212193656952E-06 -3.102270627798E-06  1.739086348642E-07  3.016066533245E-02 -2.212193186180E-06 -1.280915360419E-03  1.687819617155E-20  6.357635407503E-21  2.136307512997E-20 -9.144801824649E-04
  8.818794455535E+02  8.893794455535E+02  2.577906926519E+01 -9.913223988795E-14 -7.906523340464E-02  6.651635576967E+02  2.235383331421E-01  3.801266857863E-01 -7.606157677929E-02 -1.041533322837E-04 -2.037944017151E+00  3.534611493364E+00  6.911774731060E-02 -2.017436159242E-02 -4.894338571657E-02 -1.410324054669E-02  3.030299991838E-04  1.342073812337E-06 -5.333147657534E-07 -2.104882887486E-06  2.672562912924E-02 -1.342073866749E-06 -2.068271771820E-04  1.446217042533E-20 -7.966815035190E-21  2.221426695613E-20 -8.287237069261E-04
  8.968794455535E+02  9.043794455535E+02  2.580211247804E+01 -7.241769177958E-14 -8.016432056708E-02  6.663319162920E+02  2.081198001129E-01  3.784864334143E-01 -6.585024531465E-02 -1.139779049656E-04 -2.068889205878E+00  3.538373396445E+00  7.205022034645E-02 -2.156604645329E-02 -5.048417389318E-02 -1.242719038537E-02  7.469042480797E-04  3.142190867604E-06 -1.892658513117E-06 -3.374887573140E-06  2.370446637616E-02 -3.142190639876E-06 -6.246468044275E-04  1.760959911664E-23  2.872240648556E-21  9.732778364579E-21 -7.412408961277E-04
  9.118794455535E+02  9.193794455535E+02  2.582352283133E+01 -4.214765660325E-14 -8.024312561441E-02  6.674206776140E+02  1.913801936109E-01  3.754288515986E-01 -5.584225177780E-02  2.167085129486E-04 -2.075434349357E+00  3.538727746680E+00  7.344573166643E-02 -2.290214631752E-02 -5.054358534997E-02 -1.110260257700E-02  3.807928649052E-04  1.710686468363E-06 -2.820774348686E-06 -6.290694801968E-06  1.884911956839E-02 -1.710686353865E-06  7.590734602423E-04  5.519052407952E-21  6.751260531906E-22  8.015557627793E-21 -5.969397595739E-04
  9.268794455535E+02  9.343794455535E+02  2.583745044365E+01 -3.188008566625E-14 -7.875470319168E-02  6.681287647678E+02  1.721189980360E-01  3.769093342550E-01 -4.602143288772E-02  2.123567047444E-04 -2.034519927368E+00  3.542543441304E+00  7.812193986586E-02 -2.496838180052E-02 -5.315355806640E-02 -8.219511130338E-03  1.055536495110E-04  5.015750652745E-06 -1.700827734128E-06 -7.669957964887E-06  1.685877821275E-02 -5.015750866226E-06  1.988309938648E-03 -8.781283653089E-21 -1.615681498627E-21  3.924897526565E-20 -5.321393231766E-04
  9.418794455535E+02  9.493794455535E+02  2.585513328262E+01 -2.305728951229E-14 -7.650477534987E-02  6.690367666846E+02  1.508682839730E-01  3.787658181702E-01 -3.573486885558E-02  1.444724462631E-04 -1.972737001947E+00  3.544408913333E+00  7.979095338268E-02 -2.600629142340E-02 -5.378466195974E-02 -8.910124216671E-03 -1.854900711983E-05 -7.004940331068E-06 -5.304776112105E-07 -4.643521452739E-06  1.505781895062E-02  7.004940228326E-06  4.020628441743E-03  1.048689114785E-21  1.705314793748E-21 -5.739471033415E-21 -4.751960511213E-04
  9.568794455535E+02  9.643794455535E+02  2.586569094966E+01 -2.169091440028E-15 -7.120503470664E-02  6.695824556021E+02  1.230095732003E-01  3.878068914028E-01 -2.596329640019E-02  3.594408575506E-04 -1.828907546101E+00  3.511596115421E+00  7.924553076660E-02 -2.654353218284E-02 -5.270199858287E-02 -6.138925632805E-03 -7.517826267508E-04 -2.903664664067E-06 -1.434635824157E-06 -6.441615322023E-06  1.246104117573E-02  2.903664488747E-06  9.098606567551E-03  2.514096541441E-21 -4.783433363548E-21  1.146851833004E-20 -3.844391010959E-04
  9.718794455535E+02  9.793794455535E+02  2.587849662304E+01  1.195411904592E-14 -5.947301486382E-02  6.702337758443E+02  1.079253648173E-01  4.025170009544E-01 -1.444729897579E-02 -9.944838697179E-05 -1.523651082866E+00  3.830317662926E+00  3.763183106719E-02 -2.705830765431E-03 -3.492600029884E-02 -6.904560494560E-03 -5.368843844339E-03  1.225289297758E-06  3.817636954834E-07 -5.435758878968E-06  1.468573376449E-02 -1.225289123981E-06  1.373661881532E-02  2.715482279379E-21  1.596276207379E-21 -4.973437174020E-21 -4.543264557857E-04
  9.868794455535E+02  9.943794455535E+02  2.589322462915E+01  7.404227983047E-15 -4.545181813252E-02  6.711759873253E+02  4.602181505544E-02  5.472237036853E-01 -4.397598289299E-03  5.212181747105E-04 -1.156855080525E+00  3.519814820413E+00  5.498636041851E-02 -2.063290702984E-02 -3.435345339057E-02 -2.412880516927E-03 -5.110560083484E-04 -5.064680724171E-06  1.595120543332E-06  1.254345633091E-06  7.854912652432E-03  5.064680519225E-06  7.465682828263E-03  2.015813758172E-20 -8.857980907782E-22  2.477539604354E-20  4.815479398051E-05
