                   y                  ym                   U                   V                   W                 U^2                 V^2                 W^2                  UV                  VW                  UW                VISC               SFSxx               SFSyy               SFSzz               SFSxy               SFSyz                dUdX                dVdX                dWdX                dUdY                dVdY                dWdY                dUdZ                dVdZ                dWdZ              SFSxym
 -4.000000000000E+00 -2.000000000000E+00  0.000000000000E+00  0.000000000000E+00  0.000000000000E+00  0.000000000000E+00  0.000000000000E+00  0.000000000000E+00  0.000000000000E+00  0.000000000000E+00  0.000000000000E+00  0.000000000000E+00  0.000000000000E+00  0.000000000000E+00  0.000000000000E+00  0.000000000000E+00  0.000000000000E+00  0.000000000000E+00  0.000000000000E+00  0.000000000000E+00  0.000000000000E+00  0.000000000000E+00  0.000000000000E+00  0.000000000000E+00  0.000000000000E+00  0.000000000000E+00  0.000000000000E+00
  2.220446049250E-16  2.000000000000E+00  1.066972965111E+01  5.990619603389E-15 -9.024406466550E-02  1.183963775865E+02  1.115661332461E-01  1.431429969351E+00 -3.371735270577E-01 -3.837110736496E-03 -9.461791227216E-01  2.073926391554E+00 -6.260497207931E-03  2.637953664380E-02 -2.011903943888E-02 -1.152409658411E+01  8.126761672303E-02 -2.074785211672E-03 -1.992381691310E-04  4.257604220007E-05  4.810965300975E+01  2.074785211878E-03 -3.427677028863E-01 -9.666653251162E-21  1.159647966337E-21  7.966770760662E-21 -4.133063920095E-02
  4.000000000000E+00  6.000000000000E+00  1.338545283702E+01  1.623797624140E-14 -8.122711276021E-02  1.847573028381E+02  4.488018056874E-01  1.542916633492E+00 -7.289053892282E-01 -6.185911867027E-03 -1.055644810829E+00  8.544407837973E+00  6.752047680111E-01 -5.774642737010E-01 -9.774049430322E-02 -3.398268564963E+00 -1.634799415968E-01  4.183946932765E-04 -3.212353273249E-04  2.265645809477E-05  7.049522738288E+00 -4.183946933043E-04  3.353367414476E-02 -1.208774808268E-20 -4.066937896493E-23 -1.409278781865E-21 -2.226087366195E-01
  8.000000000000E+00  1.000000000000E+01  1.419374292605E+01  2.506125211868E-14 -7.355073795091E-02  2.060765282071E+02  5.712025502654E-01  1.455388812485E+00 -6.998808146218E-01 -6.430168250541E-03 -1.007840296792E+00  9.051020195496E+00  3.335274969861E-01 -7.667000727854E-01  4.331725757956E-01 -1.638646945144E+00 -6.303802027118E-02  4.505672893521E-04 -1.915809315524E-04 -8.076128535137E-06  3.141060829705E+00 -4.505672892478E-04  2.881082222706E-02  3.061390746073E-21 -1.575107375822E-21 -2.580411111026E-21 -9.958661815343E-02
  1.200000000000E+01  1.400000000000E+01  1.495625670584E+01  3.298342129658E-14 -6.670955636478E-02  2.282193101568E+02  6.418987998168E-01  1.426357786039E+00 -7.626821058270E-01 -6.775941623583E-03 -9.532478800345E-01  8.931868761171E+00  3.180293172224E-01 -7.070310402939E-01  3.890017230690E-01 -1.575458862336E+00 -6.678576866547E-03  3.504170814494E-04 -1.187931245558E-04 -3.200652167127E-05  2.591592243085E+00 -3.504170813761E-04  2.154877405424E-02  1.221875078062E-21  1.362681772897E-20  1.749476940587E-20 -8.501627888218E-02
  1.600000000000E+01  1.800000000000E+01  1.548978139086E+01  3.983836971790E-14 -6.273996000354E-02  2.442076705265E+02  6.956911426758E-01  1.404661819955E+00 -7.602356837527E-01 -7.059514960524E-03 -9.243517730921E-01  8.427711176016E+00  2.625211576320E-01 -6.367288758502E-01  3.742077182068E-01 -1.116513165726E+00 -7.829746928850E-04  2.027534622113E-04 -8.617341783000E-05 -5.476692473403E-05  1.995873221120E+00 -2.027534620943E-04  1.498649405932E-02 -1.702581708379E-20  6.527651931009E-21 -3.457749423220E-20 -6.436508623228E-02
  2.000000000000E+01  2.200000000000E+01  1.595408080445E+01  4.402766713219E-14 -5.915467334733E-02  2.586874532320E+02  7.394131526235E-01  1.394963925655E+00 -7.777423287803E-01 -7.035315572236E-03 -8.958260543988E-01  8.094137415749E+00  2.349781008792E-01 -5.830124210614E-01  3.480343201784E-01 -9.595143274758E-01 -3.519401258188E-03  8.781013814127E-05 -6.203213995221E-05 -4.173235915821E-05  1.681268129069E+00 -8.781013808346E-05  1.492083949391E-02  3.710675012664E-20  8.886546586601E-21 -1.102873537898E-20 -5.426654964988E-02
  2.400000000000E+01  2.600000000000E+01  1.633022649439E+01  4.359376594880E-14 -5.520348469260E-02  2.707033590798E+02  7.753629246496E-01  1.384680169195E+00 -7.780397917641E-01 -7.166471370264E-03 -8.509529543291E-01  7.734153427947E+00  2.039101012894E-01 -5.345714153772E-01  3.306613140866E-01 -7.773323599698E-01 -4.358228682960E-03  4.626198822898E-05 -4.018729088860E-05 -4.552342016835E-05  1.420665898296E+00 -4.626198831506E-05  1.449640943565E-02  3.685271624818E-20  1.205821294022E-20  1.428830244557E-20 -4.543983571452E-02
  2.800000000000E+01  3.000000000000E+01  1.666443731412E+01  4.569410962888E-14 -5.187252031264E-02  2.816499327978E+02  8.045834193799E-01  1.377905282469E+00 -7.835109891818E-01 -7.267396327524E-03 -8.135507601935E-01  7.447375535060E+00  1.826884124449E-01 -4.952470601056E-01  3.125586476673E-01 -6.811501507940E-01 -4.281888079109E-03  5.325160133287E-05 -2.471704301416E-05  4.190088150896E-06  1.247688051292E+00 -5.325160093651E-05  1.250796215732E-02  3.269369250598E-20 -6.170716277486E-21  1.347387784290E-20 -3.970455256777E-02
  3.200000000000E+01  3.400000000000E+01  1.695419900546E+01  5.169528061553E-14 -4.900554247870E-02  2.913161318084E+02  8.282397013655E-01  1.371564524256E+00 -7.829694667364E-01 -7.358415586166E-03 -7.819396292741E-01  7.181509997135E+00  1.648743890832E-01 -4.623391883391E-01  2.974647992587E-01 -5.896352204017E-01 -4.742670963106E-03  1.288839825996E-04 -1.655833105217E-05  9.639205760064E-07  1.106964686188E+00 -1.288839828096E-04  1.011838305591E-02 -2.672203111969E-20  1.545837900252E-20 -5.261433545817E-20 -3.499443114522E-02
  3.600000000000E+01  3.800000000000E+01  1.721790757928E+01  5.310216719470E-14 -4.685585782523E-02  3.002713578043E+02  8.475034316524E-01  1.365852790172E+00 -7.839879256600E-01 -7.412192701566E-03 -7.590249881342E-01  6.953628637504E+00  1.509541254748E-01 -4.346781133292E-01  2.837239878555E-01 -5.322079878569E-01 -4.242957549795E-03  9.151778114676E-05 -1.058027608229E-05 -3.894903850679E-05  1.002637846917E+00 -9.151778119432E-05  6.530025609240E-03  1.409445914448E-20  2.042171270751E-20  1.113350307994E-20 -3.150617995393E-02
  4.000000000000E+01  4.200000000000E+01  1.745556785605E+01  5.936737748775E-14 -4.579591253004E-02  3.084613969590E+02  8.633572898679E-01  1.358571095571E+00 -7.826504152904E-01 -7.427696041844E-03 -7.529489266150E-01  6.741378868683E+00  1.382022441736E-01 -4.097391253091E-01  2.715368811332E-01 -4.775181788486E-01 -3.053906984394E-03  2.566969851729E-05 -8.976974491166E-06 -1.616534274725E-06  9.145219818320E-01 -2.566969878565E-05  4.738441722081E-03  7.672877810589E-20  1.526959572767E-21 -2.316202597977E-20 -2.856398825072E-02
  4.400000000000E+01  4.600000000000E+01  1.767519960131E+01  7.489043274078E-14 -4.460319078968E-02  3.161409644687E+02  8.762837455030E-01  1.351227474355E+00 -7.816931197520E-01 -7.305072966380E-03 -7.423545957575E-01  6.550635115007E+00  1.273175053018E-01 -3.871444249587E-01  2.598269196572E-01 -4.374937070778E-01 -2.671313823996E-03  1.601932544038E-05 -8.515724013351E-06  2.486648292114E-05  8.444853218516E-01 -1.601932563202E-05  4.999315332486E-03  1.843413389301E-20 -3.694121750348E-21  1.726254023236E-20 -2.621716057581E-02
  4.800000000000E+01  5.000000000000E+01  1.787781560305E+01  9.530662003594E-14 -4.330206641899E-02  3.233135038028E+02  8.866544277776E-01  1.343053006831E+00 -7.797607087518E-01 -7.326793029573E-03 -7.276702955763E-01  6.369648286396E+00  1.176293499999E-01 -3.674602318922E-01  2.498308818935E-01 -4.015324724873E-01 -3.330121519305E-03  1.877444346225E-05 -6.049190136321E-06 -3.236172490892E-05  7.829312285731E-01 -1.877444295995E-05  4.493868622429E-03  5.936116074981E-21 -1.988383170327E-20  1.348387194333E-20 -2.415865211885E-02
  5.200000000000E+01  5.400000000000E+01  1.806678982022E+01  1.202436034495E-13 -4.230600081182E-02  3.300815847325E+02  8.947252184977E-01  1.335309782851E+00 -7.778018371562E-01 -7.363592991563E-03 -7.162189389353E-01  6.212701796471E+00  1.091623004808E-01 -3.497977762953E-01  2.406354758115E-01 -3.713359866180E-01 -2.935526699883E-03  6.760168599314E-05 -7.748221630835E-06 -3.425643033320E-05  7.332200790779E-01 -6.760168676052E-05  3.240582661172E-03  2.955095526902E-20  3.517037112756E-20  2.668052472138E-20 -2.243394574372E-02
  5.600000000000E+01  5.800000000000E+01  1.824445427941E+01  1.493545679204E-13 -4.175687465131E-02  3.365100233899E+02  9.008242668020E-01  1.327092073815E+00 -7.754309361720E-01 -7.350320583881E-03 -7.122508374519E-01  6.060956358182E+00  1.019390950511E-01 -3.337494119860E-01  2.318103169369E-01 -3.469048166319E-01 -1.861794473900E-03  4.242350548062E-05 -1.129075217442E-05 -3.603833701599E-05  6.910793861051E-01 -4.242350448711E-05  1.774413400507E-03  2.969743872139E-20 -3.213662639825E-20  2.534435406768E-20 -2.098183277019E-02
  6.000000000000E+01  6.200000000000E+01  1.841228017531E+01  1.745786681450E-13 -4.156627289725E-02  3.426406439550E+02  9.053530895513E-01  1.318507567863E+00 -7.728962095564E-01 -7.366531635530E-03 -7.153398169563E-01  5.930399586656E+00  9.592769741767E-02 -3.200959175665E-01  2.241682201531E-01 -3.253991439971E-01 -1.526911994737E-03 -1.368655205565E-05 -1.166473214077E-05 -4.674916021562E-05  6.554070541938E-01  1.368655224285E-05  3.072966102514E-04  8.736510497110E-22  1.433214135227E-20 -7.426714541265E-21 -1.974253601057E-02
  6.400000000000E+01  6.600000000000E+01  1.857213596195E+01  2.035728407316E-13 -4.162019039602E-02  3.485305614530E+02  9.085661890499E-01  1.308464742470E+00 -7.701413700698E-01 -7.399528495415E-03 -7.246359313053E-01  5.803464997621E+00  9.019209190449E-02 -3.068637016680E-01  2.166716097651E-01 -3.070189767669E-01 -8.838072870491E-04 -8.081009263826E-06 -8.703979572016E-06 -1.157028839865E-05  6.221382209905E-01  8.081010392770E-06  2.592759748004E-04 -1.022892905391E-20 -1.045491790245E-20 -3.664116257631E-21 -1.862589772752E-02
  6.800000000000E+01  7.000000000000E+01  1.872336665785E+01  2.337533925104E-13 -4.132521533580E-02  3.541511054287E+02  9.105813951413E-01  1.297928895862E+00 -7.673085277106E-01 -7.352124740285E-03 -7.282338905919E-01  5.687667146223E+00  8.561122962781E-02 -2.953999241460E-01  2.097886945190E-01 -2.888538154103E-01 -1.077319203164E-03  2.112052325546E-05 -6.152076679390E-06 -3.037772413009E-06  5.924551593381E-01 -2.112052324737E-05  1.026446572961E-03  2.266430260686E-20  5.078790522190E-21  1.337258030619E-20 -1.759857062155E-02
  7.200000000000E+01  7.400000000000E+01  1.886837661398E+01  2.440285427433E-13 -4.106203169856E-02  3.595851094351E+02  9.115097150241E-01  1.286086592402E+00 -7.643604371008E-01 -7.312113223135E-03 -7.317850454973E-01  5.579120296601E+00  8.118886868576E-02 -2.848111547384E-01  2.036222860518E-01 -2.739618386611E-01 -1.367052618151E-03  3.089831441512E-05 -3.892007819214E-06 -1.415312626564E-05  5.662067098458E-01 -3.089831442132E-05  1.084961791558E-03 -2.764963675102E-20  2.770600105194E-21  7.578847517927E-21 -1.666252553893E-02
  7.600000000000E+01  7.800000000000E+01  1.900650169338E+01  2.458352248621E-13 -4.079575465279E-02  3.648001632139E+02  9.113998617786E-01  1.273488843509E+00 -7.612618169145E-01 -7.295288634320E-03 -7.354335952987E-01  5.480060070689E+00  7.688843423554E-02 -2.755654272601E-01  1.986769930259E-01 -2.591248232343E-01 -1.473803374351E-03  3.978670492718E-05 -2.438734130305E-06 -3.042488102300E-05  5.397557906040E-01 -3.978670531558E-05  1.574599395056E-04 -1.467195537168E-20 -5.879781508804E-21  1.084930230896E-20 -1.577690953416E-02
  8.000000000000E+01  8.200000000000E+01  1.913831160323E+01  2.481018070386E-13 -4.098962492632E-02  3.698138002534E+02  9.106261107952E-01  1.261734052670E+00 -7.582608486282E-01 -7.334244840039E-03 -7.485483926726E-01  5.383600261615E+00  7.309101409504E-02 -2.668190833250E-01  1.937280692281E-01 -2.459288205739E-01 -4.850877776386E-04 -2.319631848884E-05 -5.210607117917E-06 -1.274932802133E-05  5.168223657473E-01  2.319631880708E-05 -9.525832678298E-04 -1.236851467085E-20  1.215541821571E-20 -1.267474331925E-20 -1.498881387045E-02
  8.400000000000E+01  8.600000000000E+01  1.926484270170E+01  2.479314291486E-13 -4.125237285897E-02  3.746578126454E+02  9.095627502843E-01  1.249903406972E+00 -7.549456993718E-01 -7.260115300374E-03 -7.634804938559E-01  5.293953788091E+00  6.990653216345E-02 -2.585714230773E-01  1.886648909129E-01 -2.339477441423E-01 -2.799032132633E-04 -5.111469139611E-05 -7.261753011659E-06 -8.933762370989E-06  4.956148335736E-01  5.111469112524E-05 -1.253474751776E-03 -2.456258815242E-20 -1.146533762225E-20  2.486076623999E-20 -1.426608896131E-02
  8.800000000000E+01  9.000000000000E+01  1.938601539920E+01  2.527852863375E-13 -4.156564681716E-02  3.793259997717E+02  9.082267799593E-01  1.238366279942E+00 -7.517677657194E-01 -7.267370276556E-03 -7.789352017620E-01  5.207468826570E+00  6.610311612134E-02 -2.504174233394E-01  1.843143072186E-01 -2.224108940606E-01 -1.122912105831E-04  1.469521240093E-05 -6.410992780087E-06 -9.411500139057E-06  4.749668039712E-01 -1.469521223537E-05 -2.056701148669E-03 -1.979131476091E-20 -2.228059529360E-20 -4.974805481018E-20 -1.358519249831E-02
  9.200000000000E+01  9.400000000000E+01  1.950232913643E+01  2.613296396411E-13 -4.226448033555E-02  3.838343315234E+02  9.067392211216E-01  1.226760439169E+00 -7.483253529246E-01 -7.282874595598E-03 -8.009633256908E-01  5.122563771000E+00  6.279842405206E-02 -2.424426205299E-01  1.796441964774E-01 -2.121948234493E-01  3.814621575888E-04  4.194151096790E-05 -6.499979862012E-06 -8.928727709958E-06  4.567365232969E-01 -4.194151116706E-05 -2.861401152348E-03  1.379784910800E-20 -1.763765240089E-20 -6.402923774588E-21 -1.296943363045E-02
  9.600000000000E+01  9.800000000000E+01  1.961442572996E+01  2.654276382019E-13 -4.298019783313E-02  3.882048676172E+02  9.051290011664E-01  1.215093647358E+00 -7.449942554469E-01 -7.322091035244E-03 -8.215995603290E-01  5.044588631915E+00  6.019022159792E-02 -2.352043791467E-01  1.750141575515E-01 -2.027830241966E-01  6.921192460064E-04 -2.760563857510E-06 -8.319971522093E-06 -4.641121203688E-06  4.406773966043E-01  2.760564213816E-06 -4.579775969456E-03  1.592157310539E-20 -5.283058009734E-21  1.990854841122E-20 -1.241770767794E-02
  1.000000000000E+02  1.020000000000E+02  1.972275088221E+01  2.714731067259E-13 -4.448608184198E-02  3.924526609038E+02  9.033526057257E-01  1.205495513223E+00 -7.414016019656E-01 -7.336752408034E-03 -8.578650679665E-01  4.970240104184E+00  5.773141783920E-02 -2.288615305578E-01  1.711301127181E-01 -1.943675330935E-01  1.702429487734E-03 -1.131883226495E-05 -1.263276306741E-05 -3.009941063600E-06  4.256694161177E-01  1.131883205968E-05 -8.121050819619E-03  7.428909856810E-21 -1.440162480986E-20 -1.116416124897E-21 -1.189752065333E-02
  1.040000000000E+02  1.060000000000E+02  1.982726162638E+01  2.786629934327E-13 -4.699310695647E-02  3.965730000594E+02  9.015140914510E-01  1.197793278085E+00 -7.379869620596E-01 -7.398176205221E-03 -9.142478635045E-01  4.902154071741E+00  5.579715675127E-02 -2.230196969043E-01  1.672225401517E-01 -1.867141428740E-01  2.263485600962E-03 -4.340339814944E-06 -1.602253145317E-05 -9.275764355725E-06  4.110708698972E-01  4.340340306771E-06 -1.036106312956E-02  3.689633080871E-20 -3.443623263989E-21 -4.808653351488E-20 -1.140805255555E-02
  1.080000000000E+02  1.100000000000E+02  1.992815563918E+01  2.800803110848E-13 -4.967886815908E-02  4.005721706975E+02  8.997531008758E-01  1.190519296291E+00 -7.343744376805E-01 -7.348440955671E-03 -9.755432931344E-01  4.832294704658E+00  5.326281535827E-02 -2.169182950861E-01  1.636554797292E-01 -1.786830922820E-01  2.291493212725E-03 -4.218013500312E-07 -1.398709882357E-05 -6.210518296087E-06  3.982630873823E-01  4.218013265692E-07 -9.308705931998E-03 -2.833651047717E-20  1.067918096286E-20  8.247532401118E-21 -1.095571084136E-02
  1.120000000000E+02  1.140000000000E+02  2.002636312231E+01  2.805816233289E-13 -5.168933953653E-02  4.044853492260E+02  8.980475068541E-01  1.182959306568E+00 -7.308263123886E-01 -7.345371257833E-03 -1.022660389194E+00  4.764994529920E+00  5.137612043221E-02 -2.114679513724E-01  1.600918309407E-01 -1.718130807904E-01  1.838432949723E-03  1.220790956684E-05 -1.112126386577E-05 -2.712172771539E-06  3.859825482410E-01 -1.220790917780E-05 -8.512232789202E-03  2.651297092301E-20 -1.480614394223E-20 -1.090325093726E-20 -1.054073304886E-02
  1.160000000000E+02  1.180000000000E+02  2.012125194090E+01  2.781828881832E-13 -5.397112402215E-02  4.082823391827E+02  8.962787716993E-01  1.176486663316E+00 -7.271755386287E-01 -7.299997312320E-03 -1.074656239913E+00  4.700874297837E+00  4.954071274210E-02 -2.061849877954E-01  1.566442750535E-01 -1.651347254850E-01  2.156839519221E-03 -4.792546319750E-06 -1.271264739777E-05  1.132014610320E-06  3.738220272061E-01  4.792546081964E-06 -9.792045409748E-03  2.536081193419E-20 -2.205561231972E-20 -1.022360409006E-20 -1.013260233210E-02
  1.200000000000E+02  1.220000000000E+02  2.021326802962E+01  2.694400449282E-13 -5.661836866709E-02  4.119819157440E+02  8.944653760494E-01  1.170567086775E+00 -7.235821638308E-01 -7.288350099330E-03 -1.134315102329E+00  4.643065949864E+00  4.767196589189E-02 -2.012066777086E-01  1.535347118180E-01 -1.591608377360E-01  2.314551845276E-03 -2.037746105763E-05 -1.456129693965E-05  2.816123117020E-06  3.627473621211E-01  2.037746126567E-05 -1.015299552712E-02 -2.135777957519E-20  2.008477486274E-20 -3.153197928896E-20 -9.753248339193E-03
  1.240000000000E+02  1.260000000000E+02  2.030255033905E+01  2.630604200906E-13 -5.903689954069E-02  4.155870747272E+02  8.926377367742E-01  1.165530587825E+00 -7.198367854388E-01 -7.253434969936E-03 -1.190010412441E+00  4.583471367714E+00  4.542315545749E-02 -1.961144975641E-01  1.506913421089E-01 -1.532746195274E-01  2.117859283387E-03 -3.686266014351E-06 -1.457268287205E-05  2.500094098264E-05  3.526067683056E-01  3.686265651174E-06 -9.609318790131E-03 -2.905011008670E-20  1.690817796848E-20 -7.605528929398E-21 -9.423981813811E-03
  1.280000000000E+02  1.300000000000E+02  2.038957506733E+01  2.515676214796E-13 -6.137973699829E-02  4.191159928248E+02  8.905924515843E-01  1.160661432559E+00 -7.161095396205E-01 -7.296141102419E-03 -1.244931082719E+00  4.528404721609E+00  4.362478439869E-02 -1.916507102749E-01  1.480259258766E-01 -1.481532168143E-01  2.038804517174E-03  3.160130796491E-06 -1.511654411852E-05  2.863114035769E-05  3.427663303124E-01 -3.160130377815E-06 -9.910122968003E-03  1.470364094568E-21 -1.714891122876E-20  2.217348194262E-21 -9.103636141000E-03
  1.320000000000E+02  1.340000000000E+02  2.047394180139E+01  2.323158222508E-13 -6.400058944091E-02  4.225506641339E+02  8.882537522652E-01  1.155906183076E+00 -7.124927886742E-01 -7.296658635336E-03 -1.304923454936E+00  4.478108928646E+00  4.256907723225E-02 -1.879742339097E-01  1.454051566788E-01 -1.432231626642E-01  2.338245664777E-03 -1.498061751867E-05 -1.557061207758E-05  9.988325283895E-08  3.348526348162E-01  1.498061696956E-05 -1.065490317976E-02  2.173519578677E-20  4.927980175743E-22 -1.583139205933E-20 -8.833420742232E-03
  1.360000000000E+02  1.380000000000E+02  2.055698002924E+01  2.176215232325E-13 -6.673836643921E-02  4.259463060727E+02  8.859572195134E-01  1.151729470584E+00 -7.087294723418E-01 -7.262688436034E-03 -1.366744935819E+00  4.426645536619E+00  4.093537296032E-02 -1.838741838306E-01  1.429388108700E-01 -1.394837437209E-01  2.862496078329E-03  7.363024522454E-06 -1.508104512044E-05 -7.564106266423E-06  3.278605586654E-01 -7.363024105339E-06 -1.114365017191E-02 -1.312464554804E-21 -2.903868519390E-20  1.266865569139E-20 -8.578947026144E-03
  1.400000000000E+02  1.420000000000E+02  2.063783252807E+01  2.000763027477E-13 -6.957340392909E-02  4.292659549599E+02  8.837840281057E-01  1.147580426545E+00 -7.050405445391E-01 -7.282643657615E-03 -1.430522552038E+00  4.380815072362E+00  3.944340804124E-02 -1.803299817583E-01  1.408865737184E-01 -1.351584499464E-01  3.030571515777E-03  1.040243086895E-05 -1.425430651184E-05  5.912283376329E-06  3.194810147167E-01 -1.040243149187E-05 -1.213861933108E-02 -4.968937563011E-20  6.157882095123E-21  1.439404654002E-20 -8.312442705628E-03
  1.440000000000E+02  1.460000000000E+02  2.071668119938E+01  1.856198794207E-13 -7.279018496911E-02  4.325164016604E+02  8.816335533193E-01  1.143359406714E+00 -7.012409603484E-01 -7.230251046065E-03 -1.503058963576E+00  4.336910328839E+00  3.817569493126E-02 -1.770468069858E-01  1.388711120539E-01 -1.309451256305E-01  3.318745786962E-03  8.735835602679E-06 -1.308217113127E-05  1.726945594533E-05  3.102018041744E-01 -8.735835563834E-06 -1.338895511632E-02 -1.278311802997E-20  9.415514984915E-22  1.032620762082E-20 -8.046651615479E-03
  1.480000000000E+02  1.500000000000E+02  2.079293615656E+01  1.856450699185E-13 -7.623486564851E-02  4.356696768102E+02  8.795145484801E-01  1.138994433668E+00 -6.975895960997E-01 -7.215466677311E-03 -1.580076668654E+00  4.295235358231E+00  3.719686776810E-02 -1.738073871315E-01  1.366105193631E-01 -1.266463767099E-01  3.565008854958E-03  1.472189456412E-05 -1.243008536991E-05  1.374356847609E-05  3.023949183970E-01 -1.472189481163E-05 -1.464722408051E-02 -1.468542966788E-20 -8.120985127041E-21 -5.704859511522E-21 -7.820966696851E-03
  1.520000000000E+02  1.540000000000E+02  2.086789165680E+01  1.818865498030E-13 -8.008933204677E-02  4.387786595553E+02  8.775301316893E-01  1.133409316506E+00 -6.938356446060E-01 -7.130889562187E-03 -1.665870199227E+00  4.251946842284E+00  3.616892611349E-02 -1.704433146984E-01  1.342743885831E-01 -1.234746911102E-01  3.887199859761E-03 -1.335367626585E-05 -1.209394095176E-05  3.980576929267E-06  2.959391996088E-01  1.335367616532E-05 -1.539216009207E-02 -3.023403011231E-20  2.153192961008E-20 -1.103075785378E-20 -7.596562056755E-03
  1.560000000000E+02  1.580000000000E+02  2.094088046076E+01  1.751611448479E-13 -8.394555667155E-02  4.418150014206E+02  8.757275800323E-01  1.127248412019E+00 -6.901981637607E-01 -7.076271846334E-03 -1.752187679407E+00  4.207388005212E+00  3.558652392541E-02 -1.672624951792E-01  1.316759712530E-01 -1.197769780299E-01  4.091781718628E-03 -2.090295918983E-06 -1.070099160010E-05  9.603977818634E-06  2.889962051508E-01  2.090295680579E-06 -1.497278977042E-02 -1.240771793800E-20 -3.500794194075E-22 -3.277731578077E-21 -7.377965487908E-03
  1.600000000000E+02  1.620000000000E+02  2.101235985340E+01  1.800046720476E-13 -8.757866221512E-02  4.447993586697E+02  8.740370141664E-01  1.121065148804E+00 -6.864452187160E-01 -7.002386954244E-03 -1.834172167963E+00  4.163447419134E+00  3.451619225326E-02 -1.640399183101E-01  1.295237260540E-01 -1.163654421512E-01  4.277526813360E-03  2.146219129821E-05 -8.492100618012E-06  8.885429575724E-06  2.815331169997E-01 -2.146219122300E-05 -1.471291090564E-02 -4.862514638940E-20  4.254224385891E-20 -1.651980617484E-20 -7.165360904836E-03
  1.640000000000E+02  1.660000000000E+02  2.108169155743E+01  1.826827369933E-13 -9.129093585396E-02  4.477047524770E+02  8.723800933949E-01  1.114593549841E+00 -6.828912138059E-01 -6.941679207154E-03 -1.918291174291E+00  4.119869171825E+00  3.334237343589E-02 -1.609890261126E-01  1.276466526761E-01 -1.125224103342E-01  4.194431385520E-03  7.920311005004E-06 -7.603548872220E-06  6.782740793875E-06  2.730239130334E-01 -7.920311117887E-06 -1.541306032316E-02  1.034654752677E-20 -4.774054592243E-21  1.589266867462E-20 -6.924521981261E-03
  1.680000000000E+02  1.700000000000E+02  2.114896201125E+01  1.790768181890E-13 -9.529349480252E-02  4.505331904794E+02  8.705796004950E-01  1.108108858084E+00 -6.791523754985E-01 -6.909774700861E-03 -2.009359248222E+00  4.080925850751E+00  3.231247484052E-02 -1.580674757459E-01  1.257550009056E-01 -1.089574248859E-01  4.398361192449E-03 -7.250760947866E-06 -9.408770764641E-06  1.214865414836E-05  2.668667528474E-01  7.250760921672E-06 -1.563147779406E-02  5.485225681745E-21  9.056241323024E-21 -7.955841986685E-21 -6.722159332566E-03
  1.720000000000E+02  1.740000000000E+02  2.121513070368E+01  1.827247248185E-13 -9.910462755947E-02  4.533237496728E+02  8.685543902125E-01  1.102541815436E+00 -6.755207979504E-01 -6.789398340328E-03 -2.097393261712E+00  4.046764217738E+00  3.146233156710E-02 -1.555652120604E-01  1.241028804917E-01 -1.063374419710E-01  4.013484371239E-03 -7.572051449717E-06 -1.056556804918E-05  1.103006614551E-05  2.624565171023E-01  7.572051263855E-06 -1.497148502567E-02 -1.828723074835E-20 -7.615318810374E-21 -2.133214009294E-20 -6.561037589927E-03
  1.760000000000E+02  1.780000000000E+02  2.128014399595E+01  1.828629799666E-13 -1.027697602783E-01  4.560734350291E+02  8.664635904048E-01  1.096815518286E+00 -6.717735305227E-01 -6.756873200832E-03 -2.183049314950E+00  4.009466295564E+00  3.053864124467E-02 -1.529184557027E-01  1.223798144579E-01 -1.036392066378E-01  3.905255626480E-03  8.337950649667E-06 -8.791212450048E-06  1.767280770358E-05  2.568933033261E-01 -8.337950687848E-06 -1.365378870551E-02 -2.257121058151E-20 -2.183912079886E-20 -2.503524746899E-20 -6.402665787519E-03
  1.800000000000E+02  1.820000000000E+02  2.134360795027E+01  1.760333742199E-13 -1.059314785256E-01  4.587668453246E+02  8.644448330981E-01  1.090942853569E+00 -6.681543429188E-01 -6.633392383700E-03 -2.257249717976E+00  3.976018813212E+00  2.979948611060E-02 -1.504352012119E-01  1.206357151021E-01 -1.011174085612E-01  3.377263050821E-03 -5.651516488075E-06 -7.446883386309E-06  1.669531897918E-05  2.507073250408E-01  5.651516282697E-06 -1.186790652851E-02 -3.271581467398E-20  1.660249517419E-20 -2.235310806053E-20 -6.224912692942E-03
  1.840000000000E+02  1.860000000000E+02  2.140557377112E+01  1.765385910374E-13 -1.086888629401E-01  4.614039669915E+02  8.623387868909E-01  1.084764111308E+00 -6.643760882499E-01 -6.645640494681E-03 -2.323397926593E+00  3.939127197374E+00  2.882143697593E-02 -1.476266704679E-01  1.188052334916E-01 -9.817794793601E-02  2.855037168033E-03 -1.151870582419E-05 -8.756945152640E-06  1.299634225566E-05  2.462775129948E-01  1.151870572705E-05 -1.124608557755E-02 -3.442333672470E-20 -6.186091037509E-21 -1.325631586690E-20 -6.060258255863E-03
  1.880000000000E+02  1.900000000000E+02  2.146673111664E+01  1.779591578266E-13 -1.115267176386E-01  4.640155575308E+02  8.598932330468E-01  1.078631558416E+00 -6.608433873622E-01 -6.568826669226E-03 -2.391002863033E+00  3.904168509902E+00  2.841316239648E-02 -1.451657469623E-01  1.167525845688E-01 -9.592508739298E-02  2.966445849783E-03 -4.492107880294E-06 -9.442147530371E-06  5.977774753643E-06  2.419690775276E-01  4.492107647620E-06 -1.090894695142E-02 -2.699831062047E-20 -2.335990806696E-20  1.589368618100E-23 -5.920727550303E-03
  1.920000000000E+02  1.940000000000E+02  2.152646104200E+01  1.720754771312E-13 -1.141460003265E-01  4.665728837520E+02  8.571642661987E-01  1.071484240655E+00 -6.569497320783E-01 -6.527853813554E-03 -2.454066423817E+00  3.866149405337E+00  2.782934759589E-02 -1.424950392839E-01  1.146656916886E-01 -9.350037445328E-02  2.690582684278E-03  1.681461516000E-05 -6.868713180550E-06  5.532717453873E-07  2.350139190911E-01 -1.681461503328E-05 -1.016049790817E-02 -5.650612673525E-20  7.838957988467E-21  4.532167845864E-21 -5.740475482544E-03
  1.960000000000E+02  1.980000000000E+02  2.158427215291E+01  1.699930300691E-13 -1.166080768553E-01  4.690570593379E+02  8.543587167606E-01  1.065040359647E+00 -6.536000547718E-01 -6.461584064567E-03 -2.513193244860E+00  3.829153226809E+00  2.727331165070E-02 -1.400337723328E-01  1.127604606820E-01 -9.016240797745E-02  2.031537367567E-03  1.927090807882E-05 -6.003349748406E-06  1.174517834295E-05  2.305050547751E-01 -1.927090817520E-05 -9.850956781479E-03  3.362705156971E-20  3.253668501820E-21 -1.870923630434E-20 -5.563499674640E-03
  2.000000000000E+02  2.020600000000E+02  2.164184860775E+01  1.697831343110E-13 -1.190206826877E-01  4.715367888501E+02  8.511061400455E-01  1.058411332444E+00 -6.495934781906E-01 -6.453704230595E-03 -2.571374055483E+00  3.795018631580E+00  2.578827125512E-02 -1.354967471033E-01  1.097084758473E-01 -8.799850237301E-02  2.504302239073E-03  1.873075223886E-05 -1.062477864563E-05  2.041483884099E-05  2.249546794395E-01 -1.873075194788E-05 -9.820965439108E-03  1.887201646017E-20 -5.823824288236E-21 -1.192104238561E-20 -5.452476073578E-03
  2.041200000000E+02  2.062418000000E+02  2.170014922083E+01  1.593388765838E-13 -1.216261458247E-01  4.740567512005E+02  8.476093851240E-01  1.052167104659E+00 -6.459573090065E-01 -6.389432934313E-03 -2.633531773473E+00  3.767870749046E+00  2.412707233335E-02 -1.309733829227E-01  1.068463105868E-01 -8.645282680410E-02  2.470793553438E-03 -1.448268620850E-05 -1.626773939389E-05  4.020638739348E-06  2.203730119777E-01  1.448268551493E-05 -1.009795129566E-02  3.291578976124E-20 -1.248537425910E-20  3.202037888562E-20 -5.341040428560E-03
  2.083636000000E+02  2.105490540000E+02  2.175863126105E+01  1.419591625964E-13 -1.244026387230E-01  4.765881658402E+02  8.438788305155E-01  1.045158675897E+00 -6.418505463017E-01 -6.405920789359E-03 -2.699817301552E+00  3.738711511655E+00  2.226949964411E-02 -1.261403098614E-01  1.038708102178E-01 -8.453915625621E-02  2.432501380733E-03 -2.250427672301E-05 -1.669840380533E-05 -7.555766605041E-06  2.154256055036E-01  2.250427745362E-05 -1.153642934910E-02 -8.807940241214E-21 -1.409830108843E-21  1.762808323664E-20 -5.231859253786E-03
  2.127345080000E+02  2.149855256200E+02  2.181778009616E+01  1.228159391316E-13 -1.279712665767E-01  4.791561419160E+02  8.399566313410E-01  1.038241364635E+00 -6.379093704190E-01 -6.428167165163E-03 -2.783435912574E+00  3.709359520653E+00  2.030239165877E-02 -1.211198405890E-01  1.008174489308E-01 -8.302971787910E-02  3.247888016669E-03  1.612902142580E-05 -1.337393592616E-05 -4.072869183951E-07  2.099416965762E-01 -1.612902233220E-05 -1.352641521346E-02  4.015702447902E-20 -1.406142706735E-20 -5.669750587202E-21 -5.139977755967E-03
  2.172365432400E+02  2.195550913886E+02  2.187685031502E+01  1.120903873192E-13 -1.320123150440E-01  4.817267789053E+02  8.357909621979E-01  1.031809290907E+00 -6.336277531003E-01 -6.457310202918E-03 -2.877973641023E+00  3.678669455392E+00  1.832605399662E-02 -1.159972390170E-01  9.767118502082E-02 -8.128324341282E-02  3.697282159230E-03  1.162068972198E-05 -1.244439169714E-05 -3.747567939475E-06  2.035331013700E-01 -1.162068956640E-05 -1.526851294301E-02 -3.122706160310E-20 -3.910485079643E-21 -3.772532999479E-21 -5.021523780154E-03
  2.218736395372E+02  2.242617441303E+02  2.193581568102E+01  1.064924867039E-13 -1.368086213676E-01  4.842980282991E+02  8.314149311173E-01  1.025316391410E+00 -6.295304158648E-01 -6.511746757993E-03 -2.990780957000E+00  3.648800575345E+00  1.683800516906E-02 -1.108785714420E-01  9.404056627379E-02 -7.931955086112E-02  4.414667256223E-03 -2.473963470757E-07 -1.426198143399E-05 -1.159876215244E-05  1.983254855606E-01  2.473960402004E-07 -1.708401353100E-02  2.254267345002E-20  1.602371329061E-20  3.082029410122E-20 -4.914014547777E-03
  2.266498487233E+02  2.291095964542E+02  2.199525214921E+01  9.509844532222E-14 -1.422367891981E-01  4.868959771961E+02  8.268505505019E-01  1.018101668184E+00 -6.250620708627E-01 -6.567691512302E-03 -3.117934849250E+00  3.617170990494E+00  1.513895832164E-02 -1.056550899192E-01  9.051613159701E-02 -7.786610849537E-02  5.005273576227E-03 -4.841485137287E-06 -1.606605669661E-05 -8.628479266666E-06  1.925414374653E-01  4.841485280166E-06 -1.770794243523E-02 -1.438457140622E-20  6.654460798591E-21  2.244540107102E-20 -4.799320329862E-03
  2.315693441850E+02  2.341028843478E+02  2.205422310411E+01  8.356967375056E-14 -1.477143128565E-01  4.894762794537E+02  8.220382680652E-01  1.010371004238E+00 -6.206616931535E-01 -6.596913522999E-03 -3.246237788244E+00  3.587972820553E+00  1.328599169077E-02 -1.004328107225E-01  8.714681903253E-02 -7.580543154182E-02  5.234414557832E-03 -6.112628419125E-06 -1.747156918389E-05 -2.128587869067E-06  1.863739254033E-01  6.112628229897E-06 -1.699044860473E-02  2.603924426943E-20  1.037335116037E-20 -4.244475517722E-21 -4.680352828553E-03
  2.366364245106E+02  2.392459708782E+02  2.211329575207E+01  7.691623958121E-14 -1.529701331875E-01  4.920683409895E+02  8.168287401696E-01  1.002741946486E+00 -6.159406289658E-01 -6.644131539497E-03 -3.369136817524E+00  3.559868191935E+00  1.125834105785E-02 -9.508032493764E-02  8.382198387915E-02 -7.392407542071E-02  5.248161838839E-03  2.413349875013E-07 -1.826435848584E-05 -8.515572221856E-06  1.802849779201E-01 -2.413351772527E-07 -1.577978867507E-02  2.260572950480E-20 -6.322960949493E-21 -2.496999893607E-21 -4.557895375519E-03
  2.418555172459E+02  2.445433500046E+02  2.217181886890E+01  7.611329159533E-14 -1.580042669719E-01  4.946451168605E+02  8.111081018752E-01  9.948821609885E-01 -6.112893057638E-01 -6.671386737794E-03 -3.487319368976E+00  3.533979661269E+00  9.116063454668E-03 -8.992039641770E-02  8.080433296285E-02 -7.190949927592E-02  4.981175403901E-03  5.082073205715E-06 -1.767136385723E-05 -8.967701447896E-06  1.761831874582E-01 -5.082073293181E-06 -1.533187377191E-02 -2.425877851816E-20 -1.045895316714E-21  5.885436303388E-22 -4.451270607471E-03
  2.472311827633E+02  2.499996505047E+02  2.223169933354E+01  7.617671886802E-14 -1.632965157188E-01  4.972879064263E+02  8.050150774955E-01  9.873870763760E-01 -6.063529955687E-01 -6.758396615853E-03 -3.612070840278E+00  3.508001948183E+00  7.245312421952E-03 -8.449809601595E-02  7.725278359461E-02 -7.081212080163E-02  5.138368427198E-03  4.328581714782E-06 -1.727135558631E-05 -2.147186059912E-06  1.732159974791E-01 -4.328581609683E-06 -1.456470977409E-02  6.862222329515E-20 -1.137531853958E-20 -7.970259454344E-21 -4.382540814733E-03
  2.527681182462E+02  2.556196400198E+02  2.229171920918E+01  7.124964622925E-14 -1.680720180117E-01  4.999434123000E+02  7.988025179496E-01  9.794749572193E-01 -6.013500012201E-01 -6.843544263397E-03 -3.727270930659E+00  3.483148360890E+00  5.465685948679E-03 -7.899271689928E-02  7.352703095064E-02 -6.949555743989E-02  5.096289458707E-03 -1.062378456749E-06 -1.845021801653E-05 -1.713192450413E-06  1.680144450004E-01  1.062378304478E-06 -1.422238318573E-02  2.859387234182E-21 -7.486195305683E-21  9.390594217441E-21 -4.294554721878E-03
  2.584711617935E+02  2.614082292204E+02  2.235143654782E+01  6.294025485983E-14 -1.734352999142E-01  5.025933131437E+02  7.926279818078E-01  9.734458986994E-01 -5.962051137769E-01 -6.932417161342E-03 -3.858194317154E+00  3.462524852752E+00  3.547179162765E-03 -7.353072055068E-02  6.998354138908E-02 -6.795532868196E-02  5.266715783047E-03  7.979473953277E-06 -1.860904461110E-05 -1.050670333386E-06  1.636203915310E-01 -7.979473928343E-06 -1.452507852331E-02  2.980376071938E-20  1.828763937420E-20 -4.600385886409E-21 -4.207405912593E-03
  2.643452966473E+02  2.673704760971E+02  2.241182563127E+01  5.703123968452E-14 -1.787535606461E-01  5.052796148105E+02  7.864165004228E-01  9.683602577078E-01 -5.909039937495E-01 -7.001409506617E-03 -3.987429655488E+00  3.439906414259E+00  1.434778377945E-03 -6.809256493285E-02  6.665778655431E-02 -6.651684754728E-02  5.029317669659E-03  1.289504022463E-05 -1.739878860510E-05  5.525834352153E-06  1.588557393712E-01 -1.289504033071E-05 -1.432938601575E-02 -4.336664106714E-20  6.463766588902E-21  1.315253889400E-21 -4.110894532988E-03
  2.703956555468E+02  2.735115903800E+02  2.247159077806E+01  5.898826913042E-14 -1.842381207874E-01  5.079445730071E+02  7.799396692561E-01  9.622349971680E-01 -5.854192773838E-01 -7.019693178542E-03 -4.120567540696E+00  3.417072958649E+00 -7.303687836377E-04 -6.222109383945E-02  6.295146262313E-02 -6.490693744112E-02  4.925100149678E-03  5.702584801648E-06 -1.713481002679E-05  2.575179301644E-06  1.537466098663E-01 -5.702584614757E-06 -1.405652344600E-02  3.161352207072E-20 -6.645009367183E-21  3.268581205616E-20 -4.013424880068E-03
  2.766275252132E+02  2.798369380914E+02  2.253159760260E+01  6.525345888631E-14 -1.896627533241E-01  5.106313194881E+02  7.727835748351E-01  9.562543508011E-01 -5.797451704496E-01 -7.156821589363E-03 -4.253526394264E+00  3.399188896700E+00 -2.436969190521E-03 -5.716775890615E-02  5.960472809691E-02 -6.341461653826E-02  4.689390363380E-03  5.541704435845E-06 -1.685530487669E-05 -2.730012484028E-06  1.482861974790E-01 -5.541704361023E-06 -1.349440109293E-02 -1.522714295011E-20 -9.909600914136E-21 -1.094911580194E-20 -3.891956588021E-03
  2.830463509696E+02  2.863520462341E+02  2.259054349060E+01  6.645733500547E-14 -1.950625118477E-01  5.132754936398E+02  7.650198658233E-01  9.514603613693E-01 -5.738407182625E-01 -7.163569695893E-03 -4.386869787116E+00  3.381746356528E+00 -4.245118932306E-03 -5.188885721053E-02  5.613397614251E-02 -6.114769532802E-02  4.530378978911E-03  5.205709519614E-06 -1.458628697954E-05  3.209105460726E-07  1.416536765585E-01 -5.205709504465E-06 -1.143367964961E-02  9.480105996082E-22  9.355029046716E-21  3.042773866325E-20 -3.761640171615E-03
  2.896577414987E+02  2.930626076211E+02  2.264865407131E+01  6.255653518343E-14 -1.991205220695E-01  5.158879331470E+02  7.570580899855E-01  9.467322242390E-01 -5.679013090575E-01 -7.249850071661E-03 -4.489590914393E+00  3.368046290515E+00 -5.720822221986E-03 -4.682076092067E-02  5.254158314395E-02 -5.956375529546E-02  3.854778787004E-03  1.201942319835E-06 -1.107612375055E-05  7.678927495761E-06  1.384048227588E-01 -1.201942386518E-06 -7.832559302986E-03  3.469029697310E-20 -6.970536063273E-21  9.798874023326E-21 -3.710510268161E-03
  2.964674737436E+02  2.999744858498E+02  2.270835437191E+01  5.862143293937E-14 -2.017451892546E-01  5.185779919479E+02  7.492188161034E-01  9.397867800191E-01 -5.615986544469E-01 -7.301792461415E-03 -4.557751479508E+00  3.352296917795E+00 -7.300116565521E-03 -4.166510493142E-02  4.896522149699E-02 -5.905786726953E-02  2.894589254377E-03 -5.255589150442E-06 -8.746224152052E-06  6.135447651576E-06  1.356613498629E-01  5.255589206701E-06 -4.993129547767E-03 -5.117748871900E-20  1.329980372215E-20  2.097991091447E-20 -3.653080534396E-03
  3.034814979559E+02  3.070937204253E+02  2.276755808846E+01  5.667814019043E-14 -2.035302166710E-01  5.212508650867E+02  7.415993665012E-01  9.306021433746E-01 -5.552904389623E-01 -7.453961692129E-03 -4.607506369928E+00  3.339823892581E+00 -8.830626172579E-03 -3.633681036215E-02  4.516743653584E-02 -5.792117638098E-02  2.295591305665E-03 -6.081930953048E-06 -7.425784439578E-06  5.710373966877E-06  1.327928434556E-01  6.081930899636E-06 -3.389404138555E-03 -3.298472684825E-20 -6.403672272696E-21  4.532330526546E-21 -3.612566373729E-03
  3.107059428946E+02  3.144265320380E+02  2.282824232398E+01  5.490812203061E-14 -2.048371967474E-01  5.239951974550E+02  7.339251261661E-01  9.209503736520E-01 -5.485193469556E-01 -7.463618300102E-03 -4.647503565220E+00  3.332369643423E+00 -1.020127254668E-02 -3.112554383234E-02  4.132681637920E-02 -5.756265749595E-02  1.841336326116E-03  9.218475809875E-07 -6.262779250194E-06  8.019516918173E-06  1.291017435369E-01 -9.218474853805E-07 -1.026394907089E-03  4.313157025712E-21 -7.481184209298E-21  1.084099016055E-20 -3.542052013133E-03
  3.181471211814E+02  3.219793279992E+02  2.288762911844E+01  5.580938720421E-14 -2.045024699542E-01  5.266855697092E+02  7.261271935811E-01  9.109208803744E-01 -5.418502675532E-01 -7.599480750083E-03 -4.649704209710E+00  3.328742678698E+00 -1.134907996520E-02 -2.635556955183E-02  3.770464951763E-02 -5.579489961788E-02  9.648622340271E-04  6.920308603333E-07 -5.509536120543E-06  5.173698315247E-06  1.235267952947E-01 -6.920307497144E-07  1.669099193671E-03 -3.252456363927E-20  7.998930690035E-21 -7.897340725109E-21 -3.442814713963E-03
  3.258115348169E+02  3.297587078391E+02  2.294656960627E+01  6.129041487298E-14 -2.032393685489E-01  5.293627891816E+02  7.182807817286E-01  8.995625814355E-01 -5.347605446448E-01 -7.607294993859E-03 -4.630178646511E+00  3.331318849841E+00 -1.234982465001E-02 -2.159839498895E-02  3.394821963939E-02 -5.449642804440E-02  4.498843483862E-04 -5.830094639732E-07 -4.336609190056E-06  4.554306085483E-06  1.197896957454E-01  5.830093619047E-07  4.150409010424E-03  2.323151093365E-20 -8.668356951415E-21  6.865643980941E-21 -3.376591544786E-03
  3.337058808614E+02  3.377714690743E+02  2.300581008201E+01  6.718059210783E-14 -2.003968905069E-01  5.320554391731E+02  7.102681840273E-01  8.873646838678E-01 -5.275443678726E-01 -7.749050915910E-03 -4.574120930906E+00  3.335487757252E+00 -1.344890633081E-02 -1.674323368722E-02  3.019214001830E-02 -5.371461016593E-02 -3.432966458479E-04  1.254499458205E-06 -1.411033361121E-06  2.950864961546E-06  1.170838135590E-01 -1.254499409669E-06  7.961999672527E-03 -1.601891410272E-20 -1.176998292876E-20  1.455188557364E-20 -3.339075672095E-03
  3.418370572872E+02  3.460246131465E+02  2.306555683853E+01  6.963909194672E-14 -1.951608938128E-01  5.347735681337E+02  7.020180672115E-01  8.748364327443E-01 -5.197532266065E-01 -7.636925593583E-03 -4.467007067050E+00  3.340034127783E+00 -1.469221601337E-02 -1.227471475895E-02  2.696693077164E-02 -5.298890049920E-02 -2.195411873240E-03 -4.870025332070E-06  1.487582707912E-06 -1.178674629546E-06  1.142257444890E-01  4.870025333711E-06  9.675975339815E-03 -5.121467313185E-20  5.649218494697E-21 -2.905855909456E-21 -3.292290017095E-03
  3.502121690058E+02  3.545253515409E+02  2.312539250314E+01  6.916651163850E-14 -1.903053227697E-01  5.375007474169E+02  6.932957215462E-01  8.636100894056E-01 -5.119802160084E-01 -7.800816916885E-03 -4.369231751089E+00  3.348433264121E+00 -1.535024409744E-02 -8.541802429407E-03  2.389204652663E-02 -5.243329900813E-02 -2.013278441376E-03 -5.992595601650E-06  4.318538712280E-06 -5.333610728691E-06  1.105435889718E-01  5.992595620103E-06  9.248897825776E-03 -9.393772235766E-21  1.451739677447E-21  8.648069803984E-21 -3.250390525042E-03
  3.588385340760E+02  3.632811120872E+02  2.318478781495E+01  6.719472779119E-14 -1.852089780903E-01  5.402051773195E+02  6.841545015632E-01  8.532795893216E-01 -5.035845342661E-01 -7.611690190152E-03 -4.268798207368E+00  3.356082377493E+00 -1.619547611575E-02 -4.238837119774E-03  2.043431323545E-02 -5.146290106296E-02 -2.047034507087E-03  1.498689981408E-06  7.741053361519E-06 -3.269561568226E-06  1.045480112865E-01 -1.498689970303E-06  9.379887629052E-03  1.568102257839E-20 -2.010888462541E-21 -2.229304349103E-21 -3.166106423452E-03
  3.677236900983E+02  3.722995454498E+02  2.324156980871E+01  6.404323252274E-14 -1.798667194936E-01  5.427926894617E+02  6.749012166455E-01  8.429038331223E-01 -4.948994096757E-01 -7.736140216616E-03 -4.157828718797E+00  3.368380855735E+00 -1.686976292802E-02 -1.419256535436E-04  1.701168858182E-02 -4.970712879779E-02 -2.107960554640E-03 -7.345420581621E-08  9.882841737011E-06  2.057711557417E-07  9.863780871863E-02  7.345415815734E-08  9.178361997212E-03 -2.986290546914E-20 -1.518620983086E-20 -9.119136237738E-21 -3.046590923616E-03
  3.768754008012E+02  3.815885318133E+02  2.329766277381E+01  6.304261395325E-14 -1.746717972336E-01  5.453533400668E+02  6.658397310812E-01  8.352439678311E-01 -4.860104345138E-01 -7.529392311422E-03 -4.048561945295E+00  3.393790331806E+00 -1.737462444598E-02  3.920424734153E-03  1.345419971221E-02 -4.799980706845E-02 -1.830537022918E-03  5.028160064443E-07  9.753215049091E-06  2.593920042556E-06  9.606199427222E-02 -5.028160140226E-07  9.396389751985E-03  3.114066082005E-20  2.403721851166E-21  1.512217716297E-20 -3.008196077227E-03
  3.863016628253E+02  3.911561877677E+02  2.335476905188E+01  6.810742826195E-14 -1.687580181369E-01  5.479652229865E+02  6.573666631331E-01  8.271089540972E-01 -4.763302125758E-01 -7.436413949007E-03 -3.920971044879E+00  3.427822389034E+00 -1.810095986140E-02  7.750850365532E-03  1.035010949603E-02 -4.854302546717E-02 -2.675483986432E-03  2.304612229708E-06  9.198829083194E-06 -4.989648880300E-06  9.811594450816E-02 -2.304612198633E-06  1.062837519467E-02 -3.340194757733E-20 -4.852195351777E-21  2.594053111936E-20 -3.096544065821E-03
  3.960107127100E+02  4.010108734007E+02  2.341673643748E+01  7.240187963053E-14 -1.617068410964E-01  5.508065173932E+02  6.494118709686E-01  8.220298809741E-01 -4.668284946604E-01 -6.992401014501E-03 -3.769180533509E+00  3.472530110857E+00 -1.866232220420E-02  1.168278980988E-02  6.979532394304E-03 -5.066381029616E-02 -3.099297656564E-03 -4.431445967060E-08  7.719863622495E-06 -1.510296051805E-05  1.020568873599E-01  4.431451805896E-08  1.115208459548E-02 -1.115951496787E-22  2.189962270442E-20  1.930638555463E-20 -3.235121539862E-03
  4.060110340913E+02  4.111611996027E+02  2.348231037326E+01  6.804870671580E-14 -1.547573962130E-01  5.538208547807E+02  6.413929832159E-01  8.190220669793E-01 -4.565234564794E-01 -6.679614297048E-03 -3.619245074174E+00  3.516330496227E+00 -1.960732526079E-02  1.568459381601E-02  3.922731445191E-03 -5.254515747667E-02 -3.294253602094E-03 -4.625169222809E-06  5.459726311523E-06 -1.390258775465E-05  1.033440506485E-01  4.625169132461E-06  1.167281705050E-02 -2.510101540261E-20 -7.469684618164E-21 -6.661937348356E-21 -3.315040764198E-03
  4.163113651141E+02  4.216160355908E+02  2.354974292043E+01  6.027683560617E-14 -1.466630973248E-01  5.569313220391E+02  6.328758117925E-01  8.179754778561E-01 -4.463839850794E-01 -5.832491839373E-03 -3.444022915138E+00  3.560400942642E+00 -2.070435721997E-02  1.968832863665E-02  1.016028584101E-03 -5.356792414962E-02 -3.925370232607E-03 -3.721090354648E-06  4.362990129901E-06 -1.566180642628E-05  1.042672294570E-01  3.721090390409E-06  1.387066060726E-02  6.157437270136E-21  9.983740234378E-21  1.837929972034E-20 -3.380446949446E-03
  4.269207060675E+02  4.323845166585E+02  2.362055821338E+01  5.155437650857E-14 -1.364212333691E-01  5.602129389383E+02  6.241295924399E-01  8.177940938793E-01 -4.356401190640E-01 -5.383466997610E-03 -3.214127536762E+00  3.617276156412E+00 -2.130462040917E-02  2.364251827012E-02 -2.337897862158E-03 -5.490526618279E-02 -4.950032760635E-03 -3.364160232340E-06  3.552245455714E-06 -1.546420917920E-05  1.075316218276E-01  3.364160090813E-06  1.486183729968E-02 -1.441534512321E-20  4.527707403985E-21  2.702029972452E-21 -3.509590382528E-03
  4.378483272495E+02  4.434760521583E+02  2.369662003534E+01  3.894145422789E-14 -1.264739851636E-01  5.637436129869E+02  6.154143073248E-01  8.153058844684E-01 -4.246735559610E-01 -4.395609437677E-03 -2.992080055210E+00  3.690400832531E+00 -2.206478499669E-02  2.768527206687E-02 -5.620487070007E-03 -5.783129556264E-02 -4.417591106927E-03 -3.508020779472E-06  3.078793098424E-06 -1.296838617761E-05  1.120852754169E-01  3.508020799096E-06  1.318265825309E-02  3.063494461535E-20 -1.631458085886E-21 -1.111021085599E-20 -3.724809973447E-03
  4.491037770670E+02  4.549003337230E+02  2.377826031044E+01  2.626219265204E-14 -1.179302395378E-01  5.675537861579E+02  6.070300523691E-01  8.106228497182E-01 -4.137084276596E-01 -3.761608173082E-03 -2.795048341777E+00  3.753933079789E+00 -2.226815887394E-02  3.112254710275E-02 -8.854388228099E-03 -6.093674602249E-02 -3.410139736623E-03 -1.138249505847E-05  1.575075691034E-06 -1.166627074138E-05  1.134838513352E-01  1.138249487946E-05  9.119148899541E-03 -1.144135884377E-20 -4.486681508341E-21  1.049591527855E-22 -3.852370291387E-03
  4.606968903790E+02  4.666673437347E+02  2.386106374819E+01  2.039337217615E-14 -1.132597138985E-01  5.714198169038E+02  5.992636489404E-01  8.087072691598E-01 -4.024245096055E-01 -2.766004622719E-03 -2.689373472657E+00  3.800032874487E+00 -2.367910584663E-02  3.402968600802E-02 -1.035058016064E-02 -6.194043381140E-02 -2.367034909936E-03 -1.222262547234E-05 -5.818190703125E-08 -6.413567330572E-06  1.118922306879E-01  1.222262540240E-05  7.389894004880E-03  3.619137389076E-20 -5.918127686767E-21 -9.532830607193E-21 -3.827342861666E-03
  4.726377970904E+02  4.787873640468E+02  2.394524959588E+01  2.647241106879E-14 -1.068758020029E-01  5.753695291587E+02  5.915107328291E-01  8.024182565932E-01 -3.906756775741E-01 -1.940114956456E-03 -2.542386234828E+00  3.861504047378E+00 -2.390426959182E-02  3.669607560589E-02 -1.279180601601E-02 -6.102924561922E-02 -2.260017685911E-03 -6.473048301466E-06  7.226337839414E-07 -2.447812870442E-07  1.125472445135E-01  6.473048370031E-06  5.633208413387E-03 -6.867553412139E-21  1.532968280510E-20 -9.094871202374E-21 -3.901508795991E-03
  4.849369310031E+02  4.912709849682E+02  2.403409192843E+01  3.722064439067E-14 -1.045553924245E-01  5.795509577749E+02  5.826190086954E-01  7.911200690905E-01 -3.789682674344E-01 -1.223266176555E-03 -2.492175097372E+00  3.933383956224E+00 -2.426576745401E-02  3.975673546329E-02 -1.549096800939E-02 -6.371890719239E-02 -7.462959258377E-04 -8.722750585909E-07  2.029441229244E-06 -8.775241533981E-07  1.132161649400E-01  8.722749987106E-07  3.032257592328E-03  2.738070227535E-21  3.072242135648E-21 -6.642742632218E-21 -4.019312496911E-03
  4.976050389332E+02  5.041291145172E+02  2.412456745172E+01  5.056797688918E-14 -1.020543066494E-01  5.838276102131E+02  5.719780789488E-01  7.751374941325E-01 -3.670950616946E-01 -4.388862825967E-04 -2.436329975753E+00  3.989091572561E+00 -2.492900550083E-02  4.263291005545E-02 -1.770390455604E-02 -6.480949482486E-02 -1.564378567102E-04 -2.178063437237E-06  3.232379337023E-06 -1.329708714513E-06  1.131453336156E-01  2.178063575865E-06 -4.388369612567E-04 -3.734047702493E-20 -8.604370872221E-21 -5.994024327933E-21 -4.095046973536E-03
  5.106531901012E+02  5.173729879527E+02  2.421869197101E+01  6.144903683114E-14 -1.052745441272E-01  5.882945185866E+02  5.597435786868E-01  7.621394146458E-01 -3.547695867023E-01  4.196541157716E-04 -2.517151230609E+00  4.053604397891E+00 -2.484999264304E-02  4.543891004037E-02 -2.058891739720E-02 -6.667604349384E-02  2.322453456797E-03 -3.896937486555E-07  6.131573510738E-06 -5.414065330686E-06  1.152378119151E-01  3.896937676240E-07 -3.193874364100E-03  1.067533234310E-20 -8.564115730030E-21  8.199370139033E-21 -4.256170285329E-03
  5.240927858042E+02  5.310141775913E+02  2.431816999751E+01  5.886463770125E-14 -1.074245762879E-01  5.930417754074E+02  5.473858481957E-01  7.425990215849E-01 -3.425432589239E-01  1.038303533985E-03 -2.575178193603E+00  4.133559696156E+00 -2.615635106514E-02  4.793865351265E-02 -2.178230244740E-02 -6.945252128516E-02  1.718133677361E-03  7.353686181354E-06  5.817382480378E-06 -9.721633665191E-06  1.170882598495E-01 -7.353686247231E-06 -4.554888031078E-04 -2.906576347006E-20 -6.619848948596E-21  1.678282824222E-20 -4.400283158959E-03
  5.379355693784E+02  5.450646029190E+02  2.442126261762E+01  5.148675351803E-14 -1.060473097348E-01  5.979812821305E+02  5.348137577282E-01  7.219404856412E-01 -3.306726649817E-01  2.243869134062E-03 -2.544762127620E+00  4.195215674063E+00 -2.553090472776E-02  4.939076583714E-02 -2.385986110969E-02 -7.118600707112E-02  7.330674876394E-04  8.253728587253E-06  2.516709595071E-06 -8.735861591293E-06  1.169206686484E-01 -8.253728620641E-06 -1.108328383492E-03  3.137350151737E-20  9.464256550794E-21 -4.818772194112E-20 -4.448035864210E-03
  5.521936364597E+02  5.595365410066E+02  2.452649516485E+01  5.303968838207E-14 -1.093580005399E-01  6.030433342671E+02  5.214524385467E-01  7.141504775463E-01 -3.180474496433E-01  3.063487711401E-03 -2.637825255670E+00  4.233409000397E+00 -2.458766768583E-02  5.003155637302E-02 -2.544388868724E-02 -7.098140728217E-02  2.177355036648E-03  7.371596137994E-06  7.381039387595E-07 -5.472462276184E-06  1.144558066932E-01 -7.371596136214E-06 -2.638485995462E-03 -3.427775492072E-20 -7.796508206883E-21  3.367821605594E-20 -4.395329796961E-03
  5.668794455535E+02  5.743794455535E+02  2.463133343137E+01  5.912009192384E-14 -1.108539567433E-01  6.081173018529E+02  5.077896285922E-01  6.942142334179E-01 -3.062437281952E-01  4.257376616232E-03 -2.685722967270E+00  4.242999227502E+00 -2.324696934479E-02  4.918416044412E-02 -2.593719110021E-02 -6.895949035513E-02  1.282524354230E-03  1.574508792741E-06 -2.420422886973E-06  2.209442055319E-06  1.101545617452E-01 -1.574508802544E-06 -1.511569467875E-03  1.520899272571E-20  1.039129361662E-21  1.306996040419E-20 -4.240053387675E-03
  5.818794455535E+02  5.893794455535E+02  2.473303380685E+01  6.159172940186E-14 -1.122028339026E-01  6.130736665222E+02  4.946770125531E-01  6.766193247317E-01 -2.940090564078E-01  5.150297763091E-03 -2.732370529349E+00  4.165502200170E+00 -2.129968168824E-02  4.621794708422E-02 -2.491826539622E-02 -6.561802252261E-02  4.048956335587E-04  1.600472257862E-06 -3.830271191827E-06  4.028954236166E-08  1.042320244838E-01 -1.600472252640E-06 -1.200210280699E-04 -1.917514414365E-20 -9.162069070675E-21  2.262517693008E-20 -3.944497668721E-03
  5.968794455535E+02  6.043794455535E+02  2.482676129830E+01  6.289706371472E-14 -1.111510804790E-01  6.176626137552E+02  4.817878832851E-01  6.583060775419E-01 -2.821665730184E-01  6.067530485823E-03 -2.716851830377E+00  4.108180854244E+00 -1.943318554372E-02  4.406231303515E-02 -2.462912749152E-02 -6.082413220561E-02 -2.088384934224E-04  4.167638970043E-06 -2.676262877514E-06  5.269700799237E-06  1.006275748966E-01 -4.167638978793E-06  3.727718461526E-03  2.707113540394E-21  2.565558092319E-20  1.824114240332E-21 -3.723790717977E-03
  6.118794455535E+02  6.193794455535E+02  2.492172862231E+01  6.648512874500E-14 -1.053127627494E-01  6.223360407670E+02  4.688785927268E-01  6.368392398010E-01 -2.708784158155E-01  6.915542902821E-03 -2.585542533401E+00  4.051715400253E+00 -1.714265129889E-02  4.099460272359E-02 -2.385195142425E-02 -5.850259294878E-02 -1.884899337476E-03  3.637230021468E-06 -2.524366098702E-06 -2.345340379815E-06  9.875206181992E-02 -3.637230031245E-06  6.030025717849E-03  2.365677254149E-21  1.787806958165E-21  3.371871366524E-20 -3.566978001609E-03
  6.268794455535E+02  6.343794455535E+02  2.501198051679E+01  6.728261929082E-14 -9.989787556483E-02  6.267862031004E+02  4.564341504594E-01  6.119740951023E-01 -2.595201275866E-01  7.279157891381E-03 -2.463323115510E+00  3.988270603809E+00 -1.485467430874E-02  3.782993472570E-02 -2.297526041621E-02 -5.519514605516E-02 -2.165766378824E-03  1.136752254712E-06 -5.127271611164E-06 -6.564854398677E-07  9.382655916156E-02 -1.136752212386E-06  7.401165840929E-03  1.556764208135E-20  9.057340285563E-21  1.047222874363E-20 -3.332787282992E-03
  6.418794455535E+02  6.493794455535E+02  2.509766707254E+01  6.085733653127E-14 -9.143398532078E-02  6.310261310159E+02  4.447986852835E-01  5.927958178547E-01 -2.484447269932E-01  7.831563754499E-03 -2.265629303114E+00  3.932710124241E+00 -1.056924429914E-02  3.410822197084E-02 -2.353897767284E-02 -5.136957370101E-02 -2.825331816994E-03  1.423864386240E-06 -8.078699304626E-06 -1.308100254843E-06  8.863382306301E-02 -1.423864495685E-06  1.153002030947E-02 -1.893320715730E-20 -2.602181630968E-22  8.367135228006E-22 -3.089387091568E-03
  6.568794455535E+02  6.643794455535E+02  2.517814717195E+01  5.535195450139E-14 -7.825545255164E-02  6.350168943920E+02  4.336388967904E-01  5.720379833646E-01 -2.378034647185E-01  7.989034422465E-03 -1.944836080667E+00  3.878328589519E+00 -6.416825710071E-03  3.073491084760E-02 -2.431808513723E-02 -4.726327480082E-02 -4.626752503178E-03  5.600870054587E-06 -7.469983901487E-06  2.944107870105E-06  8.117782318926E-02 -5.600870011031E-06  1.301326410383E-02 -4.406723052816E-21 -8.035394403452E-21 -1.685177835251E-20 -2.796185575757E-03
  6.718794455535E+02  6.793794455535E+02  2.524986895560E+01  5.541853897080E-14 -6.698694659122E-02  6.385864679833E+02  4.227063151421E-01  5.562913876916E-01 -2.266791018288E-01  8.065786510028E-03 -1.666753213968E+00  3.832626741732E+00 -1.177769291562E-03  2.656367763413E-02 -2.538590834204E-02 -4.219600509606E-02 -3.859975661319E-03 -3.917236972111E-07 -6.172324065520E-06  3.368456371065E-06  7.366154191589E-02  3.917235972756E-07  1.184786009392E-02 -1.935409723537E-20 -1.469661443675E-20  2.382711233862E-22 -2.506968181340E-03
  6.868794455535E+02  6.943794455535E+02  2.531622009774E+01  5.341410184527E-14 -5.600437330916E-02  6.418896509488E+02  4.117419906537E-01  5.374144397314E-01 -2.158357556719E-01  7.724197646023E-03 -1.395739980965E+00  3.801349933031E+00  4.098336076865E-03  2.262176669232E-02 -2.672010276888E-02 -3.850088871502E-02 -3.524181074954E-03 -5.456386895882E-06 -5.331080457886E-06  3.789346439483E-06  6.806644546637E-02  5.456386912895E-06  1.183327729070E-02 -1.130318273581E-20 -1.572564059244E-20 -4.950146916908E-21 -2.302934033755E-03
  7.018794455535E+02  7.093794455535E+02  2.537746391415E+01  4.697024829266E-14 -4.478566555188E-02  6.449515795534E+02  4.007663172822E-01  5.253600291153E-01 -2.049611666157E-01  7.821780895049E-03 -1.120417680393E+00  3.755924227460E+00  8.652291742324E-03  1.895999824445E-02 -2.761228998708E-02 -3.514741295816E-02 -3.606639954956E-03 -5.267165787274E-06 -4.147587821554E-06  2.558759602468E-06  6.330962627339E-02  5.267165729974E-06  9.954358783940E-03  1.356969181089E-20 -1.480148287426E-20  2.254993139770E-20 -2.103528785685E-03
  7.168794455535E+02  7.243794455535E+02  2.543492353290E+01  4.650803816138E-14 -3.737315356430E-02  6.478327018180E+02  3.882079073542E-01  5.089347187405E-01 -1.943507630927E-01  7.044469532497E-03 -9.354560996917E-01  3.747198516874E+00  1.328081428240E-02  1.591123795439E-02 -2.919205223736E-02 -3.272978673694E-02 -2.149632111886E-03 -4.852323336576E-06 -5.575919441540E-06 -1.290099907064E-06  6.159496130916E-02  4.852323389781E-06  6.023708586640E-03 -3.130584031155E-20  6.826932898493E-21 -1.271075049158E-21 -2.056331320528E-03
  7.318794455535E+02  7.393794455535E+02  2.549294125063E+01  4.766060116013E-14 -3.356498137629E-02  6.507469769287E+02  3.756125042194E-01  4.962657004860E-01 -1.834115338147E-01  6.855447637414E-03 -8.459725666689E-01  3.734683225036E+00  1.768241113721E-02  1.316263090727E-02 -3.084504204638E-02 -3.281985479698E-02 -6.685545709215E-04 -2.174421438463E-06 -5.519782190255E-06 -4.720452354544E-06  5.819482631693E-02  2.174421387683E-06  1.428630415841E-03 -1.089557312475E-20  1.745570596202E-20  2.367609533560E-20 -1.961040692343E-03
  7.468794455535E+02  7.543794455535E+02  2.554403889944E+01  4.591095732753E-14 -3.470869404943E-02  6.533205059732E+02  3.628292647082E-01  4.823082251501E-01 -1.722533062954E-01  6.510805008260E-03 -8.792098015602E-01  3.720241029994E+00  2.203256075404E-02  1.032297900032E-02 -3.235553975600E-02 -2.997796613510E-02  6.063015086542E-04 -1.639270736869E-06 -5.629161800786E-06 -1.551385757031E-06  5.584266119168E-02  1.639270780437E-06 -1.778472516152E-03 -1.653822071875E-21  9.211524254771E-21 -1.926750933354E-20 -1.861095599623E-03
  7.618794455535E+02  7.693794455535E+02  2.559766023879E+01  4.495965752471E-14 -3.687440937329E-02  6.560288588257E+02  3.494011061279E-01  4.688421719723E-01 -1.616809883628E-01  6.222289870017E-03 -9.353815381304E-01  3.721812564947E+00  2.582831609693E-02  7.544243979461E-03 -3.337256007487E-02 -2.984216079162E-02  1.050499678223E-03 -4.336737828671E-06 -1.020774977620E-05 -1.807926378715E-09  5.549693953669E-02  4.336737808683E-06 -3.580172597954E-03  2.303180833576E-20  1.040832439998E-20  1.865035203683E-20 -1.825926729374E-03
  7.768794455535E+02  7.843794455535E+02  2.564812076881E+01  4.048697141434E-14 -4.142941233691E-02  6.585822747490E+02  3.367395594857E-01  4.618258629343E-01 -1.506455495144E-01  5.859719386211E-03 -1.055142509996E+00  3.693565054396E+00  3.205505908841E-02  3.781591411656E-03 -3.583665050023E-02 -2.812907684929E-02  1.889255267512E-03  3.426026744320E-06 -1.187126939611E-05  4.076969526565E-06  5.201078112532E-02 -3.426026765488E-06 -5.395585370591E-03  9.350414876063E-21  7.483680214594E-21  2.032753503439E-20 -1.682177782969E-03
  7.918794455535E+02  7.993794455535E+02  2.569521069685E+01  3.427097668152E-14 -4.701674696653E-02  6.609683467728E+02  3.238401984618E-01  4.516363114247E-01 -1.404123217795E-01  5.911094051094E-03 -1.198611105776E+00  3.674630022023E+00  3.447737078942E-02  1.713075938991E-03 -3.619044673061E-02 -2.579672447335E-02  1.550303638616E-03 -8.846861446238E-07 -1.144630999812E-05  6.137793988293E-06  4.732775638078E-02  8.846861332302E-07 -6.816868653439E-03  1.988469369082E-20  2.185819713289E-21  2.599164433296E-20 -1.529446983900E-03
  8.068794455535E+02  8.143794455535E+02  2.573688216865E+01  2.916368766851E-14 -5.421958705671E-02  6.630829840765E+02  3.117788225372E-01  4.388781876639E-01 -1.298596701542E-01  5.322730627393E-03 -1.387557079031E+00  3.657231906569E+00  3.944146131173E-02 -1.700021017865E-03 -3.774144029517E-02 -2.328181739187E-02  2.002148753672E-03  1.856483420036E-06 -1.289440888749E-05  6.502389347115E-06  4.201363374840E-02 -1.856483492159E-06 -9.341400908994E-03 -9.473173212132E-22 -7.679142220261E-21 -1.100931069398E-20 -1.396144695192E-03
  8.218794455535E+02  8.293794455535E+02  2.577398269131E+01  2.152526883588E-14 -6.450307848345E-02  6.649728824585E+02  2.994628457660E-01  4.264111677627E-01 -1.195866078943E-01  5.152361237559E-03 -1.655040458839E+00  3.646754087945E+00  4.501736158481E-02 -5.112989532101E-03 -3.990437205313E-02 -2.137527992625E-02  2.930138648903E-03  7.980718773651E-07 -1.150588988039E-05  9.576584066861E-06  3.884128828091E-02 -7.980719248382E-07 -1.339607750180E-02  4.789421983923E-21 -1.825851664061E-20 -4.343296678704E-21 -1.294909453198E-03
  8.368794455535E+02  8.443794455535E+02  2.580969466540E+01  1.645011788824E-14 -7.932118548960E-02  6.667935439286E+02  2.858694675581E-01  4.143522367040E-01 -1.092303565353E-01  5.054345088284E-03 -2.037857281933E+00  3.638010591077E+00  5.115065668749E-02 -8.621584809499E-03 -4.252907187807E-02 -2.016540822894E-02  4.398090680077E-03 -1.713153769929E-06 -1.097411539318E-05  2.572137703513E-06  3.629831484901E-02  1.713153725084E-06 -1.344030874301E-02  5.812187204433E-21  7.891296469321E-22  7.864452878343E-21 -1.208898091556E-03
  8.518794455535E+02  8.593794455535E+02  2.584202187063E+01  1.739090411031E-14 -8.969597284533E-02  6.684486798608E+02  2.714170693130E-01  4.034902499315E-01 -9.916136178162E-02  4.863972763473E-03 -2.307328851188E+00  3.626467554485E+00  5.595520777922E-02 -1.190602418075E-02 -4.404918359944E-02 -1.822602375237E-02  3.471811196151E-03 -1.346428069909E-06 -1.292309838341E-05 -2.925054890741E-06  3.146327640842E-02  1.346428048661E-06 -1.152772251146E-02  1.251986822394E-20 -6.511230393208E-21  2.170271436460E-21 -1.042922801496E-03
  8.668794455535E+02  8.743794455535E+02  2.586866846808E+01  2.065812625129E-14 -1.009584112858E-01  6.698172125249E+02  2.553235983496E-01  3.973005615707E-01 -8.894876181049E-02  4.516968596754E-03 -2.599231066230E+00  3.621850123358E+00  6.142139670046E-02 -1.482568537475E-02 -4.659571132540E-02 -1.525478687057E-02  3.852748424241E-03 -5.916690123622E-07 -1.253684280612E-05 -4.472459409202E-06  2.662789201491E-02  5.916690088650E-07 -9.830317217289E-03  2.376709168914E-21  2.976778587610E-21  2.515784719990E-20 -8.915218826897E-04
  8.818794455535E+02  8.893794455535E+02  2.589195030279E+01  2.069745156513E-14 -1.081573262204E-01  6.710138896664E+02  2.379638487667E-01  3.918991118009E-01 -7.884598335667E-02  4.339576084019E-03 -2.788218989878E+00  3.617584104160E+00  6.659533989332E-02 -1.817171890422E-02 -4.842362098865E-02 -1.351658983085E-02  2.645895284150E-03  3.291720462185E-06 -1.002301567623E-05 -1.498621790198E-06  2.438376818582E-02 -3.291720457037E-06 -8.179014429919E-03  1.260694107655E-20  7.396394217873E-22 -5.903585699026E-21 -8.161013815142E-04
  8.968794455535E+02  9.043794455535E+02  2.591441512420E+01  1.819401082339E-14 -1.162536253990E-01  6.721657972213E+02  2.190241210705E-01  3.870764206879E-01 -6.843593545503E-02  3.790013415000E-03 -2.995796751841E+00  3.615725771097E+00  7.076003701312E-02 -2.056352275996E-02 -5.019651425308E-02 -1.260558186902E-02  2.653184587449E-03  6.541019964951E-06 -8.616367049183E-06 -4.309715765754E-06  2.207495568694E-02 -6.541020045508E-06 -8.018921918923E-03  1.160505704730E-20  5.266275456023E-21  1.723421720637E-20 -7.117116562046E-04
  9.118794455535E+02  9.193794455535E+02  2.593335307905E+01  1.890553772560E-14 -1.231702321830E-01  6.731413191347E+02  1.999345294417E-01  3.839928179915E-01 -5.783552834551E-02  3.350357711439E-03 -3.175867630932E+00  3.611168162802E+00  7.499839910464E-02 -2.287429844012E-02 -5.212410066572E-02 -1.019785120586E-02  2.284494536211E-03  8.387551629487E-06 -9.846992368746E-06 -9.317943579095E-06  1.870051624099E-02 -8.387551640958E-06 -8.900700612232E-03  3.154001814568E-21  4.217285230778E-21 -9.439624329431E-21 -5.832001328400E-04
  9.268794455535E+02  9.343794455535E+02  2.594946236497E+01  2.573847674344E-14 -1.329492485808E-01  6.739717210665E+02  1.791610741955E-01  3.850716999881E-01 -4.758104954685E-02  2.752989643703E-03 -3.428790823466E+00  3.615174162330E+00  8.005125387227E-02 -2.480521293781E-02 -5.524604093586E-02 -8.725935305147E-03  3.194286248444E-03  9.024637650379E-06 -6.867937896583E-06 -7.541963586951E-06  1.546505198351E-02 -9.024637576523E-06 -1.120188048426E-02 -9.327643312496E-21 -4.811200507536E-21  1.533040314755E-21 -5.058313604093E-04
  9.418794455535E+02  9.493794455535E+02  2.596233436619E+01  3.250877749864E-14 -1.441890570777E-01  6.746315760530E+02  1.556857083941E-01  3.904814898610E-01 -3.684700510529E-02  1.836387117871E-03 -3.717101578168E+00  3.614920560314E+00  8.210959647702E-02 -2.605673781204E-02 -5.605285866445E-02 -7.506237230310E-03  3.250423037255E-03 -5.929962999453E-07 -6.305332937972E-06 -2.304741618266E-06  1.157276908500E-02  5.929962903448E-07 -1.027798290313E-02  1.231002983639E-20  3.250463206117E-21  3.786751280421E-20 -4.167140028003E-04
  9.568794455535E+02  9.643794455535E+02  2.597114713984E+01  2.730911662895E-14 -1.522168616522E-01  6.750892756155E+02  1.271292046114E-01  4.038452856031E-01 -2.670325027194E-02  1.194078619759E-03 -3.926548364116E+00  3.566462085322E+00  8.120105282356E-02 -2.719208095340E-02 -5.400897187080E-02 -5.786882057820E-03  1.907738308812E-03 -4.250100313032E-06 -6.826517746091E-06  4.270979141237E-06  1.016258726504E-02  4.250100058751E-06 -9.740581900474E-03 -4.902036578192E-21  5.610413727929E-21 -2.787879409028E-20 -3.655327302536E-04
  9.718794455535E+02  9.793794455535E+02  2.598139383736E+01  1.367363817659E-14 -1.624371482310E-01  6.756079137987E+02  1.110893694414E-01  4.238273857100E-01 -1.502484600766E-02  4.048455595724E-04 -4.189526227707E+00  3.871941406104E+00  3.974460559565E-02 -3.532698546188E-03 -3.621190705093E-02 -6.157939357516E-03 -1.738697823836E-04 -4.841205119975E-06 -3.057513385426E-06  2.097679129204E-06  1.344547789618E-02  4.841205303087E-06 -8.485907711295E-03 -8.944260185796E-22 -5.433691223161E-21 -1.851588888330E-20 -4.187438572120E-04
  9.868794455535E+02  9.943794455535E+02  2.599634717472E+01  3.284825392016E-15 -1.681471646815E-01  6.765672817436E+02  4.690904515045E-02  5.713449762627E-01 -4.392361089188E-03  7.432354311945E-04 -4.340815430450E+00  3.583216281360E+00  5.682501784352E-02 -2.104236189032E-02 -3.578265594883E-02 -2.022381849384E-03  5.264499435562E-03 -7.046031260477E-06 -7.376005225774E-07 -2.450641700379E-06  7.985222586783E-03  7.046031107415E-06 -3.037832095500E-03  1.529117930388E-20 -7.429227825362E-21 -8.586753957029E-21  6.748551619392E-05
